-43.803677956607004
-40.343108817986774
29.200862076253173
-28.785363807886725
-16.127469654363622
-76.75581705575331
99.1374630520921
-38.53989797222821
9.968314929250496
48.8992416356067
-18.38872851166373
47.484590310505865
-78.10452200912421
10.106561023178202
-0.44045394716916064
48.847202845328354
-64.18813185134438
-60.258844373375474
-61.22441762774855
78.66387715314994
41.91860347213208
65.88348101011943
-54.375254951608376
62.26790532194647
98.28801678258537
-79.00289712495008
86.96236118684095
54.03749371387471
44.1399092896049
-43.030906811229364
-22.197842905459126
75.80609334812573
-61.376070799871925
-91.90725627973617
31.354330380301064
-91.93395834273662
61.547081239857334
-56.18596563110436
14.870959082783088
-98.8172940243294
45.09178855268118
76.3947066493667
99.59237468947194
-2.5751533655037377
85.29960806648572
72.68919913854049
-67.70872361602315
-47.562798588877754
-36.55920177163865
73.98124473644936
-21.023495959182824
53.85959936027095
43.41655976261234
-99.94047294058707
22.833828914601213
-62.121492148138714
-14.037023357394432
16.655908742806787
-64.01608952634334
1.6900198638478088
-20.22393376248364
76.4082423588215
51.18112272157509
-42.521471537632216
-19.956727759375426
16.358285745129407
-9.334610612127904
-86.31670873508317
-97.77963415310037
27.51681127729657
56.81493370010969
-79.27184042087242
-24.905889511910445
-30.057312202188086
-63.25031897134406
-71.4936989970403
50.63108904092363
82.3597724330632
71.56046065432497
54.33046726631727
-78.33597511715703
-2.63414157675183
-66.88988460242531
-81.57056818020189
-45.432805155809255
-43.61243442823466
87.38241413095909
19.07901285812457
5.7760654515357714
85.90468701026637
-72.86703548849817
13.441301671976774
-64.77959934709314
-78.87881441190984
-30.030962653163613
-18.645799438053288
6.423055015206174
-90.34379196417781
11.159592149740888
8.341035861699453
-44.114917696042276
-66.87175740873369
-18.851903436513922
75.21680466320836
46.154012604270946
85.63682669502927
91.19444417186196
-80.65799518518676
-93.17785350898886
-50.41818663818427
-0.46092711533228226
72.24941521250358
-31.58598965389254
58.23918074792172
-11.758686489647545
33.152660511179306
-43.09042008090245
35.176889011536616
-82.95715574432998
-37.29889806516917
37.003136916552165
-43.57535915847972
28.18549827678507
83.26801396262508
-28.40959057879344
-95.79310131937441
86.68403278135742
-0.3456873017923243
-92.83716105129297
-74.82411707310179
-53.50223002743626
52.23173998694921
33.36468795502654
-97.44612632295929
5.495833357206735
60.936122833413634
66.41746754765822
77.4491678502207
22.5590233258433
-55.980109391217205
76.42080961099387
60.66654967380691
-39.808218579002094
28.204677844386993
1.473848195621045
4.38219149164776
-35.927033072256506
-13.973082665894879
81.21117234277756
25.161565399087166
64.52985180125256
80.11980873379323
9.337481508450992
48.49494743515447
-37.816685116772256
-2.523359868903597
86.99159360893921
-35.979831341599194
65.10850302656672
-74.24353725908517
47.01230527387392
-17.61867034036186
-97.91150403559273
-6.674449624130503
-34.17313661091083
61.69177337836794
88.05204536764828
-69.20561342427787
-18.605056368010835
-53.42613862220045
-84.13430230042009
97.62851841187165
-96.8645089624389
-63.212512299267985
59.77699308630085
34.20303682731637
-3.556055549760373
-60.98535005144004
-15.335463931544012
32.86575860621633
-59.17910218148727
61.62953027457917
12.236655375813669
-40.15987331855138
-81.15124347061399
81.41065572986798
-68.30581970611702
-48.99062774781899
-0.4743077740224919
66.18664080586208
-98.35304994801236
-75.0266505617165
51.973348790891805
76.43770347303402
-11.790266561058814
-43.448798130421395
-17.016882476676926
17.370232899216816
42.44213507042551
36.18570470043082
-90.91771455041264
-85.30650816035843
19.178911019433784
50.65680790706148
-24.56765265240952
70.77299607488047
11.96159302129746
-32.9322731559993
97.77178377139361
91.44491532842542
88.80883518470478
-26.627084497918574
87.6045729530864
-56.91085641032954
92.06311515455724
96.42252208928855
15.039924863717303
-15.624094187198352
-61.467816435537735
32.54204240571693
-4.2233018048179645
15.724280066944957
38.19093226169147
79.35412545338974
-81.10544319505588
1.2972384428149297
47.61093801624605
92.68203034501249
31.48885165077195
68.56128563501511
-31.19972272569622
55.038396440180605
13.167273925270777
-68.29297397064902
43.18953522632444
-12.295429864343376
60.13099952720975
-77.32510420462766
58.458727692914636
61.37669373341143
-22.30565164761896
23.55672289739097
-26.909157853892253
-57.65291483482149
-76.50781462892186
-77.50039351024785
72.92084020273458
7.450048497921273
-18.514166041709473
-71.96824287220002
-73.86047385480718
-4.377046993879972
-51.990014906711444
-71.28122866466549
81.56344456542973
83.36488179882937
-12.586421189590325
-50.517010002495375
-14.174166289471543
-78.44876827538363
-86.9005337769221
47.0042793097206
-63.8886607107042
-50.54640482488506
-90.52574675386967
-24.244260300692133
19.278500314289815
56.55413772038719
77.13238121086826
22.705015290290646
0.1314661333636309
-33.45219750819899
-70.47295778922538
-27.335591008151013
-92.24264175235916
14.45669812309734
-47.30874305350514
56.69254762988905
-18.82289851466257
-81.92664729594121
30.21871177828467
-13.919113570882331
-65.70896425173717
3.8968780708866575
-54.848111580645266
8.042957652014437
-25.789730802549997
17.776720709463987
3.974784666690809
-12.860483834556533
-85.53133920394976
67.32710983933538
-53.41537738375115
11.18660891052295
-60.683596611391685
-43.35847656919363
72.61599831631176
33.5886201154716
70.61296631692659
-59.57846454706763
-37.08898247355148
73.4400951123603
-64.01663269172566
62.94905439818436
-74.4903911374831
33.56242196244844
0.6104263727308279
-62.464478682836685
-51.4754036518581
-9.357251174417186
-64.84281628854768
52.601620907570606
59.504583460788666
21.633103229699785
50.61988799354796
2.4520155836707005
47.59221573500349
-99.87321312462736
-93.76273245903907
71.31263730759753
54.87783821332266
-51.0294352199316
-91.94725339418532
-61.730668583907786
67.89080622984349
-26.457679505822853
-12.076252412003186
-65.93786390129297
33.581350417076834
-99.92351594830504
-49.45572394409745
-17.94104540958965
37.70415661041383
-26.623958591577363
59.60801962158314
89.24169643293561
28.23419247954908
54.05125106739001
-40.35810561991906
34.089265272324894
-99.25738243601738
-77.26870993745263
-33.277119941433625
97.88180596473194
6.855885289970857
52.88680156327243
-91.3477033717671
61.3928606537616
10.047248763136281
-98.5978898084289
-19.07826026376962
-58.92156802495898
-91.86863697314882
85.52635143293637
-93.97803883185519
73.70558955034886
-19.443096722607024
44.138828342339366
-49.598995279772275
97.89680550888707
-4.013561110863634
-0.02933502496875917
3.9380287653041393
25.926735468807948
88.53851099417963
-19.55881816596292
26.597605094707504
-11.282396879062134
-86.88018078825384
-94.97446620757356
87.82144573642981
-81.73661415387505
18.01052293742748
-66.30884030663302
-70.01047968647364
-34.66030314716515
-97.28893922630017
-99.13805038578533
-50.382230236509784
66.56623020650213
-0.7951686776695936
28.710206673374984
-61.22056848298556
-39.95708480866635
90.19435142378265
34.635873613845405
-81.88163099612306
-28.99527598133264
-78.16220565803427
27.802410284305495
33.11071016761815
-81.92407398490764
88.5058672809325
-28.36732670580828
-74.78354065908144
7.292366859988022
-19.18303169916132
75.96138036057283
3.7506353307399536
-62.023339975969115
-45.60461483976259
81.522448933487
-44.212301811761215
87.84005231469354
-95.01587591263596
-2.605869529559101
53.67192614327496
-88.59854539597876
81.13680578064043
-73.53441949462825
-49.28198588654331
5.474540355502924
-32.26124970264573
-34.024924075653075
-30.28236972853857
38.547547995579976
-35.34816070228766
79.62179742241611
-60.70376491090297
91.38341400296318
-41.01004319936958
-37.55811170807277
-36.84248129134144
35.48891318112692
-67.11095569693771
-1.2438341926487766
-80.65516198209383
-80.02315864509224
-59.93259543306417
3.854939514248372
-68.79705624294039
30.5637296143488
-12.056953920214085
92.05364516934057
46.52264703059578
-45.11076236008131
5.987053415175339
46.467895025243195
-32.161555613582024
48.83422559522782
-76.75016195308862
68.90302713417697
79.76456506967307
96.37581487491386
-92.77677761882757
-42.60332671752798
69.90876945606757
27.5269737980383
97.63365416516766
-40.967923561190545
-72.79651078823319
-11.835865173742064
1.327610734597485
-78.19739965352224
81.5392660165885
42.84500883365979
-82.74194805962142
49.43075318817711
19.82123821296821
25.93326802709639
10.147810237686471
34.19247526157537
22.98777798658051
-3.3993597953120513
10.37819590310724
58.08144951281193
-78.6551263904107
43.76034804745251
11.41727824203818
-78.46235593915296
27.798617346532637
-16.73335632857649
14.945178143913878
97.11220456978452
-83.5732439117139
26.897939152500513
72.84247207994991
11.233978015779371
-8.862700493635117
-28.541468571738335
77.90973288964162
-80.61164298220515
49.12558038251268
87.7105203149234
-98.65756221566646
63.478516224598934
59.483407588272
-88.8400576411702
10.787395802812313
73.42019215656529
55.01973350223432
-37.368300947560385
14.965564404767377
93.29769626441032
46.27145461758616
-78.62306296331167
-28.852552365777555
-2.995986542599695
29.656924595903774
28.934180323443996
-43.46054145128164
-74.58511965424208
-13.457897833553005
-20.316746956540484
-26.057955413873017
41.60250871037107
-61.27863889634837
-50.87198974342433
-47.61829382048002
-24.17171928150772
33.24902442986934
86.404760858488
-84.4972155785614
-84.45802546787678
-79.5274715858266
-84.40419474696333
-33.528050450116794
12.540372080279056
97.24549884997046
-98.49773419559318
-9.401946193465534
-73.8223700092883
-26.92398815015318
-48.23518268116223
-60.59966137546515
-70.10615568049168
-54.566643305152375
-32.007770935022805
91.4960999647133
-3.177931763036227
-64.10324853965827
83.28076135228523
-80.94241459278852
65.78385882761003
-50.23916230317889
-97.98375177615739
-82.15219389565843
29.42448429405877
-89.1113418672166
27.539661983606578
39.025670970115414
37.395422625580494
-13.49680948593705
-91.15976747409039
-16.59565770260481
-89.33413849600804
21.787228854589344
35.440901051276484
-35.42413023056659
-32.72667406617229
41.413688628813446
75.39932764307608
47.99628656172473
9.677753613844004
-58.84713193082578
27.11645897701227
-38.17682744857234
-30.335306283760715
30.225178098144
71.30627810114697
23.890604678185085
73.00004754863966
80.75064877666
42.46691433536668
-54.471882507645276
65.37201991015814
-53.66666029280061
-61.83588586010664
83.37854968263818
57.16367571506339
-61.80599930936075
-47.49835137332028
-20.882762493497125
36.86259964019442
-13.820521524843741
-5.181023496173438
-72.41554046201534
-63.90270402818019
92.79667903719633
-17.866156072355295
0.5590746283818504
33.45223369564172
-7.58567830723959
59.76952713448526
-7.444022707027955
-83.48446138748038
28.448531871783302
81.72095499047609
-13.505090045509078
28.931646650623577
-86.34176554987198
24.284973080220723
36.79060596156168
63.4080988167066
-32.25012234942707
83.2958000938749
-84.03440411639652
-39.348531624868265
-52.81603840221296
63.73250732272794
-49.54507364280476
-85.04360658159638
-64.3384179829518
-36.5800682535127
23.204048476972787
14.355910424242822
35.583967578093876
-46.59948582876554
81.96388016918863
-18.524536099392904
30.208893592251286
14.22034454234209
-88.32161338415419
28.99351477991678
59.28967240936248
87.95976709015733
30.662273662703626
17.817260789535737
14.070557901140447
65.78552780603894
19.786833114242583
25.52421190685415
36.46656294420424
47.015367799105405
20.523448664465135
76.8437011681267
-81.77488200185195
-51.040282013096295
-55.904235830874605
-18.319585434794348
4.044897506849438
-96.66676836838573
-79.49356242985021
-17.489613491711026
-97.66719629905747
-71.89490133617804
56.15581783410869
-0.5531587204763468
-48.652408173090514
81.80834874943156
-60.595825807980816
39.63731660349339
78.91972775378798
4.545014031567064
-34.53609848166306
-6.462002860778227
-69.25482114648733
-29.725307783897748
12.658854483981543
60.25357650688329
-91.27907915440254
77.7085287631752
-3.0982045469257713
-77.5598964420484
-71.2964853556421
13.180396535418609
-46.92719924596458
-61.327928466543604
-32.85081173347004
98.24896452990487
87.4932872586744
97.7650401062829
-36.12008836474101
75.18884848431071
-95.65289434303648
48.1344946012901
-93.99790053722535
45.67261265206574
9.636705646804103
-8.848585718926287
54.513082171406865
-19.121055023911822
-6.191449296475966
52.0407253684987
-48.96608289395079
-24.938798238273407
39.81305335755542
-6.25960093610847
-62.82556726977786
57.020182738238645
72.66873238938177
36.84489765416757
-98.55972351808941
26.494461678837496
22.832370572081857
49.382279972852615
-58.79422391185321
90.22628594126866
96.0942333411858
-38.910551847785804
97.36739654847824
6.385901590936456
-67.36558276773413
20.754641529503232
5.7578754313101825
65.42851699948352
-41.05265185332521
27.84824576032146
58.03777179680273
92.39959915799236
96.09181340863137
-73.92423110631674
13.211026828833099
62.80873856529257
95.86293461541047
-34.81379891314505
-92.33251583065325
65.09043999003771
17.97349367448588
-54.8206786574263
43.653998494737664
87.9856577798569
62.68838981085847
38.98902663913009
-93.62814292403807
-99.00691458887036
67.7198759604926
-29.297757086674665
-94.94936943364891
12.98933881073954
-50.12842117953744
80.68547040363359
68.27526568633974
45.17948510315145
14.755189710928903
-43.688336026107734
-19.352549200836606
-68.33832329930918
99.81081128007676
-54.013924160442215
-19.938197204705816
20.635649585835907
-71.78626007505366
1.8833341985560708
48.16904734176188
55.60070173729724
32.216443936747
74.28203865400428
17.556784336825217
44.94478685660209
60.47141370921284
-16.059029750375117
-2.432644142037404
31.533047781851963
55.7873978158581
24.033680043021803
-58.7064373498488
70.41287746526109
39.3690348192051
85.13575013035916
70.03561223938453
15.957695548651657
73.34454227550773
-66.02074693580528
-7.218448771327331
2.06237105893085
12.85092750574934
22.644701529654938
22.43982040174339
53.391272626969396
-24.383354575734216
90.63276352180776
69.03938439298466
74.39203382487446
22.159806841557582
-35.662506049079184
75.76130561239395
-81.65008401541346
13.980909865467936
-43.07518064042932
-18.86052482904732
23.42315113500146
-55.588338070677715
-92.07369045844096
-29.444654692771792
-75.1187721819226
97.02993201015664
-0.03708945789102813
-55.527722774015366
89.09299203186944
13.941691620250097
-94.19609841592775
-39.16283280168391
54.5070937174078
-62.16801043152025
80.4493934928835
64.1633840977351
-87.28330264847817
-52.15117602005937
-90.84082677316985
-74.97164321658059
67.5866364246771
41.950244372758874
-22.686837624751234
10.109011642869262
-74.87027545802502
-7.375378424345101
41.428847717990124
28.741411477422275
-39.25515059120859
80.66619819292416
45.7789851134354
46.09446056875248
-72.37571226529278
86.11943763301474
1.700336431206125
-98.73092563279991
-55.63345328261195
8.543665968636759
15.10708245414176
-4.5705516251408795
-10.805281067180388
-0.39594555545372145
-45.756171418117006
89.85988028034174
18.659668519353986
39.33492341039033
15.34968089931445
-48.133422476656264
-13.559659476935423
14.974045865597077
-39.478802169123675
-99.14036564243227
98.78584248001363
45.21646579494444
6.104693448931741
-38.83550954899737
-70.87480295130923
3.253738814833241
-51.04019079494411
40.04868573554239
-20.542810797175832
-50.67315296809116
-99.69061238415296
87.5817885577751
91.82794284569476
34.85665451827418
-40.02770466911172
68.46807836957879
61.6887577154138
39.65235585974747
-37.536099032365435
-87.3914944204892
51.370961340945
56.98765009541614
24.752527489750406
7.516468311590785
-96.55960864057597
8.354446357099349
-79.89884512590102
-89.77424869736657
18.83474263162917
-19.35344215174814
-53.87639379389786
22.760065680592163
-25.241288519448474
75.04378301623876
-62.57983646665552
-29.974616863375786
16.72317622924315
50.41925729454323
-62.40828309052018
43.434127449590505
-93.42980367154607
8.117963764453776
64.44299384105335
10.06150237338295
-62.18566288092242
37.44576919152493
90.55939355993803
-55.559730486127634
87.87254677945299
-16.447100161277504
3.855574041057693
96.81860305767657
78.43078166591118
85.29825533390246
-16.03434575981825
60.122839193505996
39.96305928574989
-36.23475728892023
19.130615326520783
-72.21312623097103
-18.016875501397635
69.05865135467161
-48.12386991268778
-14.658489111428636
62.937109326479344
-86.5051694413652
-49.959141195363884
-26.74027121804157
45.212348316835204
9.551258033317197
27.737051664860573
3.4648620464315485
34.01572054276315
-94.50514494332897
-37.10230867757704
70.10670362425111
59.84645707828801
-28.591569160733016
38.22764887919212
-58.02373453651948
22.61423797541579
-74.89796378147766
72.0899093340613
61.4095574508888
44.61076840479342
52.311460654901424
81.14719331529861
-37.50507874112054
45.774677054800236
-55.551681512882055
-52.912784471510264
75.93443196426804
-32.21854637909698
-95.10991043453826
3.4615168743292912
-48.484098191578575
62.58389822701446
-4.575745525001324
-5.7432998043602765
76.20353264486769
17.903505558677637
54.04110224772873
24.88797881456722
20.791099243936387
69.55383689355824
57.44939245767168
-93.68491420181311
90.8097295978697
79.10145457014823
-26.56381858619295
93.53742531539018
-22.087116517837885
11.493106107565467
-36.30837973273196
55.79383362261649
-49.35578621927412
-59.450320852399855
-55.090554527844304
-69.36549557958904
-3.820534865937077
15.65088814759119
1.2335054753998236
-96.00505180264642
26.906704794218655
-10.414395006332072
75.62341706139912
55.654480687646725
-94.35789153300462
-47.1886011080445
64.46553394841283
87.23196472123621
67.91336240302235
-89.88769689169543
36.90249138973357
-68.86253192668796
18.841869181503895
8.384935186595527
16.438634192108466
-2.72454043250103
-22.385815634861544
43.82372912703772
-6.901725330229766
6.139088461838909
-0.22802606311475415
81.47556551611541
15.731176319969435
-21.202722798683183
-66.14281107132487
-41.42738988449612
23.659893159761026
-50.52845799709238
-15.574021522197043
60.987831559879226
-90.09345654005489
51.03918714471948
-64.85191104485637
-77.56872059594181
-74.94717922351177
-29.4250606901671
-70.51583589651062
43.30836234311994
83.98934236293763
-12.202471234908742
27.86768828966804
-50.381397591891755
-41.273139718467974
-0.08231590174810322
24.36258598012428
-25.891289299874856
92.7597813590605
79.69121999249435
-63.83033322625493
-95.18786254828704
-6.876661673099832
71.8490938273564
-88.31069362077349
49.195843018023
