4.516455366481736
0.15890997722871703
-80.75745248813084
-75.760345319459
15.353623412016475
76.93691239036434
61.31255313463444
-97.94249859053804
-40.70586156262679
96.64233846432285
22.910901517505565
-62.276161509567515
20.327310291928512
19.698784127430784
86.9932457915292
-82.59085327446462
71.87149258803544
64.20210224432446
91.01507865055692
-65.51153964934547
-30.33921864065374
64.8044186712475
-59.68397606927529
-39.74120915479678
19.66575158278721
-54.02465549457101
50.87772391354545
-24.629051887612974
-56.85111006646855
34.2542575457058
-23.048246737991192
36.57199360630426
39.36936777214166
22.066648743854074
-71.40093550376265
7.103146594032566
31.99471466340208
-57.203782853185814
78.6362586674818
-55.41953084369639
-80.09978301811753
-43.61731874899046
95.38206152604133
55.83680255324657
20.703590889875883
91.85350020327323
7.187183303274011
4.131725510967655
45.046034621713716
57.778079938629105
71.38446786549235
2.571526590008787
40.652697046094005
33.012067353784204
97.20946163050843
94.12055715555192
48.77890481040262
-89.84933562385338
72.07672278497023
77.6106550961143
59.930078816622796
-79.8646447807298
77.36832013450555
-36.93999959945613
71.6517738501644
79.6731676451441
82.06885663296822
-79.11484387265554
41.18392618845658
-95.82025475326861
84.66886111144899
64.22410604042065
-84.3650486441467
-83.0527932707113
7.379697232938213
17.210518004765845
-44.408696702239055
-56.050502507224074
71.29714495882445
10.642027688324646
-93.31884237802586
25.971681380467373
-62.34072628286809
83.49223141866116
92.87750897223151
-33.98801527596609
-49.096498442727125
90.94599294764677
-64.65072450932703
-16.13272347454607
56.71499199265202
21.937507398639937
4.9962558916181194
49.3635209573352
65.0644451339304
-4.0896563041200835
-20.27792190734614
-47.60627368647561
3.1768769630841973
22.612800796227518
19.761283529710894
9.22026553915309
-24.253608933130224
6.700535167714122
-90.60567888382873
6.707033364845103
-42.11052918431528
36.12292829395332
60.41567058808124
-18.473045473307963
38.248228323278255
29.219158334061092
58.038308718824396
69.73932154014221
-74.38251120583814
-28.069504435508236
-46.778311640560986
6.288325763726405
8.414927667395816
-83.83859335411103
-52.89614715483539
-40.367823660835754
-94.73187466390974
-63.012742403069446
-76.75484926918885
54.389997806130594
-82.46672682299838
-62.731525239038824
40.74622353102569
-61.119212781123665
-47.34367898171978
-51.481482125049524
92.09524018497487
-10.976598419543791
-42.27526347067481
-96.62217468669078
-69.0304216039961
80.50350903462666
-7.310723772782808
-5.572591395008857
-53.69146580957296
66.66891250846365
15.143829251864432
-64.06449347213135
12.158423858651616
-76.97525388129986
-64.40372046252256
-20.114487568335733
75.94489818238173
28.53129491195139
91.17510956046786
-55.67992241421735
-34.493952653154736
11.462978631087026
88.66808993120623
-35.00896894701357
34.47219828021389
-65.08802502832796
1.71317879573796
-13.037014552325957
81.2082515235825
87.70062220102386
-88.77521190224435
82.73901928192046
-43.21741875474117
-28.096470650292943
-76.1732174769918
32.90501338551991
-65.61644228996445
86.15605715097439
-8.708052844516459
45.7885697025516
24.67734735595168
-29.38148912722754
-49.20505099653465
85.34986254928654
12.26261699457612
-74.09175348145973
30.41560266270548
63.60046588947239
-56.45451369621017
-63.30501260997197
86.25435850597088
4.271238596161069
57.914621013034804
13.22358227832953
1.1933453982187103
-87.97430576337098
-76.49211595745646
-58.997340001838936
77.37439487549696
-28.325015921410923
0.583878630975704
-81.97167926675348
40.698508182883984
32.9088723055018
-14.031435792204647
6.517753239240903
3.4645468115946727
-14.907010397069499
-34.3202507338942
-16.00404440250915
-86.19082564331045
21.395265004586577
-21.29833382036324
-96.02277564066762
-49.35645318672515
-67.23516271565634
7.150237022098935
-93.10688951633365
-9.840883554435734
-87.65258814325078
-63.428329224611765
-65.71167854321735
48.39110974945251
73.11066054020853
-92.89663348220758
9.559273500389452
28.392829170428826
-29.329299625555578
88.62705755180107
-0.8303488719302266
-67.64141969982187
-57.28298522903823
77.42466572679436
90.35317697390022
-14.698882079053746
-14.638102203874354
94.53818340735518
-35.24669826869146
-67.81923326902097
13.956594135518102
-14.039604887708563
98.67942674878847
-58.61134993675905
-3.7740326339900747
54.85449921718987
-31.31759978276159
28.505569840563396
-50.3967623062004
70.63266287848506
18.93079534766116
37.610636585306025
-88.79815294195382
76.19989819671687
-64.18981138376279
47.974270270556076
38.547738496771814
1.419370254610186
-52.3053105187748
40.78932160153926
-10.444175924085599
-53.79206217236927
42.651780378954754
-17.104156139315307
26.359114273589228
-0.8860676227556468
-29.410423663462694
71.24863043672994
-98.93188763247083
9.957495825964841
81.26745220148942
-97.89651285833179
16.05084580833345
-88.53160836285537
-5.654143167833553
-0.6707474282147103
-69.68470415590768
-44.880831013164666
90.82551551945897
-90.20070613220732
-74.8529683562257
-41.933798102585506
-66.4222955372029
91.7992075006438
-52.045537460452486
5.2698328117515985
97.02686981882644
84.19904321606833
40.15416405980042
3.0398216219706313
82.0273810936236
-95.20009940276839
94.48826322561163
50.61822622056178
37.99886127238972
59.8599032905953
-13.253817604118183
-1.4525113053678353
19.144704458427327
-86.59444270894845
7.290005712588027
86.26406648302043
-21.217214750087805
24.698625002601844
61.120977895529194
-80.35852019588354
-10.456846216315824
-49.61224757228666
-14.77505445751865
26.140180034111808
-63.03472609639596
67.44803729345423
-54.640336478856774
21.415984573838017
-13.15156321815823
0.8955276622900783
-79.48032902672094
-65.92742354843335
-16.293969147945944
79.22780492682787
-65.03442545632566
-87.83995634463848
81.65118468716867
56.305726616928155
-49.8473403751142
-37.52601619555871
53.23057550198317
-84.59314731713121
-61.90760014672292
-59.04535843125338
-21.20979480283529
56.839319617323326
-94.03323123037465
-39.33942296107904
70.48314858526584
98.59517950023604
16.95730161577049
-62.03277177874196
-67.1756079299991
63.938784245963774
75.77025388724769
-26.566765220109104
-77.83392110737563
-24.453998393894835
56.033672417803075
-1.915886682906205
-44.51466483291573
-23.146670309286122
16.179455570980267
62.54320212196538
45.827359098201384
43.62094040290401
76.67296899428979
-29.49555509979966
19.050940680785416
-39.91865348380428
85.8705947162494
-84.54262499654808
36.63304887357643
-63.30609012886741
38.75510982576006
-87.13866137901256
15.885446277361368
-39.110720422372935
-8.893368717686002
41.7975170027529
-81.59944084675939
49.9368942565562
45.42891453238528
-71.01026677905911
20.176656716534325
95.97935886093575
95.22708530092495
87.83734712262165
25.805421431205858
97.29801881798045
65.44298892041684
39.8948825374745
-34.61742235043306
-27.01415530095271
28.221110105211807
-51.94631821748439
-57.09441408935974
50.02046081761503
65.63158126770648
-93.15960921628748
-13.076985673663131
-22.350780044775846
93.87267601655694
-25.803460309953948
-67.88412291877539
-57.23399195819512
-9.578775854967844
6.953839930476889
59.44039958415709
10.973797695028665
-89.9564427073845
-44.312582495118
10.589506251663707
-18.134274946085768
23.253564896365717
-74.46828869075092
74.910321779403
-87.096748682711
-57.27456722739759
-99.8917939339841
-68.64327011412155
-52.80778349900332
-55.57901171676245
-81.00187327696389
-29.145237358737816
29.143706841122594
-13.248862688677221
58.05339967282217
57.15721555390064
-2.9471358618745427
74.48205814186736
68.77886410372793
49.143735928477156
-76.2596179350702
-29.39471183217981
76.24595201435966
23.00424533899583
-67.6559282882339
51.44951788038688
-41.719890845308605
-46.89011539769299
92.28275148529056
67.65658012282171
30.987030638460567
61.10262184558772
-61.42749510309369
20.688618618107085
-1.3023321928275777
22.40347556518101
97.53064927256997
81.5220980206748
-49.264946702880664
28.159992348458502
5.615038251918648
63.04851273068866
-71.40005456594814
-27.79493727404241
-82.03927907183315
33.494737084967284
64.76192763466923
89.16179868993038
89.11039425505044
-44.29426059271475
94.15790835997473
41.41298015938568
-4.127769091906572
69.5661024669997
-27.839590678625243
60.724041868037375
-86.79631474294027
27.235441885829474
-75.08083080635333
-49.42403598319323
-95.15098470121957
-29.69000938153654
29.576991155872264
44.64875757908098
87.87111438842905
-50.302399055381116
36.200554947464866
-5.11443261979376
87.34673536431896
-57.503082559882856
79.11748838487313
89.38153278423519
-30.440442747903674
-16.081286591343684
83.15472421627493
55.39145527570892
-18.627396360866328
12.410814428039558
21.64899154013844
92.50695783891757
6.319036265799127
-71.9903376416434
-39.41404002553877
2.9651561347159543
6.519422491709804
-60.636108522109765
48.9522200289573
-74.04219254632889
50.72539658748997
-55.463075122220374
-81.67526493306639
34.96738405752805
15.145849829488697
-48.403945475203145
27.31544688016048
46.06810075669142
-39.256367189409325
-16.083778236502283
-60.077377135174935
-5.796462254757827
80.90193596430964
-81.55286214812448
-70.80164040331238
-78.83612114920277
55.87862723656053
45.05276236416714
49.36579454082616
21.534129729495206
-92.96986358978418
-20.485687924250712
-50.870707224696844
-55.145067641356114
19.302159605642316
92.68276072839501
-17.274550399140963
78.10920122832314
-62.07014526170054
-11.414263186156731
-2.6602112099328536
-27.0220484636625
-23.705640160102732
-81.04834890269754
-90.31021324304393
71.01616630564692
-97.67970830152504
-7.513929337484143
67.10927127714885
32.73466522038419
-13.216424189572763
20.664818878904967
67.05951466644336
-62.32094708868736
12.921527103578285
72.16373830743885
-46.777512334683124
-66.1779328460066
67.35337505015613
-35.60661098369478
44.31568862908216
72.17243936482097
-11.894585246483345
94.3121511224333
11.925910447660357
-71.30526536197328
-77.99680415281799
-89.97869248620518
-63.86808144104088
2.1657057621372218
-28.932715090926095
-89.1889544658079
-83.10696188452822
96.48196366680395
-35.19261654094841
-17.045611992272484
33.92236699386555
-65.72675338633134
-60.85437492968195
14.189734505537885
2.4949832513701864
47.55089451557549
15.313835039509186
26.294425381198508
-39.651687157996186
-7.356808876065429
9.756217843970177
-75.04881605793906
-84.74683846479722
44.425734395197225
-96.44963557274413
-96.87693839504664
71.46675178134149
-82.76950650292294
34.58942173303552
47.90453280846617
-74.3926344109847
-33.401562246378845
-98.76271875962112
-42.01838602540327
-23.385214646927622
27.709530744310598
-63.49176843624882
-44.01054303192675
-51.432262010601626
58.15366572137722
42.75095907791581
-1.4594983148275702
49.54621877752493
30.10960120573435
79.76491016177883
73.77196441711041
-92.69384151906048
4.285385924729894
-75.64354514720117
10.373048343336322
-16.368835818269204
11.90662652689565
-69.13033250196878
80.19495370810904
93.50838520588266
48.950293560320745
89.54363971731104
-7.347019662767323
-37.3008985724756
-91.75852597770012
-63.518304853186216
77.62784251308997
70.61097695823736
56.66003211175649
-43.27594259411891
49.95276802858032
-19.610630374606046
42.262009811138
97.29478028482708
-10.81627043411602
12.28573017467869
33.20758163352872
-31.854089547774805
36.061933529902376
-41.59142737648769
-2.8152530165722425
-19.252059866238042
0.9595991516777787
-56.56778581418158
77.19368155081204
-21.530625378212108
-32.08449848341115
-32.46020900153172
-41.4968174234271
-87.78656932415814
59.26502983007617
-18.812596294432083
-35.154453801552506
-2.8957506842465506
-21.15752126851133
84.10194252744992
-82.51990845244966
-62.81454677676619
13.812683291831547
-64.43925545011626
31.735915632197106
-88.91655746193854
11.835615278294597
-33.15802674488468
-72.1518686341188
82.66472757191744
-1.7289485082555132
93.03372962047311
2.1757268422559832
61.76831343240153
67.64344394081147
-4.8873230639374015
0.6022972606264432
-69.02150714361144
74.3654502720878
-43.45694789017842
-23.503934405716763
2.2035292281302077
60.209226249320835
44.24367042339574
95.80815939916295
42.64561974204469
52.00388883778518
-16.11470423815149
70.42612161523337
47.8808593263702
46.63854278391631
-6.408049775384541
-69.47594056576867
-13.350150219012093
74.66815129977107
-20.10611681186964
-36.596042562407405
58.44151482351637
-50.62739960322844
-0.6248567187802792
30.620893137340147
91.34576545464131
-67.94648502393909
46.51442755386881
89.86137480849467
-82.85462038566524
44.47880060522294
-54.70567318600117
-36.40334058669647
22.503298667242674
-42.32693855947141
98.03400228299424
81.17342273723119
-3.5121316757224577
-45.56929180347949
-98.95582982640003
-27.588884502241044
-76.72745913923234
-78.85232037743968
32.31009838484471
-65.64871791463219
74.98679159021685
-94.7105918810051
-48.19044038638509
-86.887818449728
-74.02556946671308
-74.24610521260604
-40.56716384947836
-81.17987478347717
-74.33310088346082
1.7829701530762918
52.87854841301635
72.23980287501303
30.624077705611853
18.32618902521166
-11.065773502652604
-58.88502246500511
-38.57492398161719
40.22731007453325
-98.12693840995503
44.95826148071643
-49.006707697176566
66.89616601691026
-98.57620177796946
-31.928029023826056
63.54001350067247
20.77864328391763
54.95052639092549
84.51701924600201
-51.84708628673105
-21.902216652938193
11.47285869248887
21.929101207713302
-49.98803184624705
84.45234035534838
96.0580962709056
-27.96545644246376
-86.17951224624218
2.184002829711744
-33.17951299985222
-79.74526459859321
-44.58158384766986
-0.7362456574330025
41.007341780277926
82.49811467120958
99.14526715682567
-69.16150773405745
15.942938593680992
24.621328003401842
-94.66658865529685
54.31097262672208
80.3370531215374
-68.94634630968616
-15.39532530362058
-43.71615216813771
-53.30182109536157
24.64048038210214
7.493860883259657
35.94941182734496
-30.842416630581894
28.756329941138205
92.55322631125838
69.04373059242329
13.74737862194506
-21.646107473206058
-76.81581045665884
-99.70590666877648
-40.150907575187844
98.18145263533799
-10.496448698209889
-41.37865789602677
23.708978439774015
-44.49924010609225
75.40152859877492
2.253699591965372
-4.715991813584978
-57.27613651938472
-85.3915921115834
13.43416904992192
41.73417732504879
-71.73533231648064
-51.55557800115116
37.890604287848504
-86.78221674885089
-99.9854854238518
17.803925314826046
5.2226485590152265
72.1103163347127
-51.30777658521779
94.53454902756462
27.4919357613107
-14.75793380958514
-36.71331790081105
-43.388153611772665
-20.039206838363626
99.60359267801655
-46.18812436830997
-63.574083538611404
40.91508225367028
-84.68265171796874
25.529025394214486
-34.538538804125025
-57.50836277319185
-48.50213815764906
70.0645157737469
-32.917786960982326
60.081488916552814
43.46908546419178
75.01525777388233
40.415140710098
-6.4544689723606865
58.52055516275982
-58.0647670481371
24.33279007059454
-74.0540158022547
-44.97893632646952
-14.38237639621775
62.57578089788572
-42.892204257994734
-52.047105434198926
45.28093649639112
78.40416963886693
78.4291492923609
-52.050427762007565
25.75288558608068
-87.76153194257384
-7.246852187532198
-34.88507331180372
-73.44094518610717
99.60733607039043
-13.822196497929951
78.46800391107271
-14.111306240432995
-51.875440112442604
-17.14175027082858
76.14701775763481
19.292173058708983
-98.72471541926629
-71.21331515549994
59.250517909034585
58.1012407815669
-1.2947009765519084
17.567224472705774
-72.96121207809736
-12.347317021906548
21.296718465809363
93.48656890824637
30.12695948206897
-94.99185871397067
4.35841171547122
-92.00929133436225
-99.87543168201401
-24.783118081718158
17.94001987445614
96.50351939728074
-91.24105635294164
-64.87047596504371
5.8789227376100115
74.37904513142465
65.64811917339782
-32.40038344884444
59.992523831087595
-94.83150323754472
46.69753137726133
7.804011403076544
59.12532714090622
-64.84390812249723
75.09082923025275
39.71240147678577
-57.0257103847573
34.54666715246256
18.870978378748177
-13.001023186945801
32.023093266512916
-72.22935941135775
82.31364098771462
94.52329501245737
-50.801701537622826
-0.8360737828817264
-94.71569307469177
66.07045203247111
-98.34833889817847
-27.229975675707465
-24.363057303443995
3.1921254747699663
62.438264432597606
-97.96644306648462
-80.04276107005923
43.00050756819789
32.43472558113811
43.3696491729749
91.50747032648798
-92.61349484716072
87.90114484217207
-56.68130529251767
92.72546055662431
61.94054816900913
-54.98654817421884
31.714447337926345
87.38817739676395
-95.54217461684031
68.99838548271805
-51.6889241548806
-39.734819657652665
-41.32496046508278
82.74046920611377
40.14234102313904
-67.4954680412556
-32.09496025680552
71.15830967702996
-37.954211254626856
20.412279649518354
-71.38337491815936
-46.95099374941867
49.58207539584666
-39.03132876402737
8.29084226286166
-24.261555067231313
-24.976708212611513
77.109660203999
25.245418482896426
-16.762783013014086
84.185699413247
68.81058782936137
12.564534898175197
-52.13974820979019
51.846601377898594
-48.3172017133096
93.0712567391189
49.986888618225294
89.20469321833954
47.68909273625013
49.82293508814536
78.01740395752265
48.041610293604464
11.336422484966064
-89.01659398884073
57.73124376398346
-71.4204635820809
57.642057818893164
88.36643433638153
88.50219356700737
-38.377865935430556
-50.38732522840969
61.2974345682679
67.94739470710002
83.33009540963525
-34.76214566370692
-4.874530499292163
-8.016807839967129
27.820842984618423
24.55137537468481
82.16554412161702
85.24672435528427
-16.656182452025647
72.4980850432402
-39.90156676612742
10.230239141808738
-49.276501569192945
12.582673465476589
7.578331646694707
-56.3362932932137
67.80119198829502
-20.395702507306595
-91.80644850603025
57.78303929366021
-93.12857140038604
57.714286081161305
83.35026862946376
-23.90072154354202
80.2334966983494
-0.4133196105143355
-77.4720338126616
7.046727087563582
57.17391291535378
-48.384527652031316
83.85628662520205
5.5723945884981845
14.999687102482511
47.1632316698153
38.98733186758287
13.884372518523463
36.72961135842013
-92.64332470789994
-1.2835227887831024
-49.08954011748874
-73.45943882271276
89.43777173300035
14.002118927347311
-95.16808016661109
-58.73485182359693
27.552655863374653
56.73832824497296
-40.676407640171334
47.55976198607698
-97.36654559859674
20.00192732855841
91.81363669814621
34.313129970784104
-82.12159786207513
-54.78122902756051
35.061303521437736
-83.63155059149632
7.1580067085125165
-89.94733018707497
85.102432965623
7.654816962596556
3.9088515897477123
-37.01629355356921
15.767536200183429
-59.59032062267102
52.51901106733027
84.9145843531773
-5.903842443790296
-21.403830905453418
