57.86610756104821
-69.64546387555612
93.54170222128454
49.636133984664724
-74.76878583985112
-17.143228607491267
-42.68179030414294
-5.8733714430446895
-73.67462580678294
5.303791867597113
-65.2705931063334
-79.6495453420857
69.2132784041018
-85.21438227845854
13.717144973792898
93.35719849038199
82.66343317237099
-77.33281603100511
89.46743100102833
30.935959230240854
10.273947277244574
68.92015388908521
-59.00281361819004
-77.83547817278127
93.59571778465317
70.81128618319318
-41.354591345273036
11.868553724010482
-61.27307647908544
-70.20923896007423
68.15156055194527
-14.651360456941347
21.225772217807062
56.209942764876104
25.420160162380668
-36.11539218921309
77.1811149307469
82.54104395340326
11.305206632398665
61.23811063514185
68.28607877563599
-8.592074810566587
-19.20840831114974
-10.053114620369797
42.53888565559271
77.05483359247381
81.3242495310314
-23.406431814802204
69.16796911935577
-60.418108897619135
31.434107006217033
-67.42019753990496
-13.57917724523017
-31.16867125314522
17.01472823401133
-13.930011944313975
42.84740152142231
5.819319174176101
-24.60189674503343
65.3612370463083
74.85175306116295
26.840689523243924
-41.02102021314833
69.71720117589189
-4.8681679326262355
-6.8851778464189834
-43.404115394573026
-38.604085675263434
-49.967057894503974
-88.91434441942737
14.612625560442012
46.968231870537835
-76.3228137251615
-99.14542873670894
-74.18726562833085
46.18195247022837
-45.200239237693495
74.11887774646445
43.38405260049879
-34.03741806077521
58.64127117720898
-64.52304281292795
-53.0416780593433
-14.848595216779259
-79.14548338102037
11.665450199860288
84.25422412846763
-3.20190684351347
64.1339091005892
-27.897534457704666
92.3002648569551
-66.53687707219908
-75.06239944388085
-93.95529826912792
-66.11528960202259
73.70390560771932
-13.324204392728873
-18.206208099248215
80.87845577269036
-19.873358525071353
65.32142133456236
2.3407792402916527
31.918593245265157
2.0282927408850924
-90.16102846473055
75.71959056455259
-9.708090563376487
-31.723597104705206
-54.94649302976804
72.08605602710026
35.54230567780584
-84.51539864045621
4.634356197876329
-17.136756285333178
-10.861289938627579
2.2631321192474445
-37.59299430112761
-24.688153945660176
-74.57975170822924
37.04434093611164
73.9958390054839
-5.617917764782803
17.95253928505629
70.29220623933159
-97.55860232263882
28.460326140507902
-89.32690945606427
-45.196314404413826
69.68681502615541
-77.4806234651764
-42.277186265099175
-39.81539246093764
42.76432070342025
52.34856538722775
60.995111929229864
13.928682707468383
-11.56766462249314
57.00614854438086
-75.00446966867058
48.86139221018075
52.00778393894146
99.66763146027299
38.75949502790189
18.828673971437752
-32.135294003088475
83.38839044656578
94.47454796756435
-2.327319221579316
1.6501461796265744
-20.62404350834109
16.818758562874137
89.345728336556
-70.71696654089584
32.633434329444185
-66.38621983831447
43.90152104501348
37.71488041532581
92.41726557432207
15.692958112027824
-91.03555691250045
19.600226105647224
-55.46153397728404
76.31731177430322
66.02016013184453
-49.65661665032661
-34.17162951514641
52.23360115234874
-38.961772019057925
-52.888810821015284
-56.301452720507214
11.427365612706069
-28.618902011370764
-61.412379485915025
69.32360532882058
10.084121888679093
49.515799084813835
62.34150607370006
-70.83843720113578
74.84071535363225
78.69486831570435
-69.68118815756223
-32.80450472427164
-35.325595217886445
-26.351538397962543
62.2498317866239
-50.04645889315034
98.86146785821848
-77.92745265411315
64.45187055428471
78.64951086200671
-20.977304979102556
98.53297647592188
87.1676957896446
88.34002519554414
16.026122632646448
-8.486789253538518
-38.42180081987916
17.10704423952872
18.02281679052416
79.08063820123218
60.44970109715035
-4.792950996786317
67.40144403409175
-28.28568533870228
-60.29582089186769
99.14855032420184
-70.91471113643637
99.5427290594744
37.00168841072778
-45.88474177334232
29.08585405932874
98.56664055398628
65.72090291192373
-78.08843460048247
90.83893133393306
-70.9305009033274
-27.228018699580687
18.00441174700316
-62.72270201951324
19.53395260223094
73.05981188250755
-42.050059386966
19.353237237571562
44.00877263602945
-23.63826265996498
88.48290485208202
-62.37317488699723
-7.488789797255109
-21.639958312913947
-91.00571987461555
25.624662696193695
81.42273126303976
8.882167439749082
-60.09383681875475
-69.18703186482358
85.78706264063288
-86.06039044936726
-16.225990909278167
11.5762916114913
99.14619072699463
24.129576032135233
-69.92654630323771
46.7089232247549
-50.31911375273796
-86.49991326229906
-93.94094816342533
24.909613496257535
8.636636721221265
-1.8992952641983578
56.82334676544437
72.07821358924284
49.947948998354946
34.69349953135708
-24.573628663252663
-35.68086891882281
29.308938915953973
16.70924759189127
88.80844315531164
-19.615697584481524
57.66018840602848
-39.68287190881652
-93.73365724788233
-2.9268575113237034
-43.69584917280414
6.912648620775158
-97.81749020487278
39.944989147022454
-55.13941860744052
12.91909715290646
83.82768619558513
78.78062978905868
-49.212898424451666
-77.99615786767298
2.4354543510374214
61.68212644919478
-58.26820056308855
-74.84118913718416
75.41196401845798
-10.729493594745065
-58.95987939197784
-88.90748062416598
-79.9956163430403
87.60560879663925
18.883031898132472
-25.29585869988982
-70.63172504464765
-47.473922488489805
6.311440318934729
74.78526951406715
-96.67221294474338
31.300203786755162
5.5729026780841195
-39.27371014243681
58.10369176448958
62.50291396774335
-11.026334671675002
-1.5603874296602527
65.28699568245645
-54.65085917513197
-34.0688429657873
-75.0607523749413
-30.120039131151728
85.08132386636336
-94.48935528751186
12.681887569506884
-39.29962983213615
8.670650877927883
-55.02487318740354
-8.731391293067887
-29.236178509622277
-57.54463288994751
83.22393006946359
-75.25573154791225
-30.28920791213426
-3.9955171728396834
-57.72024870688588
62.257917239695615
48.88837145699702
96.27002709148235
16.974371901404723
-95.78599746154227
-50.58722160303037
-39.97056629851015
-1.4893058850936
85.09328721974236
25.17213638365638
18.303046359993473
33.36856321784114
-8.342556800457174
-84.15286026298534
-97.42410071397774
-72.84927690046625
-17.704355891289254
67.01426877573414
64.31293901621035
54.00778562434951
15.994087158311629
29.273978150381765
-24.277715837703198
4.27847074617587
-11.832223838444918
-31.963644857547393
-88.7118767075234
-62.670616522947675
80.44412474545888
87.91050661731799
13.924851427352209
-92.34046556918952
-8.06578614444409
-26.898685408451755
27.114363774929288
43.35789574676019
63.983696366696535
-39.953475685870885
-46.2181685223467
-82.97094248493018
12.253790763665947
-19.044512035036874
-22.826674694709254
31.596795668625703
-28.623331681417213
-58.3405415917184
87.11524511103522
52.16729564808935
58.263993020287586
0.4436085869516262
17.9089915258202
24.074070501260962
-1.0811681624033582
47.38657871721398
11.355106103843866
-27.346744315891897
98.44864554236963
-17.199235783868687
-12.510119622429983
85.22089723152806
34.098654188491054
-11.08033479236903
-61.85668007950294
-89.56890753144661
-38.85008833499797
58.26263103094391
-51.91140953223403
69.76986597858493
-59.822771480521176
-34.52455259900135
99.07125799771447
-57.068906474625216
-29.782930565753517
2.408588613651389
-88.13627852171142
-34.04821723349616
95.58227396249202
-7.7444116480712495
57.900952261388085
2.6756061141041556
57.61977036739415
-27.849501210085208
-24.813372006975285
0.9936437958230897
80.43834052699802
68.3131550621097
-66.3184036980916
-11.19349524066557
-41.81243551907081
67.37166933314987
80.97767245126576
-93.21877463905133
25.23502096598915
41.00981091064284
46.88639162329869
-45.69646418890083
16.966358204149174
-70.19635609540195
-73.58217907839075
51.70101065505111
38.94383339483866
-49.08988797885574
70.6237638440621
-91.41128969576002
49.403205820196916
-13.336104910283524
-68.69032931690515
48.47177084719664
-0.7310929667781778
73.28907442912893
-73.15248249309248
-63.569166636153994
63.17957613106395
15.539375991958764
-9.56935012489464
54.646931859947614
-37.560052618588145
32.56277096538369
11.414697597439314
-45.040432222204615
-99.37916571760077
50.50067211182315
92.74805676125183
-57.45791731339169
-32.622102049751064
-70.69234268486149
76.94186072426109
39.40228451468829
32.037766003734674
55.96740610143601
10.351217426679568
31.214835645133235
-59.75162890253172
-14.378515381979156
27.592663173513316
-91.41219199575146
16.44208519360369
84.18096766627755
-89.4716006295646
-63.394461369883956
47.82515787965602
96.61219127756294
82.27869750149745
12.22956818852903
-51.08783313856391
-32.870809557280964
-81.39544338861646
99.54540685570973
19.56053935241067
-70.67320171353143
13.643757641416144
49.819571600247656
-91.17488327297214
-67.01629036324894
-94.56612625707588
8.642330280883186
30.241622043305995
-4.099843098681703
36.26253288887506
88.32263275867032
-99.78269513972594
25.797319056684714
54.204390729369834
69.17630840163278
-49.0596765948512
-97.86848478746626
66.06517638216596
58.00358740627814
-71.37206394717417
-5.604711581495067
74.19544116701468
23.005367048694183
-54.891821638420105
78.87895138619501
58.5282658745831
10.800337645812803
79.42745091670864
47.323878579370984
85.09647645658762
-55.09997808842735
42.668987911082695
-83.7802323689831
49.930724444911846
-21.13384943925962
-20.24865284724153
18.59689289685238
7.067974947301977
66.23965579370827
-38.78217307854761
61.413697759677206
-85.37227876564964
90.9578496580205
-34.59170821556859
-48.082565421531356
98.34773042526851
93.3269835530019
54.56601197654098
4.4725764693253325
-21.71303509092877
48.04584174934433
-49.265533842423515
-0.819118177603599
-69.87201184968872
-75.01353057207697
83.98093532879801
66.83190531846319
-22.733754676124022
6.719748717494184
-74.07571319841051
-18.214518306634872
39.77790741429973
-66.0670634626495
59.786852841229745
28.715529803273284
33.01304358006891
-34.98778458458793
62.23410170833796
5.210232705373798
-50.32071856876461
26.996609570021974
-22.232237198137895
-90.45185555264077
20.40562089957423
86.48688914152919
27.642430219343296
-28.58466507059194
-88.63176501493268
55.468526914723356
49.72647157964616
64.78249135154931
68.5968207873438
-61.58691165271699
95.13520866285
-99.30749120749702
75.90153060091859
-85.85865913083177
-54.175917270834304
-7.957325531712527
-37.89227004989502
-97.19598953299895
-55.80542009589193
-79.48222180164584
23.215231847844436
13.533208677448386
12.405798362402606
-6.2134821013030574
55.321811169298655
-23.547549069842376
-94.50256433533126
-28.312201395192844
-46.54798400136506
-43.97905998874454
19.96803992766607
-80.18260638229555
-42.32021407748776
-34.540564899012296
-26.866591682302143
-59.17770047050996
69.26684105271869
13.56027819154508
-43.62534428711764
16.55959739780353
-81.88262177952217
1.641308220208444
-72.84953483020024
-3.859898699287939
-92.16641593377865
46.65757137547919
-94.0392796672034
60.208443872161155
-6.788214622019126
-22.607731455681318
86.12068978243252
21.12022216454264
45.966792871950304
64.43543043772499
-0.04950360843696444
-82.43820097541008
-39.8363228327061
-22.694459641809317
36.04443074714794
-81.55234675616487
43.70529690052376
91.91726716750225
-37.80035389735132
-90.67870652366601
-92.43381735619774
92.23796930362732
-18.996143868327692
-87.37954860192396
-34.81910597425953
-57.29668206363292
-43.30372111124481
-6.468081548262461
-42.78505060518487
11.69206699436765
85.25455628931812
84.3855338263011
-33.322573711583914
10.094354371752615
-2.214754795705474
91.7819757530732
-95.55406476083962
76.95775331107268
-84.43083294776915
83.74066754632753
65.00358791217249
-15.415924736877457
67.57280320652487
-16.608061283024426
0.4645134406872984
13.091800082970977
-89.39196329551105
8.571327625466438
-97.38444859332364
34.215075983169385
-55.34102217227223
-62.237733746902535
-75.48038808749153
-73.13363804210704
-15.610368477759181
-48.450822266946126
25.390227412160726
72.35577169571371
88.28925533571302
11.716565496158054
24.61295618305715
-80.17170777932073
-72.41495356238397
-31.888027284326668
-38.4867943595041
-96.68243189659363
-13.262158562499394
58.957265715781205
-54.742861313680955
54.75490280397523
70.09869838422586
85.85780202178842
15.922097992993486
-14.549078412744265
-68.09953383123965
-51.74961112274281
81.96807042640529
-48.0326572336721
-33.83999198276142
65.85399274604646
24.429047881564415
-0.10281132358554146
87.44103305118435
68.29084712955867
37.991149888034414
18.46167763188913
-97.59494480525133
-81.9894522955388
-72.89506673355186
5.633545806236782
15.876606483386695
-50.56803658688602
-85.42439955821138
68.84841420661593
-31.63217925921917
98.27757611379869
-16.19075377239278
-18.54686198270909
41.01518102024011
33.789977574324155
57.985583914453656
-9.079921048172523
-12.516644928431404
42.3950969154036
94.93108569890373
15.188615846927405
-13.84336803619253
-94.94322449302068
-86.26646251159721
40.397476581348485
-10.051177197219502
-14.992899384363184
3.4426202828408776
6.656003065548504
-26.285420483889382
-53.23780210537623
-84.74350998035018
-58.43098478801063
12.047400142135118
9.244918159248016
-60.4300490417629
66.64246342421706
71.62934314638332
24.423618101080308
37.54860289345308
-66.36799876011652
-5.050364886228877
87.40207368337025
-97.70175757005677
49.60676401666325
-81.52819679883993
-25.748935778128583
-98.97051037948907
-84.71681343812338
-0.568010150695784
-78.52654533151302
8.665046686554618
-73.57475198696568
-69.64579802564958
-66.45181810966236
4.567302194668102
-37.25333502893928
-8.763499613973295
32.771438308595975
-84.88547418013603
90.81118194917454
20.91045402344254
-3.2642808764353077
-69.52525079576569
-41.89266958108493
39.64849453536837
71.46137140761982
4.590293914901821
85.48642566603135
-87.73210275269685
14.285048431399332
94.04758102389553
-84.9785374115421
31.80179083982685
20.993216301827005
1.0485627505094897
-73.46645728797903
-66.75167242603557
-87.66121109798544
11.385124440861262
71.36802788069704
28.782809731998327
-80.96837848139045
74.287293703101
23.015164481834375
70.82476663187808
73.59266914934551
4.164923962971102
-23.978422459953364
61.48757876955128
-28.80097328081557
50.58533403342466
-20.213263048641593
4.123624523992703
-54.39888208116959
19.73117888129714
93.69114617489583
-66.37369951453175
36.140128185351074
2.0764025107982746
-78.52782257023678
51.101497368434394
2.761424543765841
32.17974680447858
-95.94013353488992
71.71590940121627
61.673192360545414
6.26810796485384
-51.99041547705199
-51.16916162705421
64.70671101814071
-26.975416616224138
16.544612271786548
69.2359509768568
-13.306681197917953
-0.2653617641725816
-31.823569441650548
-78.94818450391966
98.82919243828155
54.4557035966526
83.04074471792265
-27.440534703761728
63.79223956548327
-85.49059667761657
-48.35289089773038
-61.50227774541419
-60.1355938967026
18.51515271629269
19.394598493025626
33.254454524848256
10.711622103391534
17.7409759707093
1.9924735392649922
-5.234333338017464
51.42734741164753
29.413753699859
-34.17834248776872
-75.58545405890318
81.03851772002025
-7.625048391298648
97.15903880661884
-91.03616921550419
-5.6678468469275884
-25.30105921610317
-59.82630993115292
-61.057663682006556
-78.20063663196517
-89.70499803453743
25.458659848648168
-49.48111847789134
-39.367638987710876
56.49565314937442
-97.19092589300698
-5.1336070085325645
93.5444731540737
-95.68941751360805
-48.96708723296157
84.54520855845175
-26.44059122810421
95.97007916769775
31.871001556541472
83.56898033350257
-36.0169390797745
-10.241285537016068
-81.01278429136724
-82.90945531924108
76.91694102516325
78.77712387174319
52.278372174283305
-71.60526240013026
33.51542120502472
32.926965331297566
-74.21896148135569
81.02426227114432
12.64010382292436
-39.31464251185326
73.85234425430568
-74.35414624071532
-70.7397475162213
97.46388439648919
-91.20277603932034
-46.42320692189894
-27.182212746307854
39.846730386073915
-0.4990896466309209
22.83990513027294
-93.66632993480388
-74.83999565037777
-22.136810594452157
58.0230305923599
94.40190864541822
14.84492083259174
80.32381168682332
61.796118075954695
55.07123278187905
56.853972191602736
-79.95459554228353
-4.2077809387774465
11.59174806359151
16.19037688311012
51.78653548334469
-13.600443691169616
-79.0998456020834
86.24564852801223
-64.90114679571522
28.632825104050482
-23.200014832578702
-72.7371670331533
-28.745667328158703
26.040283836665438
-89.23564807931578
-80.61370322527625
-8.061661309125071
-86.31016881573663
56.5562868690933
-57.734552395974134
-82.80080686916335
57.71504126377286
63.4908949475448
40.95129242715362
-28.62469047471336
70.66589433863459
-10.708515756468557
-7.636599941840586
49.74409899164195
-99.93711824579721
35.67533975405419
73.71113421846044
88.56122586208463
92.09471214478378
-74.16991080057136
-9.548762161027355
73.92236580981827
-73.31493620302969
2.14245107773246
-97.535325304288
80.20251724346065
3.090866544485067
89.77529551953316
23.373601288660794
-35.95765716453924
-40.94933732638901
82.50453511166549
-39.593535029386715
10.612018448295629
-78.16341551536169
-28.827774589632128
-56.13737781562165
-35.94366240893049
74.2458615283578
58.22415363728069
-98.2082295452535
-58.02280635244927
-53.00069522406243
20.645324031783872
29.468735020956984
70.40520546268257
-21.156721577961733
-7.245249016701962
-45.053350653319725
46.108613422641554
98.58719977465381
-35.54128371579159
77.7164663046247
75.13323990132287
-53.762950180784564
23.85738396860492
-92.22980570995387
66.86229950990526
-76.07500542821049
23.907725996038792
-28.662783046698266
-43.477885082284764
68.55490252452077
36.603033680365144
-34.95136435670052
-42.645427417682804
-24.442198880852573
58.66717849876238
-9.73695060432587
11.39540592221428
-72.30283692535365
7.658276841821717
-52.38467742255493
86.24811785799358
46.16369381763391
32.43107849295478
-53.95116713926185
-89.26024029548
98.21979831656282
13.514168113173923
95.62519787346994
14.988578610288528
5.9256835607299365
65.28721738383572
94.84658499908372
-93.24797040074928
14.567370090551023
56.11992635422433
-20.898030886031748
22.887078596234645
21.42481537644771
23.455458223169018
-88.2601602474586
50.58667358646153
95.13910876844852
-58.63909371164397
15.605354258573925
48.25152196509242
77.44260617083216
-61.41778138531442
97.84705109715242
-58.907403232439236
4.686909132823388
-89.01146160548532
-26.452992588841326
-52.2670249641906
-62.53793796249649
-98.00401634154761
96.46348434545132
-99.18532806071474
-70.75938883483772
84.80630370279431
57.124366051355565
76.09557031348245
-37.46678186260646
85.43247734537425
13.388551880525497
96.10064571523108
24.026001725027186
-12.879538353775573
-44.00542422926459
6.504420262595417
