90.37531764264045
-34.5531208494118
-68.23217522796895
-53.28897766556524
33.957376944210296
-95.5464805301334
0.13988793840536573
97.65434356224628
-88.70639531925013
-30.739709124781143
-22.92048664508532
-23.618384390027586
16.34536043593704
-25.61238601270294
-42.96170852748751
-75.83704201882679
60.297998058097534
82.89703452148058
-97.80461751127976
72.08430931824762
40.72202362537928
-54.63359542273405
38.57438030191747
-61.641693969065784
98.09602490061224
38.25878423692873
-20.04121826489795
-92.06599214716627
-35.87529789826971
-75.74263161239539
-12.339828393720481
28.455111236226116
50.42343330439053
3.166009262215624
66.47641675075269
-98.3019586393866
31.371505025481355
87.18877887001227
-9.081504104394853
46.38949979886996
-56.285660543967396
-70.36241110397026
71.07872967511821
-1.4066068924559119
50.56015786603351
67.87810365213835
-51.74565800923756
18.476291309944415
-73.25027326668618
-79.43608677457249
69.6547470758673
29.66445475936939
63.267026702349284
85.90200928177842
45.89038105960282
-63.11205080629678
-77.2480068019105
39.403238755952174
-41.63005218017739
80.33076928416085
43.88587999284371
72.59517405566984
37.142134632361206
49.68431243039629
60.36877904875925
-69.67851380138397
-44.39478196048785
-99.48923825527967
53.41793925330995
-50.94457940793558
55.89432247054694
-99.62414174036675
-93.12631452034992
36.40916269203166
-30.482254165734773
54.004286577367765
71.26423128399847
7.688442653706858
-22.805902182010414
-81.3567934785481
90.25353295283745
65.11506683800752
63.92904174432411
-76.14020001061135
-77.20111500487876
41.232922257267205
-12.434344827054971
-95.09533989224997
62.02320913419942
-10.67870624562272
47.073771034847795
93.30957933715385
-46.13350034937733
39.89022363178728
72.72562481701891
-43.70931892381722
-22.949854712194707
29.8214337693546
-91.4890870747453
-60.78349391229578
85.25990902210651
-59.01279347981394
29.499167427471463
-32.01610471503716
-97.38758335667939
31.96019585024311
33.0109873459125
-27.960693654326946
50.29796837180726
-28.042118875798124
-27.223067971111675
-68.36052554309498
53.327003468363074
34.84947952494048
26.02807988282197
-31.912653753246786
-72.76828826122369
-35.6567005813947
-11.38569592004022
-67.0880399086643
89.86258719204639
-91.90562031995498
-39.438579994443025
1.7239017934819856
-79.17154798235637
96.92399612119738
-10.511602772413411
-96.44773952258222
-15.927825126325374
-51.26117482751835
-1.530010822995692
35.84953835394677
-61.6510945256147
-60.152033514393196
-36.04465435369357
-37.4052017029844
7.257993654901782
-9.08322409541465
52.679417482343695
5.293474560071104
13.977045216300226
61.50549322165136
-81.03379373814516
-33.962711299689104
67.93478638028569
32.23850865797914
64.03163752515238
77.20865891588267
60.11093002211345
-45.391271856969254
-19.591775042389955
83.20822838127214
-49.508664803292255
-17.31513955479926
28.022574191302226
26.648737603365234
65.10381457061325
99.36678131040856
35.35246226782033
-83.88722321646567
91.05346503034008
-2.384381606155287
77.50620260632436
-38.685708966278185
78.28742693215156
25.923509804966514
37.37813135027045
-34.45074079906934
-70.11128077155854
-33.288782147506566
31.155569503332856
-6.7438450619113866
76.28389351719932
-95.31047058277564
-20.182694523055915
97.38716296444412
98.6412346386717
97.81234020311334
38.797451565649425
49.94274680294984
-42.64085226768641
48.453170709861666
58.78951061499754
10.99724463178859
69.88873530164679
59.303736005559614
12.834918925559592
46.501409371306636
-75.3667611701458
-89.89777893692094
-82.68167176829158
-63.48982220222088
-20.44313860038089
74.81366843640816
-69.31980276442718
94.72154826339195
19.237970173256883
9.022487378408712
97.6168509767389
72.50560722787625
-81.28694712531967
-55.26356299635849
-85.84628912758737
-73.86095168490338
26.717672574666864
-39.8702230247195
77.45677201108151
56.83574494433071
-49.12412490441878
-67.0126037876831
49.12974131936622
20.822708369848385
-89.58758061036056
-30.30800964391878
58.05843209969211
9.993885375017172
-60.76368521309976
89.60997817556884
-80.17723147759064
87.78773270764509
-86.28577992642043
-0.9092729572822691
-48.20007623038685
-2.6821262985884573
95.55685900153114
40.04145347599547
-45.1793308664902
-52.09310443709192
-62.913706985612095
21.384743978589597
65.99276080666658
43.25925582118916
96.44715142928567
-30.374945623472314
53.97069962091402
41.17492859071666
-22.237508097657056
-49.6476608086424
-6.374687575560415
43.171790443384964
-56.70542068659073
-47.28949610856825
88.67759581294646
18.108416816826008
23.71831786530973
-40.7625260066198
84.123569144752
42.090771680259564
-16.228726304654614
37.75237894381644
49.747459502827894
55.01398230126938
56.2757872617114
87.53789318877654
-88.20786633952295
-88.16997062567236
30.19625950964243
98.76304335453975
-64.27841962127422
-30.59405953412086
-35.58052674164634
-49.255932038087245
-66.33572230818805
19.246162858821947
-34.47317433257804
27.735405718453677
-75.92227188461187
-81.40938416851877
-95.32879505942688
41.74851824150332
-78.92543983020677
98.83373452487717
21.979930998261793
90.85789201816311
-78.64445415177596
-72.74296259737152
91.2994289723577
-18.646678618517697
-39.49468605318356
-50.73413520995136
-36.079761075363635
-39.31258589242093
-91.2736591260652
67.77682304978248
-13.05605810278027
-84.7585981080093
82.55139442397243
-28.321261623565434
-8.490584495147274
-30.718351533812395
44.61330876660773
63.48753685456467
79.03130496025267
20.686474416327385
-15.339871524195388
-20.031686080917282
58.93728747058017
15.991332085848867
-84.90193196965237
-32.33138313584169
0.019229916997701935
-64.40184192146742
-53.31721501689992
-37.24327628649502
-98.99341852600656
29.45657318207074
84.91587150851026
-32.3512189193455
39.81593243359316
40.900547386288736
-6.459877205458838
-71.54628563699967
65.25727406687105
-81.04541529299354
60.49414636481936
-53.51414358007756
-32.844321665518734
6.808829572310813
1.7484740651215134
92.62017167209316
19.360629318823612
35.27399150324507
-42.6089908698678
18.40316609051264
91.66453845977438
73.7738860521666
10.334584819468006
-62.70983291181012
-67.63770094211618
62.97152313310619
63.46784440485109
-35.3221943322517
55.69032871254029
25.76667171689823
34.4818321841548
-82.36724917701972
-94.40110308619114
82.89362166844467
-99.94953436737082
-9.164139804713287
-37.24825076497815
72.24234784220195
-66.87110059819315
-33.4402580818078
-17.03002187828686
86.47989509242763
-62.936869903146395
-34.68015060618103
31.00260729799379
14.860329923306793
92.33577748112819
-49.40799851343329
2.784331578652697
29.04615986846565
72.33857714503336
0.25263698559126624
-50.423030222431954
-97.82017706479473
96.47424207214954
93.49238095843378
7.891812704808501
10.854140425287184
-67.72070872061369
-34.70558932475487
94.86352010424721
36.23116478063355
43.28481493273716
13.714738481176298
-91.61305869276799
62.60333009370683
10.930848338652368
4.481767544887788
-47.285243105183824
-39.24472294170056
-81.73856149396677
-63.88737305211334
-66.85017193085632
-30.28667609831392
79.8883034962131
-60.49097207333227
-92.95160485547314
-43.00206115353964
53.89564745444167
-93.7070540505896
-10.662573329213345
-26.978466621044944
20.337482977706628
-99.70008706134905
37.031236589827756
15.762814394167094
-48.95601016136617
9.200418480739998
-33.650505872954724
39.751734823728754
18.89560662425336
-92.04025789335353
-44.67701468143215
-16.11164490394799
-27.053975931508063
17.797745726359437
-31.9180746672034
-63.52299503774248
41.150421546885326
27.56286509307853
72.39360453315962
-73.3559266912494
80.36023112954354
54.21371156365532
97.9907565284523
-11.147113161183768
41.31020883731057
22.406688094253568
13.721584608799262
18.227449461470655
-76.1240518329904
-21.061087626678244
80.78580484239424
86.8779615750201
-66.11901091336374
-0.9330659322071426
0.2543054718877613
66.77993645111954
19.691753904607467
69.29750285218816
-80.20024743320107
67.49927435586324
47.16409859372956
-21.38326207770183
53.50347862620859
39.66186036807849
43.64228755557872
-98.92668404439068
31.454305539920625
18.788615240032144
8.210572642031948
-15.365670566011744
85.94545126277646
-66.15879831987716
44.31493633385577
69.9936411195659
-21.720588969925075
-90.8874161818404
54.40544764276663
87.59252371229601
-40.081030146337014
-41.81390707805291
64.20696490796897
50.62691195337507
-22.27373292594467
-24.17473235323439
34.694961679982185
79.66320842675049
-78.01553121358691
69.40052500087296
-54.532195628282196
-57.21726135125815
-88.68378022771886
35.066690906505215
41.25501825264638
95.85291191951367
-40.0570750006761
-88.77828135424302
46.28896945958684
83.06060831916898
63.359267617396284
58.27259526536332
-81.75175335165703
-44.87511101669903
16.412894740315224
66.35129994002392
6.692043974896606
99.29155897523628
-89.8933336455894
33.09055728348221
10.816781451946468
-58.17532326588668
-68.48573132589075
-60.5616806611005
80.6031952958464
-67.98078426337928
-81.39255672766265
-40.801759539545635
-73.79811347064347
-24.245900396256403
53.976920661089565
-72.19506964294541
40.5599946475547
95.44097408086688
-23.26998075541647
-4.329371822587618
-60.79517935456382
40.295107332014
18.465597095208537
-18.83453307107547
90.99311342331592
-40.977598676682334
60.22632664130242
-75.7981781525502
-17.350126127514898
76.02316472296201
-22.587419924675515
53.65127872845687
-56.67899429818617
75.97739676387633
94.68924285983204
14.305707948437458
-30.239813709786986
36.44179817774514
94.04882284051689
42.803472055035684
87.69878843714042
51.46160614989461
-86.02542553888766
-78.47820223863404
-24.700844466263945
-26.46291485851944
54.59818364445948
83.11876780773127
-70.83835406052113
-27.290447062145233
-8.68036674206904
-78.96871126251992
5.217633065300959
2.2974076966745542
51.233241789556274
-62.96423608052753
-5.897213912241568
0.07006544449220087
-22.51452341225672
91.5714334810215
49.46123769909164
-46.95379874813162
60.29180258044471
-35.18762008135042
-50.71908931641869
54.06306329951849
-64.25721643467826
34.18537475379361
66.99121809731372
75.86568505884102
38.252844373059304
-22.812143244908725
-15.629934631265002
8.175001611679036
23.92944735768576
41.117537534245315
23.262805034808196
-81.58233984226715
-11.925198425152914
-91.86899512122777
-22.00238085388682
28.355952285298997
-42.855704251834496
56.12356060253313
19.780466170997755
57.417861058439144
68.39874747768812
-44.65328096764778
59.70853521798142
8.803368419150814
32.98973414222414
-50.42517208910249
65.88702555102532
-57.850782203750754
38.26125061772922
61.028045561328696
63.37559240393094
-84.07655338754527
-25.392653065157717
-9.564419944049433
-98.97591401445031
21.482992702875322
-25.308225335855127
-26.37503998365476
25.942631539871115
-51.48399825578003
12.20409206711625
48.42692227207672
-83.84186517155435
-38.6237699550741
87.35783261411879
59.40783182393156
-23.108106605612605
-63.1360337408815
72.06026517018068
91.39555766804361
0.3609597693416049
30.032784942086778
-11.119566532358817
-59.802035790826636
75.58895800075203
97.72867296138324
-61.94341508844252
72.4312845566171
57.912093716894304
0.8748116170025639
-57.49008017254869
-75.87602740147467
-53.34125358471922
62.0621450800397
-48.101490554936774
-10.376155494347032
-81.28443447157176
-66.0863512033171
37.92425702642535
-12.361935559356539
-53.41626631615976
63.866309580542946
94.24760113877605
-84.57823048845614
33.210514954118224
-16.83395628467612
-11.69987329862687
-94.47411961306275
-27.876615472336724
-77.82312595521171
-99.47457918833764
-13.099909012050091
-0.897386076823949
30.248326235855274
-47.06568487798912
-30.27874708150584
41.44221775473568
34.45995401055188
53.389759926814264
-15.51858386326515
-3.9618042255016945
33.118185554106645
-81.81449721075593
-7.809592668196956
39.612938262178915
68.76984217176258
-29.456418088459984
-5.579774135126343
15.703599003617526
-91.2013502469033
60.74577314088009
84.08084292275439
60.78507645273862
25.75609254598419
52.57247855157698
-33.0217449818295
-75.80484772944763
79.24994477886719
2.8083863147643626
-65.3259195166639
64.68033006315594
87.17216624309086
72.41217947600464
57.949582070999696
8.095645672912482
95.76499275448396
29.10315440077801
72.79649466618261
-35.16699554195864
-62.653867455454936
-98.22351246880481
-28.60819116330677
-42.35233333455142
-3.247416742381361
-96.15530626555164
11.974776144766082
51.641757735946896
-17.57825234891415
-36.9364176562178
-80.02275840411164
82.62119650406038
-27.786396838473678
-1.1288508568067357
8.041068709366428
24.80733080198722
56.96524951420608
-57.975357994611485
-72.73876206280022
-63.93629904406919
79.47063221348793
-4.947162469195575
-94.59464384530108
-20.36154017303396
-37.97205052923669
12.207226652861536
27.252794466812944
68.21830249285568
58.01563137016464
16.481956954768776
29.876845441332875
15.991028479071701
60.51265943440157
51.2213036880201
-21.3418712003336
-55.41647776062941
-35.06516457660693
85.7767849246552
67.95478776470145
69.97829989363663
-94.02733078881916
80.54751488044133
45.69666170803478
72.7311952282769
8.01341834128992
-70.27824950432941
62.353026575360104
63.676301743883755
31.11175525766302
-34.97080638685246
-71.44506206376089
18.080542562442403
-21.21053828932355
86.67062903376751
-68.11553982021519
93.7856413220708
-37.88551041419079
69.61151975916587
-4.060954547818767
-88.22373993180533
-79.95957504377506
74.22244844230329
-99.1928008808064
40.41179810373367
56.66798461704897
84.67885257068642
52.52503185757854
54.53045092705662
-13.05553830795374
22.57814372467965
-63.30899754129915
-69.88980872106072
7.954820470741851
-26.051488727029025
-30.00489664283556
0.19975196932830386
-0.12039371030239465
0.5956389289816428
64.33592593186793
63.81477691228548
79.37074369387312
-24.227513120148373
45.62000370957446
-86.13980925116927
42.65378709535824
20.235911908578714
22.669079782808538
-70.10328781838811
41.20141034616418
-31.4492117560971
-6.151209749199964
-40.47292933936142
-51.20906007308852
42.19489385088363
-54.55325273447475
57.05822933653724
-20.96904705047133
14.59254043968761
45.33421094015981
-90.54411182476582
-1.8344123193331683
10.316908317233981
9.317887516835711
-87.79549957489039
37.02824007586295
2.6470333121626908
54.814263544697866
-2.1065377102953704
-55.72734448488792
-28.2045286406928
52.437643012366095
-28.6695359219907
46.419632981301106
86.26686287652694
-46.873867483573626
-68.43308901710905
-96.9061800436097
-68.36231598193292
17.622695973412632
-70.97347228125908
-37.44109611952477
68.84674236375673
-28.82221819217115
2.7241237450472084
47.40029743739595
-88.39095108916402
98.65541638807815
-5.783132258693129
37.8475820164015
-46.649536065854804
-26.78003207903292
-85.00580501895658
65.81143306970768
98.4617584364415
63.29825856870107
67.06727674184481
64.30517437383125
99.4837881471903
83.35868450327945
36.05854727509899
63.13555639225709
-45.85563456630417
-55.25929832064129
99.12866374241827
59.80533882262941
17.05870982572833
80.87384948736712
-98.96331711607895
-38.32407781951608
-44.6604031796882
-45.68495174209672
70.3417021193408
-15.335071378619404
-94.38152606560169
58.67148341333353
-79.2053961702286
-0.7188710428055458
-96.97855978131878
73.941532335181
-86.41978318411414
-64.13491172164017
-53.707250108527504
-85.54830918620273
88.74351970642559
56.38570259295429
-82.41666396859856
32.68629839406256
70.33542091527079
67.91354742688748
45.288273830038605
-11.392876736961966
10.179461774257504
-19.159787682735015
-49.050218628886434
63.59719413161048
-52.24403808170097
79.51891457923188
-45.713391970256744
-63.77676237979901
-71.59539381159156
-50.7497100249165
-37.413608024300274
33.052098678336534
-92.18784202887203
-91.94702422322025
51.766416482927866
70.79440440111117
-80.02021501660217
28.908942306433033
-49.92704067174909
67.52220321210922
17.42032617967884
-71.53290166890491
-93.2352323392859
54.79865304210631
-24.24406986147389
0.23511167172456737
-59.79203464895511
78.59882970596564
53.33849546183549
-12.659785031452202
-74.29427537480214
41.659697947622476
-27.675146403912308
7.2236230557493
98.0421253871591
-58.76645215195539
80.8995922521938
89.07734153691518
45.56285073682761
10.921920457761544
-57.44464346458129
-96.65519545729427
12.679712594849661
-32.64871220463638
51.89441889417242
-65.82670422086245
41.52010331558958
-53.797905099352164
88.52443907777106
-3.613288839388275
51.02524180002462
-36.50848429084525
-17.89582087813251
10.085782714078519
15.643590092419913
87.70544097421507
34.591715120712564
84.04026220536994
-60.08361180107795
-57.68297958318791
-56.7067912560951
-23.609308572057316
-73.74843871094343
-43.02750538034472
48.70219484876725
23.94846609080294
64.71963100532776
35.355154299816036
-92.98986404506915
-92.66485558512927
-37.62331836896553
25.479780856920243
-20.664865898961608
-27.88614965675073
-44.93014448225014
-0.5522293736289612
7.398955043260997
57.24283327810903
70.76984446749154
20.301838774565525
28.312463372284924
-8.088378921453241
86.29059016175333
34.15867294184042
6.944982335864495
-85.61298407254216
-54.83781672971912
91.93040644589695
-56.315410811302755
69.51376053784051
28.717521633600597
70.06568254523302
77.0543066099188
92.44211527681153
-42.545308750009724
-27.356637547595312
55.695497620783726
67.8284003534915
-96.60137219901812
-25.28327475447641
-68.62339884723256
98.61443755585967
-21.16247972076249
63.08415941639524
-43.11898478041187
2.7407618409659875
74.54538073076168
3.9023066316878072
-60.120147548246415
45.395978692322785
48.667920074739754
-8.520867203322965
-23.432284989194272
51.18452083691719
-16.37413249199618
-5.023361097233575
42.876727518209975
-36.42623581604947
-18.97747981150009
15.41078928449781
-38.642035328485846
32.02106230656565
-28.317020574411387
-34.939859811209686
17.71807854770266
-99.9914112218039
94.04279553345125
-72.72013842533113
2.304405337002507
-74.91369201880494
23.94954437671646
-69.54016212636475
-78.5324685247772
35.991205900734
29.397218181862
-81.92567350991649
26.113868073545717
-70.33389291571102
-5.752579474789044
64.2057181357682
-32.56165750745458
77.75817563899338
-85.21048634374193
97.56119119157782
-50.29261893205486
15.074853164327507
69.1792206334637
-3.300624803013193
-91.83761317235277
-4.21355711874412
-56.43965499309969
36.526292931725465
-92.33110592654066
-92.63572753053153
27.89396401940583
-77.6088515274237
93.27154779639696
75.82646332118449
-48.57909072244533
70.90549072112526
-61.72902329487435
-81.87894873393351
-76.65668788965571
24.50222684040675
-58.045849617467724
79.1606535664576
-21.516109055913347
-69.65509844267655
88.45726603345946
-35.278425062736574
50.395192439746296
87.7765147957588
48.72098742791812
-44.25905484289734
