-5.54800282072749
-55.435658705841504
86.42464583767054
-92.23685450572103
-6.784694619268578
-22.01407260901827
21.27954396865826
-17.47106780770227
-6.913791629805232
17.53986745769525
-80.03948174462722
2.490035336644624
-66.14725609909058
3.166013766086209
82.13037727826227
37.90899625142009
-87.27788825058546
89.74647102759644
-33.752971957781995
-55.674181077818275
-81.68052559205401
49.45295752856177
-29.691782286323715
-35.05750432135612
-76.33929261461094
22.970542480812938
45.61804688173791
16.40497235044829
-39.49407959336027
99.58131706726681
-88.8706335000174
-56.31895160400289
65.20270036929699
33.24325221929993
47.02475857956219
71.8957442801125
-28.907006329838694
-73.80291296312456
-29.604593721613924
-67.4432085989044
64.58102951985711
99.83007798719095
77.75129903758165
-49.521867841197256
24.755674442359307
-74.98527797599635
-58.751431518142084
92.18625617255444
-0.24477410579602576
-52.99997560065219
-34.55404163626781
45.319167820461956
16.952710810331965
18.82250543419262
23.3857111429745
41.65911178486829
-17.036839465887326
78.83118089283664
-31.391135359289905
-50.74148672027299
-49.74176610471848
-32.424805983023106
-89.27508890253928
-78.35677636629055
-20.22104301005301
-52.60459714577112
-76.97655786951343
87.83068604265154
-15.151199586122303
-19.800948851911215
32.89038318370223
-97.4463380130304
60.67392246277177
89.01075769508145
30.888259737780885
-17.095068658150183
-72.04059253575639
14.002241904130997
15.633286451226851
-73.1569450380821
-97.54344687892184
-0.9512402361813344
80.67799574064347
-98.04257718744354
75.86853071768158
9.4004490200914
-61.00498868232407
38.98401601267608
79.48407713518944
77.90555539888993
94.01868766933822
-40.01592019832092
84.20818917400058
55.45884358020169
-93.26107358431703
3.467470327272153
-49.70312505658543
-96.05407524099085
-58.29476187416911
-92.55576547810568
-63.56067682382624
-80.22623421803969
72.07401257221849
-90.11937833733523
-13.392107274623584
-99.8981638607537
90.41602452342954
23.23257229808908
81.5754579315161
-93.17885899511793
20.349541759869098
-19.523267155337564
-38.33950940424729
-90.13883309919659
20.232540500164916
36.72336378925394
57.145155866022975
45.74890589398029
-56.74289036292981
-20.4836558777521
-17.799404000515224
-82.7068870995554
34.16155271011809
96.34439711874472
33.286647185419696
60.75685329792955
-33.83575082830643
-50.36081462989124
-14.399417646897334
0.33389651307504664
30.18558695800408
35.61464923854166
96.13486221530951
-14.835112173850646
-73.1927775120786
99.10060197732437
-5.354286950557579
78.56827416763736
55.02045873318832
84.04367807739368
30.422177891347104
70.34725486716377
-23.528033693784934
71.82473645265111
-75.24789732691275
57.9660209045872
-89.61912225168034
-50.72957409747718
85.34189928462447
-97.66901641678598
-25.24352389083549
-11.86818607983544
98.29492398364619
-80.55358816069591
-20.82049229722263
97.27642526231361
-83.3454422812106
59.37662249824348
-32.101698123216266
90.77339535819908
-4.936645421314154
99.49566994156217
-89.77437481304023
-87.19590597108467
52.84741441374328
-58.130192410796624
-87.3087219123744
70.47438739401929
65.10529413684378
81.59145597932803
29.573785896761848
92.61277847314926
26.489271762905503
75.26667208196102
-34.18718769605486
41.429622901174525
25.51191807905238
14.40094931208921
86.96317771315938
-25.30778705924736
-51.993637096247205
43.757066356066304
90.21601194624321
61.78622689032284
-4.858979562624953
-40.62614061811119
62.261326364473206
98.6096324105419
27.44055862652894
-39.24914039413723
11.358601030101042
-74.74782162458254
47.265787600260865
-16.447155687138903
3.312785218052767
86.00840481372595
76.24625659396696
75.46910825410617
69.55537108722535
75.3675859319903
-92.99947724583744
87.183800219284
-82.28755197457438
93.02957592241594
34.19716316375971
65.59913580255724
46.64990461198434
-88.45703396698087
-16.74097110633039
16.40912220886601
4.508146177456297
-17.088098450295377
84.88433415729696
-82.41743368723466
-3.008237314175915
89.54468025102716
-50.28634081675054
-37.15270050931929
33.85453463265526
57.13264169500238
-79.37047098217396
-25.403055062930704
82.00493785933176
-72.48909359352776
67.48539996690545
-5.563816415155841
97.75814420421435
53.062720790199904
-7.849884740874245
42.669402292149556
-35.996081435418546
-39.07892075045449
-34.56345393100719
22.023263084971063
19.042659125520586
9.732473054992923
66.5969944310576
5.172910531237989
-98.44658064667647
14.844164155457705
68.64072549040407
-82.45326168707841
-7.352396189272838
82.59131043952914
63.951066887894086
-18.357780997302612
-89.81593725331057
-27.688296039310003
-15.99558472843647
-26.84420410717962
69.78837004219059
-8.168144054274833
30.351587358992646
-27.212517364956142
34.26992091816729
-63.33500274976542
8.859817196415648
20.854905435760898
-68.68338139062722
13.243401513988488
-81.29361604048955
96.14669839710604
72.92160762200925
-16.679603737047998
25.475706317432184
-59.17645494790755
-92.63865429215387
-74.81543730710005
94.25797478885474
-17.43906154026014
-77.49620332243347
-15.355706415087653
-8.633848800846394
-99.57428902613094
60.451658650056686
56.280599833008296
-50.483319650693794
42.59990091278945
-46.71931227207218
-77.60244115177623
-36.772447864269495
-61.16202359360025
9.17716626314791
26.520960023181786
-82.92324572287544
69.31072294370952
-6.9183830934995
58.455557843527515
65.1741277681623
-33.32356035995613
-66.75854772000586
-94.16521089489014
59.1892646480035
-38.5344168116905
43.51705230494534
0.06919976960986673
-96.98007863495108
54.841215987526994
-22.394760425229364
-9.682722513851047
-72.10649495317833
76.64866600640241
-21.35829585223749
-66.79777801218953
-70.97083544414535
-40.546268435180764
-7.320059949790306
-26.32425635321897
-98.57539694020596
30.700895813355345
43.897483772568705
73.08634065605668
52.64188288843849
-34.593406456325
95.68893441398635
19.30130944331772
-88.95345794590773
88.64915765965384
-46.348248409868354
-54.37849948575779
65.55714926488864
-39.66665888268916
4.8783638375088145
-52.55390002677798
3.700085232879033
44.46066741303284
25.477659851184768
60.07890545415674
-42.04152271878705
-20.490670375051124
39.718832279680925
77.839573899708
-64.28955256585701
16.66380620773333
-24.822540719412856
-36.31612516592673
48.15029338126732
-14.333399589549273
76.20942545203704
-85.03086691849859
14.530377086030938
-5.344441840077025
40.234107713294264
-28.07603084820221
91.07642017211026
1.8820616760835094
-71.18567680985458
48.28635892202391
99.28555623104782
-23.989714615619434
-13.746023387908707
-52.9651377007518
99.14403315173877
-99.18959511424738
-61.413847550850065
50.928495980507336
94.41064120313004
-28.121183476237448
-37.6686221528534
-84.49546883402039
79.69712875243687
82.90456904732949
-98.80178016601704
42.01158470261021
-58.95202587442745
-4.258260747388334
99.79792734407741
13.25580950494816
82.82713788742964
-91.61687299014135
-28.087768271959405
-72.32276856034976
-21.58887406441636
10.519059062747289
92.59170586708183
60.435452646700725
77.00444420705747
-8.692929821639936
1.281136680987899
-91.73493818142806
-18.299450235053328
-63.22823333634622
-58.07004550322306
8.41276477779327
-49.91513758368917
-5.569349698783526
12.77337449194485
-99.84860343332613
-27.346853331518318
-60.19567631424294
2.783232066185377
-90.78911681668858
35.69562337157507
1.4803504480242395
25.380049900331045
14.488625066584703
-47.8062823253338
-48.559456135502835
15.67303285431818
-14.496919143957186
45.38155364775497
22.815234463447666
-93.64857400504117
-41.185180718043426
-59.59397738111454
-47.25094326220491
47.50353315965478
-68.39321460050971
-65.16496214414124
14.266075411525051
-34.95477613291004
51.1783772663934
49.255530225144696
-5.1264855469736546
-26.875899895834408
47.11300531318591
-15.570175136807322
63.92726594946856
40.09625367854318
50.42885798173927
-11.122078504163667
-25.356233207418597
-85.85932646880204
-5.502537304767728
-35.22863905728198
28.280792596608705
-93.30804669646831
28.20721182344215
79.12518819073114
33.79301846947757
-83.01138383845202
43.70283280160555
25.099435566103296
-81.95329086042653
-57.15654230258633
5.138017097687239
10.549938385835574
-28.4474083424346
78.441510885371
-65.63838099974365
-3.348440529846471
21.26788123235299
72.47034281798267
44.70464464117114
-30.000310799179147
-47.71388347086549
-39.00153480583117
86.86315688665519
15.58994309841512
64.78241704665106
25.568903638911337
-96.04636476787614
77.14208599556434
-24.39872767019847
-83.05227292216924
32.58900128023038
-54.70343157544959
-38.267868126693095
-27.769592556670148
45.7297296224329
85.58456034343595
-79.45386754697972
34.07289201117251
-50.84774016723077
-64.00742937478019
-83.36624856267088
61.74735699922866
-10.216248267110586
9.580938818130448
69.44791057168638
-92.08133586118284
-5.966122560320073
-91.78902848041521
7.506839988412082
-36.96594438460057
46.04299251443706
28.992451534822692
13.925596690512492
6.823433638333327
41.09241201912016
20.491137775913046
-87.09422892723563
69.18787062108623
-5.981054938471146
-44.308891273361795
24.2886456855653
55.80422942421751
-18.239312959111118
26.452768506291108
26.09035217469018
10.725906579153062
-17.523843218707725
-15.122786051068175
-26.036246889198367
59.46419044858075
18.093223739564905
-33.206831809764196
78.59385250416148
32.157578807009145
28.55793568854878
1.8748661690727602
78.25644510072746
99.36534546410573
-15.517781685253553
15.880467466416022
54.095647370554246
86.74429243782552
47.72000192608124
-55.75417229208137
67.12569167408728
26.022362887998014
-37.403027104901845
-72.78124530651833
-40.2018241930465
5.944690861582075
-89.63234695432638
-6.446855416737435
-39.88631968166732
-64.30875735062324
-72.105011377092
-18.032591744011484
86.04292679132678
-24.854054703498505
0.1411554868843865
78.15102345821484
93.83151357459928
-76.66497474101408
47.912840849487566
-83.34981967978501
-61.38688639893219
-18.202710057983438
12.663651523609843
88.75151345660782
-69.80908899682265
-45.94661999819745
69.28384133210588
-22.644378861008562
-62.788549287596226
15.112038007474425
-71.68083266023507
-80.25305387037449
-42.481270425643444
-56.38796074814423
-85.69513160504536
30.342226529368133
27.05818774937603
36.541756235005124
24.98611195362301
18.892392747075306
-75.38286838304484
-77.01046229268651
-25.91160642367089
-92.13761228532759
-7.598599167525677
-63.6504184755863
-83.16900091471263
-71.42548409237526
-69.93613415798131
-97.74783122580789
-64.215664603373
25.795732081865964
9.12184514135248
-22.163856895737723
96.4975352217966
61.37254400060442
26.532800336157308
99.02182543834215
-38.38312817559846
-83.28623993320916
-27.067271537981213
79.1314884880845
11.668483407045514
82.76409983731088
-36.139574772507444
40.54638527977093
-99.16699858468725
-4.6151080059977545
90.52859650499167
-36.11013979074569
9.226526893791927
87.7876026470216
-62.47984074633206
-42.697021618563944
12.977980606655521
17.98230447354463
13.580037880076205
29.684733645721053
62.06856022657331
25.62707998582772
44.406945449326344
-3.2874898935371135
68.41151826824307
-46.00952448237523
26.97790177612643
57.64595031456594
-62.07357475540674
61.57137871982604
-97.66928497322928
83.94911430678204
74.9198164729928
-46.610038928882844
-86.80126106732888
-30.626634319412346
93.00954408464685
43.54432989830866
32.56805068006631
-66.76126088859971
38.565645094360946
-93.32934984280286
41.68285461070357
24.440259831131712
-27.978589467866016
12.905554117782913
42.359158851961496
-20.918118194886645
84.40677529757642
-46.46870523121321
86.32329912419445
94.53099198369253
70.6895922574351
13.943831316898397
-29.091971016194208
8.614631239752214
44.46706148538226
-45.176731895372654
52.436100404457136
20.75706552403706
84.88162733310912
-13.35302454217522
18.334635846945545
64.20777795347627
69.22016870588209
51.80262627349447
52.787816968480456
-20.70062080084014
42.55745243437727
-72.34624692517554
69.56920347871517
-34.97387012037123
80.1396747416394
-93.21687525268578
23.6221770088854
3.3290280182497867
-94.7987802425446
-64.94760420838054
98.24754258051641
89.45489856079735
-96.17913522960986
-20.256986638165202
-92.89610681456777
-9.245152055647779
16.410861395290738
-44.03679529405875
89.36326776674764
-38.97467701384822
86.5099869642533
29.78598060312629
46.04993530365317
96.00271475079921
-22.515780139301597
-93.8979401186541
-44.87158919250107
-28.745769307077154
51.1616308639679
-98.35402949520156
-6.782035821785982
88.18931227234054
99.86052402823793
-67.15376347946835
12.896200307898866
-22.496611383323526
35.18743967255571
-33.51518677573884
-72.55502251344647
-47.653392210257216
87.15294813246334
-19.521516904398254
-31.356726149236522
-99.14040530711637
-31.3047681262951
-45.2328857882639
71.48718342757451
80.13099975137195
-67.22883762301515
-82.73346005518094
-83.35366870851053
-60.76566239342978
69.69215286536217
-31.49810889547784
32.189986694874165
84.95205047002099
-30.359491052024595
-32.919577366648085
15.771246241703764
86.69284475812921
92.56547258319665
-45.89813441915105
95.46548248801085
58.91087116046489
10.43797890368532
-53.62787358883687
-78.32606101789447
67.97841466165423
8.433904489073512
-67.09106287401853
55.53525676792063
49.05210435341431
10.879496772648523
-88.1166800519375
40.84885783805862
90.42525546765262
-21.095760467530994
70.32674163960954
-95.12547259903978
43.44587480015966
-77.27761984070355
-41.829503050271974
76.50434700566015
10.718160695864881
82.33460592344909
15.783940795089777
24.640715205033743
94.10893698577794
90.73701817634114
-89.82062982935406
-18.870399104930755
-75.11290029381266
2.822765052118939
89.36860364130737
61.929303253992146
-35.84207911709312
-77.7636559085334
-79.85943299325824
61.65544796337403
-67.18232165322146
-39.13860618789147
-4.909937988191686
27.45783048282415
-55.861260250125056
0.6552987799463068
-1.389452181774459
10.426810628285168
-64.94243700374949
-34.950367589422086
-36.100902976480164
-58.85434237377369
44.59710238077125
-97.8191429652961
50.259074726274804
89.07964001891932
46.50188640836768
94.64789753980065
4.036367080675191
-36.73631587313287
71.10755221250199
41.3043039932698
-97.97209881238813
-90.96953851074858
-77.05681121539342
45.283900391529215
-58.21467172733013
82.55641278573066
-86.57826593365279
-90.11882487875815
-24.253187311776173
-26.863527206337196
8.737213551433882
33.02746889646377
-11.781413526345958
-60.19372814657227
-28.956566458298852
63.882354542142224
-66.2446405786041
-86.33973549175151
-53.978388401309594
-8.375306749240991
67.07598313063076
-47.93696186466636
85.46849864773378
-60.14007073628167
45.788623200341874
11.859245381429659
86.07547307289721
-88.51139279889004
20.073042309137506
-46.64673153276204
75.38621857964952
85.62740516509103
91.61507568714293
85.51800163796565
-93.97126061472423
-41.582160509470654
39.77799476839499
-0.854731513455647
-64.823705803182
-41.49540497144828
-13.834844326604795
-79.24776829189423
90.75145719217898
-82.14733329507216
-33.1482855382246
-1.3472695440750897
-37.44748337022932
80.24340851082286
-86.95816466046979
18.779661625094718
80.85188721799
-65.27963885764521
-95.45907023684035
31.81243215867812
-10.145886231975098
17.85844444465603
36.60993478605522
-82.05161039415523
-44.85199080240698
59.59671039209684
-35.86708225674744
-88.92828386872733
12.993843295280556
-42.70906619330943
21.21244262793715
-78.41732697064081
92.75160410087736
-77.42472151291713
-5.604106582897344
-24.194261322650362
85.93143139287636
-35.21361537514815
-80.01682659948625
-9.267932054437793
16.016000863921207
-66.05397608426563
-75.96079312304975
-16.381383804173424
39.26106862281168
71.9368413398081
63.542900293769776
94.97453698476446
-54.630488883642684
61.5352641429717
-0.7569754338566383
-64.76963037448954
10.96100661957405
-92.38930564057364
13.283910616226152
-40.78636673894462
-9.584435731940715
-55.654838451888345
-27.746438360354446
-29.812825292569684
-86.33366588345994
-96.89996781022255
-47.80466220080366
26.31792725219435
92.45273515724747
0.878211300991282
-31.014365235003865
62.72809656006237
11.388524436022024
22.051520384094104
-48.09068052856031
-53.550377073456424
34.705871631384554
0.6301539296041909
38.556193267368485
-15.638194454387545
15.85641997521978
-55.817006168481974
48.07345952549122
30.965677530052176
99.00815594380924
-84.21219271482875
-34.512034939312
-27.27368111838007
-43.77132702967459
-21.637345403948018
-19.890369181347324
-68.224569602337
89.44808935685239
-65.04198250869307
4.309021785674489
59.76978191401642
87.20225050984621
96.76728144672308
57.74754017684475
-3.677715253443182
16.750791514918447
-77.02121555474967
-52.57966363512476
11.086261275675511
-61.894859675015866
-31.697705717241405
-95.10544918938118
83.38320176538488
27.507205732351323
18.391470121221488
-9.065384105162735
-87.79176434242963
90.60661909276993
-48.80820601348292
-66.57206913217112
-1.2788534196650971
22.951679214531055
-73.79788846270628
-33.983258461141446
-84.18445363354596
-92.08718172866352
29.09731507309803
-30.243720622301367
8.450923876164666
-79.0112568732593
94.34304297615864
50.59409572441942
0.1411688097410888
-5.780869520425668
-45.3798862434641
-49.400572596369784
-14.821584017160092
-19.246766340708547
-98.38328455271616
-85.15063283872017
-41.75097212525167
-13.600961876012846
20.635682885674683
-89.32762256699877
-67.89981546502644
92.07297993871785
66.17291833301897
-33.936447904206005
-84.28107892954824
-69.18267616460639
71.54120670476948
-56.05860056444858
-15.734609336550903
-52.50041569001762
20.755623864786713
93.67321484880117
34.83062425008606
87.12799939930002
-29.34966314131063
-20.983903772197948
72.98344890261703
-46.789167793620614
4.344352536349348
91.35267138745036
-84.17901148984728
-86.67972510801154
-13.443024768930115
10.318435219116637
-45.063007357569006
-19.888420574972514
-89.82782405047631
48.81672488822218
33.33802677269381
-38.39169586657236
70.82634502321116
4.385375305307221
43.69883811417199
50.434766949519656
81.44353576583495
53.453163958478314
54.03093615347845
79.95966623635141
76.58458642779539
-86.82127624157603
-78.28746423402055
-28.021041872579545
-15.028767171878641
42.09168099630179
10.942720937749286
-21.419642399178215
-49.34836160384821
-43.45138986048913
-75.25151082864194
53.77267587501072
-61.60999522953175
-0.9848916011000739
-99.69437128059833
-43.55009887155461
-9.516586603984251
65.30326216786156
-11.547483779389836
68.13014065513329
25.791579122839934
-8.839144770661406
53.14362310719491
18.214818218194523
-40.95045843414942
38.090174654629635
69.54579930872075
-0.6630840210155355
3.1727553067374004
31.908752392908212
19.665682766565723
94.01010732352384
-4.461659525776881
-6.8679599652083425
46.749613858344446
32.29426320057769
-58.92397154299294
