95.55086770840046
63.05194472370428
94.54581586968948
-31.018463175521433
-68.93130111653355
85.56211894145008
7.015843352098145
-62.912755852706034
-47.79530412347324
-68.07742708670386
-19.453220028057274
-68.72519792590865
50.61411608622359
32.16330097586041
-39.43529344570131
65.68064884626793
68.97498849041204
-43.53020118730324
4.010966677650757
62.34934802047826
64.14169872940968
-46.821165040568125
-38.23456484451877
-32.635992430247754
72.16505685199701
-95.47019987250135
-1.2712059186562215
-48.940777981060776
24.421989751161632
12.731070553575094
34.33685354459686
6.835571435503056
-83.82521129707392
-14.76131620575471
-23.948771058524798
-82.84799224893264
-88.55459821001182
-5.529155740552994
62.37345019384193
17.41019320320163
-13.072955629703628
-99.68142868526344
98.17685562330837
71.78632391529658
56.505533530426305
25.240749222717568
67.07167560187895
79.69522679122309
10.7955522879557
-97.93782067828074
44.527756585335624
40.7437235281042
25.587338672588402
65.171837373963
60.66393731323117
98.04751193520843
-27.753230011346687
32.97223986417549
-3.4777781591654957
5.0273702695416915
-18.553717248596286
78.80679416806683
-99.70120713940011
-17.091917416411277
-23.806682983192047
96.97111578035864
40.34211533789454
88.40691984775117
46.270740753174096
-40.45665489069905
-73.1779294168503
-5.324446707869001
-6.8400851956998565
-43.67216837445227
-86.69793550447453
36.473093970991386
-40.24901479545018
-74.90492213362586
-45.23262445736531
43.14138533869826
22.769376649593227
56.66121586713018
-19.82355890812198
89.72790689884204
22.74022618614599
33.93016871395801
-89.77794694812293
-7.938373185799307
-17.186329021388815
-54.258610174996576
34.707717197791766
-76.49443808367985
48.87492678095251
-83.8478397507347
88.7224425987026
-32.45522573902191
-45.961820800437245
13.955950910071252
-50.95077423484591
-10.514644889164202
-1.1706373216383383
-12.155285689311341
-91.97802780054774
88.44682831777115
58.10319632954639
-93.79778617051848
68.93347604367449
-2.236921023076846
43.004348562784315
-17.314757355263197
-9.018466226982554
12.429487746986467
6.071140230564325
74.73049594665255
53.8625538636102
30.038254514178703
-45.752352971268785
-2.2763579959808737
-56.65191302207933
-82.26119473878273
-21.251189980252107
-86.79684707479451
-42.524815850511665
-0.3768390903048129
-23.02071451913359
63.800366983956735
-6.774465298560116
-52.867988562565806
31.191635509551418
24.06593620243025
43.65985824408614
33.053453401732355
-10.453881713461925
63.48048672901771
-41.6281459072348
72.24442354723553
-19.35561529446059
88.34441548683964
82.81424631448792
81.5418532758417
40.33071146108267
-81.555473081017
7.007158644622422
-51.248692304409914
84.58855593667136
-31.118025252832382
-33.46707947329506
29.210865977705765
-63.69121378034044
-68.63626161500518
-92.97053880399142
-26.38932557827698
-46.57597791531107
74.36589644084125
54.94060683814851
66.31355667673782
-72.43678799027327
83.02720085464694
-19.544106521249603
-18.282856959065796
-54.61438734786037
67.0105270509718
87.1032276747377
-99.07658241630612
19.737111985114126
23.30118341180267
37.89844405936992
-31.673843079489657
54.53984152495883
-11.082573111099407
8.171185020847332
85.77122224234637
36.624653645322894
-62.080985473205686
-82.61878132035096
-27.347672215955527
20.072729998761574
74.67083061017925
-88.93159325812795
-24.378997878652967
15.04976602817834
-50.84179591806042
-95.04860356645275
-48.1248156638592
-48.5157551713159
-6.695074381798179
-54.90761652775122
-57.8369144763254
-57.159549424106636
47.5267394269124
-36.52952465770562
-96.23834915167664
59.971981465634485
46.28623541633354
-70.67448386794987
-58.3614137359693
-6.248711169006157
54.002728009253616
-26.925438468022293
-43.959178407912326
70.72583432408058
17.704537219960798
31.77009684344688
-43.40013827255886
6.820762623147971
-17.747411000406018
51.87814822534119
4.395548909721029
-47.085351774590364
81.85465636722932
91.58273931784663
70.13784646699591
79.67835981090639
71.26819756279221
-70.72170942335589
95.07000715840047
-2.7018537197610897
88.21879976744881
-22.8550822849608
42.136713604299786
-90.50598409119229
49.18546759440588
77.0125391191244
-8.85652420667769
58.20311876610356
-80.5927096067116
87.85274941964732
28.397605239958864
5.82645171182206
45.539895764075055
63.28459681157196
-48.35882472700641
-69.2587513249984
-80.82552118967862
-34.66545127955405
56.075985542687505
-69.1318839709055
21.720359241576006
64.61144955330988
-6.540951584621595
-77.62657264738088
-1.143501194596567
9.921377550743586
40.24706310770679
28.392573992324117
-40.29751207731418
33.03685618854186
-59.71532609608929
94.88123070385734
-50.10648934090294
78.51687101558747
-35.15145852960859
-35.79564360201704
77.55674849991888
-56.13308112605247
81.54036651731428
51.04174002400981
58.59577934441839
-26.93769271505704
-80.22745729472106
-11.86910251485213
-44.95186745552226
78.7874976616637
-19.118063704511172
19.955705943199376
87.59039679002132
-77.50657747865478
-73.75352371265788
46.732451974792184
-13.701559796644915
38.31424733773309
-59.44998639198828
63.68759346577224
25.025219928427816
0.4033823706099753
-15.90961204330253
12.865490859214177
-67.51646107975398
78.13224703764632
3.0917835516568744
8.412021684671188
-61.95391149181877
-95.87743535183195
69.21490934815208
44.69241374004892
-9.925599661447563
-57.00126295381578
-0.948508570369782
37.3681486708237
-52.86355386815262
73.66193755457897
4.569773601692191
60.65672370907768
-22.084841111171485
-49.81915225795568
89.282753118334
86.6603988702459
83.38234883974815
-99.44523808623345
84.69564527661609
55.07855136817014
-0.9279916591142978
39.25926567187096
-68.32862636938313
95.75526635604581
-50.212147689014074
-51.52736097443016
38.90163447644758
-90.5654343455044
63.83533687068791
-56.868331489778036
-44.93365751294045
-17.169320229387154
-25.211112515457316
-79.86100142537262
-42.0718122445086
7.121351578903017
-58.039921134769145
80.29985364999345
-30.776536964006354
-63.567645202031464
-6.807856992164375
43.279006473289826
78.14832368569151
-16.311784833216535
-88.1900448417575
-53.20020493856512
-19.31167014568787
19.595308284935456
34.88574546218257
85.50908522803837
95.78772559476542
-8.395548886523159
76.22424773758073
-99.25525247176085
-64.72265160803354
29.341786717459513
-18.47140121530184
-89.67408257128106
17.01771173076665
71.30161107138932
92.21432927322246
-56.21250833246645
-29.341315852143197
73.66882377256545
9.06952881127772
-89.9511094056482
-58.490792647583234
-6.033113634680689
-64.34207654580752
18.23995080261642
72.9990560141529
16.916307492507585
61.43292718568139
51.963293712462246
-28.775809020810115
23.831583683048436
-25.2260212098401
-76.47940967332197
31.629387789017244
-63.947016126628206
68.52817987251365
17.235480955545654
-37.82624452246146
-39.190641054233645
77.17058883612671
76.49133220472365
21.7251732549568
54.60417390002968
-34.94119179459784
-49.13741051542404
75.42087511970453
-30.50552260593892
82.33879457624164
-94.97661709975335
-90.37304306294862
41.835406716416
-36.43570248671062
18.04824324450631
-57.60341856477991
66.30544986660828
97.62269944333192
-69.30727535103912
86.50734124830527
90.44247312075717
-86.8509203531027
30.006500951344634
-46.81535528478429
10.989807564313807
-12.852913509193769
-39.14719975902261
34.24885789256436
37.4957340917712
-17.759501323521775
-45.86125916746126
20.086708863765068
90.31221960605257
-30.58949199239423
-13.75452798698808
48.780444584013225
50.079887451331786
76.95251001805909
-56.19175694899479
-76.50708060001456
54.75181274198408
-62.57429226411835
-12.247430691927335
70.08053340101
-12.998500329893986
-48.93729560744209
-96.38322820922929
88.16271636166769
-57.64378341665686
55.777930770162214
-8.668589772524797
-56.03549650392496
1.069398613548472
-80.65546599030571
44.714360729198376
17.362649935374307
79.84229014997769
-39.0840335610922
-61.49320197430062
-53.975675204159934
-85.76616774134285
-26.174810643730638
99.41770160540682
-53.18517928520525
92.03492149234123
-58.20357024755825
15.564921287370879
29.695186176130505
79.52476040877801
86.63598687617267
-25.284248614633697
53.60000654366152
-75.67177545766444
-10.180283196757856
22.134297884548786
47.500488261230714
67.25366820608491
64.19296868753648
13.388228457026344
-46.6574355792424
74.53274587122851
-33.7371773046401
-82.05611759819284
-60.88685414354096
76.28126247111621
-97.59371578200071
44.21131758909479
-27.352799720280856
64.67171923060477
-77.93826886201117
97.106035598808
79.92981803999857
48.00137638157719
14.121533025607818
76.9955495114358
30.736000459432177
43.22175522519785
37.98263341029414
61.47801928458733
24.495083238842057
-20.911525605030306
-30.65726574409517
17.077785947917263
14.960594865330677
94.53058021832561
-34.26083349700093
-50.211822193237474
8.913178131149067
74.00581353890095
26.00765053249694
49.34495740561758
5.180262460045398
-42.533651373446716
84.84614998656178
-11.774261592046258
-42.48085845459397
94.71814682463173
-45.14828794068701
60.24852856149559
-90.58324862002289
86.0512591509812
79.82549696032811
51.54871290321674
-9.43144524311765
76.13975599793801
63.469214645757035
-92.98976738647266
-88.48697338386415
50.899996055585234
-83.85098732821446
86.22343575731182
-59.7912402507925
-89.8067694230577
64.63877130098962
62.32620091860838
-71.1381702589575
93.3716168288214
-40.848131837117776
-7.322358520431507
-4.073916577121949
-91.97388628040066
31.343167422536567
99.5624657461284
-1.7034160157943745
25.62610656760272
34.77603515769735
-95.1212227613882
-73.4561519829312
65.7001101777424
-30.299504257302743
-48.96002032577
-31.255427277757136
-25.374776665581237
-23.590203374004545
1.7152770837959679
88.29195123775412
41.92751394339709
-41.96909183660449
9.004339526093318
70.63109254710167
-43.62351266684217
-79.70308790719314
80.05194514753515
37.3014098341271
96.6119914580955
-50.85771768371612
-62.01399627278794
-96.9463817416065
76.48722996943314
-38.435670465404655
54.32532902433573
58.63103321252606
8.7758652029259
-49.025703493589035
48.99969532203795
63.88823413872217
-65.97589325230243
-63.06316368294489
-11.898337167494603
-11.098861506508854
73.27812709928935
-70.07961108144325
-21.285292314475626
-94.91647138650625
16.349677163716166
15.352603524713103
-31.760142974110764
-49.36924097086066
-67.77235254724573
13.308161995477576
70.27242799110874
-56.97240269617077
-68.6728328000286
21.59145442438175
2.404960084219283
75.64952501771555
63.445754922901045
-35.74131323931253
-77.46584681312798
-15.659368218268938
-19.089405173176985
-12.16622427523157
10.271730566163924
3.7905848642920716
91.29711297200117
80.1760962846138
18.83735599063428
25.638792384257343
-76.95599968844482
-64.03435388929582
-78.91997888875994
41.62629057313677
-0.6658836605938347
-18.17248397465366
13.408496021298276
-87.36699091054099
-98.89822999235281
-4.287880598729998
-88.70952811488108
70.93138950794656
-0.46311067401489936
7.476939484350069
30.203011073675242
-70.10092110510595
23.081841289958362
27.458158120648065
48.07913805797287
50.745666265820745
60.51097833789905
-56.2453472996659
68.37989297299228
-71.79289100046904
-43.69107007263715
-48.60039062542623
19.607349660684065
54.02214441410041
-2.0086588127157086
-1.857516516891991
63.996683000243024
83.51302847825758
-13.654757308207863
-61.44339754522892
-6.572471812402952
-2.4098016919415812
-91.22947920295799
-51.809506472865486
-47.64308733771032
-69.19482186754422
-40.76712194464223
-73.34766800378083
7.3243624960142455
-14.760842267526314
-28.22067704671194
37.62974081906114
-38.960171126433664
-16.030134345058684
-15.425550814642548
40.311203097329894
-12.611521286421151
-91.92892778096477
17.104152152611448
-27.280870408764102
51.60933822356634
82.01983876622339
-78.64209548799312
-89.8774583488754
41.19378308779068
11.445838569942723
69.3346767056926
70.75748849025615
-26.15111328564403
-96.86907111726617
71.85325082871253
-79.60881346110583
85.06693292524542
-92.96799602776626
-47.14814866783475
3.2295625746912293
76.04997931514072
90.49767085706978
-12.78008830914608
-64.37305057920125
49.807973117181945
-90.4034210952648
40.84580512877207
-71.7095483838632
-44.04962517995297
77.00540800190637
45.78491100956404
39.28694132251687
41.965783962863355
-40.9180164243393
-68.00762209274156
-63.962815714926215
-26.182894489578246
-39.2836261145211
46.378826663432164
-74.52498761290857
81.67039038792547
30.01760710110591
22.69720716948605
38.961347736572094
21.58688482046675
-30.1547931471285
-46.204344521207695
42.7110759479215
-59.10529817898329
50.64972059367375
-55.03550748864963
-76.17189595017986
-88.1938272835384
57.54019345193885
-29.559753832720446
84.83632385531013
-6.782512472055572
67.00141291737052
0.45481295821372214
84.83623418994586
-60.426066354844025
26.237010088672037
-13.90079629381384
43.65934874524237
-85.80800378762422
9.558504619177128
-58.17538238391131
-77.72780029589904
76.54909981846481
99.3803205797877
-53.6746868938081
51.399477825608955
70.1365244413548
-91.60053444451151
-27.666291414322714
58.679288162768955
-86.19236815907041
87.54860485015178
-6.950166935218988
-39.01980580798925
-26.807605554696323
-22.294347818331374
62.287361843908144
36.375857969330724
45.119124474083975
-94.98370516763681
-79.40882282031333
62.45584648586956
-2.3489506868424854
19.38739430512959
-27.04558244818594
-93.00586933902724
-70.59763210106347
-46.969358360310956
83.63458416712376
91.59507384678102
-85.0242091319009
11.09616573416102
-33.18817324030681
61.53004917757272
-48.51847742426361
97.6170564466787
-69.02155719693607
1.330451498864747
-52.291874965387386
60.51365317819892
31.179837916493994
-10.235421282924648
-74.85545731229737
-41.220588087941266
28.964356519480134
18.650434537579258
-99.57826773271441
96.45531668294362
44.340551572716635
24.247653903919
-78.64523511673096
-57.343286009250846
-45.84604269021384
38.80429602746719
-53.20858734024125
2.6474107880066953
-62.382576016444304
23.74887884004977
67.4344958065711
82.15296926400558
76.73550656116626
-68.10315975750953
-14.272071572975946
-37.72175926235197
71.83195948531386
-37.10061117524528
19.739710775237313
-13.791715272183453
-18.343470080223568
-97.95972024632987
79.2179782953213
27.33985056634441
18.111385326528364
5.143488700769467
91.62697251824838
-48.28797213327653
-58.993703144369604
89.36429263991897
-25.454868250652595
94.023149552305
-35.98209686341927
1.6926981616673515
-54.19053328853494
35.04232161751136
94.86751397854431
-98.7007399644525
-14.197618665223757
-15.825670549162979
98.21683737398286
-74.34422555216373
-31.79545521249439
57.595856381701
-58.434532453993526
-13.667683282423312
-93.3890103640423
-68.62660179566015
-94.059284115666
50.09883736585107
57.464252381681746
18.034011434496705
-67.60216716037243
90.1068888020225
69.78779178147042
18.345705440382517
32.71938966272097
-63.83435563399728
-1.3974768029298161
-7.512304619138277
38.6568227937135
26.973875862840373
20.519642332970193
53.54366652156028
97.09937596447813
71.83338143578095
-24.924687649973066
64.54263221249496
18.43656258143143
-32.59194889732146
-55.95998846153951
-22.716971807836785
-14.274032362859444
-57.155394101789184
-40.83526908592261
9.27414598691088
-0.37373586506794254
-51.099834580865846
55.222390841639566
-92.46009420096415
8.052007619939545
72.22464012521141
17.308412632552276
-35.86163139192857
-24.752176099032226
65.18304390245169
57.44791507145342
17.0234660422756
64.57209967671045
63.17027628428201
0.7080810743315737
53.02198854503649
-32.9438570829723
71.09285598731341
78.18686253256843
50.169099278734166
9.4546906926615
53.756757688631495
-58.729912551018955
-92.5408248990385
-22.073237249281163
-12.967046864868578
73.64174112588887
-79.25643677855636
27.457816565980877
68.56512581451412
38.94428460674803
51.221900914456114
52.24462135215185
60.60157855781492
-40.719385647000216
98.37369774415612
-56.775512542788896
53.38571466552682
0.8579146954500203
19.042912932036543
81.95737395299366
-48.621412358153115
24.48178736538364
68.0342952706533
-19.983834585698105
-22.169751617995985
77.33068828204591
95.16270713307068
-57.965324394082195
61.26337863289612
-38.56248085223805
85.42363594498954
17.631349514080227
-26.83375537686949
27.34480190981921
-56.05315632087038
40.154270446056955
26.101307674706533
16.06142369275385
-44.51963101065965
12.772648865443983
58.880923780713516
-19.337672613212177
-16.053378575028347
-16.616677341175873
91.25431537738734
-17.034567684144548
91.83969080746488
-97.55535835033795
-17.166405065324213
87.98843529342412
-74.73392198758461
67.75613966432971
39.999754012392856
88.14310676011516
13.406940484099607
-50.127267980115555
21.997478226204564
-19.434882853200406
75.69415819392606
75.50432335190749
55.30591673195744
-72.44583164897074
6.977617002590762
-97.95866838137665
-71.19904189555032
98.10513662006491
-46.72509410687371
-61.55636521758896
-79.64256610428123
69.176018576589
-13.819767735337223
82.25483819139134
-19.932887473533526
-0.013032564022736892
34.9334137134783
74.71040110279526
6.108257663076699
66.8017178575812
-83.2387113720843
83.04506351148714
13.31825409594363
19.608726046578255
-75.90800204939995
-61.51530539115504
-49.712559044028936
-47.99650843666989
-0.9123501546638266
-63.76923194563082
-67.95943567089259
66.83944082900302
72.72475248180496
-54.48519198673756
99.91186251408342
28.19951059053102
37.104562192851546
-67.99488655662003
-1.6736576523401965
-87.16167554761745
23.304465557448538
-97.9951561234305
-5.493862965183865
-80.51466597727725
-31.865798225013478
-16.211481393158195
-0.609285580729761
71.35211373005316
-40.40494769785064
62.85308949461336
65.87842165126133
-33.87055776371288
-52.47642401135659
99.18321793014567
-96.58226030013302
4.377231129703205
41.38716605433453
41.06630300166455
83.80289998962098
-2.795680909329846
90.9203612512112
-40.94663775157981
37.24257698462404
16.306126293457424
-43.2165153706787
-68.04573921793484
-22.746098715354734
74.5576432694265
10.501550196538318
-84.15864016782855
39.30564420079887
2.26710829307504
77.59129365519095
47.7188524064714
-0.6565684792870314
-2.8945205453187413
71.6275402590812
-40.26124853386883
19.46207024952018
-52.11319063055242
-49.943060975903975
29.206912608488466
-68.62577390836692
-85.3796952467251
83.63403459696804
72.03224436063499
-13.3056072994993
74.96888726644943
-86.47588968055439
-99.56219054788595
23.444617941700827
-48.55536605590767
-25.42251419550989
-6.130087835952992
-96.15408489949013
90.2289355696615
-30.19631570547064
-11.877091340368224
-49.72991094696073
-98.18702178400345
97.17218303937153
-70.28251925466331
-35.78391140368318
-27.327636366568072
-22.299627179634854
-85.78903075600093
56.85931449480492
19.973810372997477
53.168799188397344
