-1.413609306959799
98.92992885432403
-85.69805052108225
-60.28173783960307
42.00184547300856
92.33060059052735
-14.280496924639436
1.4807035031221432
-63.3906444541364
-22.798176341317216
26.10723425867991
-20.071184768373868
19.181080106526267
-44.08742833749943
-32.69907632379412
62.69119901766021
-22.85503633681158
-96.45362270268112
-72.09724885984554
31.071520314946298
-68.68934195362047
78.13761864655285
-90.6476306170215
47.6985457816063
97.57391573903797
-2.2279093601134576
-38.74480193240102
34.57313815446662
59.709585706232616
9.03760618741319
-97.06413337372746
-2.4547497768762696
-12.800129865597597
-63.45541505921868
-77.16583826543875
15.6264403360953
14.439048562455525
-50.00476468008075
-59.257055565662654
-33.829071932323714
14.68519618469746
-8.12173240190792
87.14393521727109
10.882349907857943
31.473224116460017
69.31921279033355
50.56926442530221
67.98093424194795
2.890984091154067
-49.92785230491577
-64.9247413205164
1.5284849465115258
85.69184057779768
-50.93148300598891
-93.17919107226244
-64.07178092053101
-90.77643483964168
-75.16346673655652
41.504476435895555
-3.1180224262846963
28.305674398566197
14.29229081713676
-29.664887989491803
-94.68921737855365
93.57747940368532
50.52037104646726
14.82442680182163
79.93459050200954
35.6872993207879
-88.19406010534561
-1.3623412269392503
-87.69514351427776
19.03891720421052
-69.27686786815805
-92.40186195530096
17.5411412884731
71.86785613230947
27.25296625466494
84.76368160321204
88.52588944385775
3.0536661682593973
80.06082767949331
-6.885551704305399
-79.02607539807549
-51.23672376817814
-45.5039302289572
6.801818205699632
-2.8614622068771496
11.891961552920492
-15.269063137183906
-81.86855846674565
-32.368530212395214
-33.88028717572125
-66.97858466492707
-45.46479411569939
85.29126772690901
72.21667104043718
55.590390282277156
67.91311853146595
69.74445154436916
91.00606454052772
-67.87893563771584
89.98293459824725
-67.40637584133624
47.26373191538215
-10.92843461237453
86.16302671605538
54.01744013843211
25.590304393920178
67.90117518385298
34.438103627099025
-81.47899429456027
-85.76760147825313
-44.40175827087334
41.66577334242271
-15.057949651190825
-52.41167276973171
4.287995281627872
-99.97247548085315
7.918129012352409
1.0826896697890902
-43.89367163277116
-94.4165280285056
23.704019216381056
65.15374654502367
25.13701796878874
-85.98144066843776
54.539255383274394
83.4915960758573
41.50044173742023
31.083972160054827
-24.725609558954616
-7.057377149642562
-91.73899307345978
-2.8816952085162058
-42.73173870079945
64.50764170995512
14.16201818149571
-21.070511598465288
15.242396892276687
-67.81072839860306
-96.27265956997277
-55.786739657997764
44.460055699584814
-85.30950654972382
-80.34156121393372
-40.51486586885906
20.003239864039998
-0.10448464301475724
86.81591884373665
88.66562604322408
-54.616965035608175
-92.65785975574494
7.906111427726486
-52.3613146149168
-1.2415069345264982
-56.719799787372004
-21.27704922157008
-45.99017473295657
26.843458435007378
-45.84860855811732
-40.29008489479471
97.48063977145856
18.879507728149747
70.55750921928967
41.07932088905147
-11.08314623351147
4.8223009816306615
-63.05989602820639
-32.51134837522525
-23.408875774006006
56.128161940199504
-36.467193491085936
-82.06509713064472
90.12907921037106
-12.471196339564102
-27.5808328595693
-79.98312267678031
-46.00256699494933
2.316846944183254
88.75522350773434
31.165585398101882
-78.31871906419249
90.28714929247764
20.668486784473615
-78.3152954155097
-14.685820794050628
-47.3361664593007
-4.4212652833151225
-48.021658859848706
55.20789747107921
49.5150694522855
88.22975736366911
-62.7327506492406
-64.03926808597186
-91.71619707496211
-85.29771006235522
38.44933180249234
-2.280899339492649
-58.42575971978006
-77.480970073999
-91.68919056711698
-79.66595099387604
89.57718171017476
17.110001642204125
34.10935662996411
-9.419488356339329
37.48912837037685
62.49098753861065
10.67168001385319
61.540410768960356
-61.68215822559908
37.129165091311876
5.709189511074868
95.48984579584547
67.84030711618885
92.19741622301484
-56.85651568021497
23.86710995964478
26.62992936116528
77.5512215724292
-42.765877916173814
-75.63771126534682
30.230749270811174
-4.401437882218204
-84.03097202793215
-81.76119134509304
46.07882637397094
0.8182651840388075
29.26426740275417
19.550716024812772
83.71920376190332
11.892268433969974
9.905172067627603
-24.852893464065232
-39.38241004369256
-69.16107525440265
-45.27937258907158
18.785052594207485
-36.76132003023091
-89.3336188653811
92.54278563605263
-19.626479593799502
99.5844643128008
-33.3081750334139
29.654003708682012
-11.28845281476616
-29.90165852022089
-58.33811574284358
80.00534522622496
15.786241316880577
93.8002475804434
-79.22489116635518
-98.30318289433244
-42.72134732929291
-66.64314591557527
-79.92787248522315
81.46123090038827
94.76743024099724
-93.78107748718925
16.270213509379516
90.74354765112344
-20.774996906211854
31.77571323531626
54.486206546496135
-43.47441743935101
-83.03282722313408
-40.77048853980123
-13.648913861166648
62.18396430479265
-3.072702712163064
63.50301495318115
-49.47614632571158
-27.418279120946252
30.71361157416254
-12.327339885306145
5.686747325397562
57.145816233309574
-14.57474613619327
40.9981681831307
42.59068068842424
-14.778178517551993
-14.197782851652946
-83.17795118171568
-39.971516271973286
-47.506160332269175
79.90205316178145
51.961185913133875
96.92975069605421
10.398926289838613
-23.314265909729983
56.41384188047991
91.76110406859365
44.98319574964796
-24.679811670199285
89.99399568888416
97.02798666864064
69.16751282103306
78.18331414685912
-48.48515267097089
-46.92743463682427
-84.57504743875064
-94.79792669161036
-55.864243412153634
-44.33850959828531
-35.82036523678656
46.03036606268938
97.70544460952041
-50.2720066092063
-71.22945999262136
50.68070207087007
80.86241356209078
70.05490563741867
-50.07473487011982
39.790689385625086
-39.83035947778853
-67.5037157751699
74.38534362307138
29.359496747346384
-93.77573040286109
-28.929549144250515
68.0270983639085
91.69956777338658
-30.366750540306114
-52.357874463333665
52.2733370571255
60.621554113990186
94.25935357202536
50.79073798380591
-42.23709400552298
40.50087331174913
-45.430917468143384
-14.310736382884272
21.626560948882357
-14.185970471813803
-53.3352129955444
-5.227019263685122
-33.70575934656608
54.23855891981816
71.31143120556223
56.11971258347103
-2.1463562218982304
-55.66034198654641
-58.1562157131579
32.32983346486813
8.75764606554364
26.015230529058655
68.08011772622541
63.34775434847134
-98.04031204267176
-11.721994605420917
35.49577309697628
93.4376433066611
-69.08265612987037
-29.65853410074611
-25.010047927099663
81.03600742188178
-67.75655922395867
-74.9786509420737
-8.788029321999517
23.766523543581215
17.122427678698287
-14.578726225286374
18.808726120726675
-15.853494613750115
10.61726548617139
-35.439136077697725
5.973808557564709
-91.36388790283743
-34.82697730333355
93.68273309280485
-45.61234868004955
73.82516653395533
45.62798452453117
-76.63698090608739
-84.94458702423553
-53.76518814747235
12.73227320490507
35.816571290589366
93.47331882493171
-45.165311608451034
-47.66414708549338
23.698274563158094
28.123239208697896
-61.219271420693055
10.966563064824484
3.5718833239873504
-9.242619690257442
45.64021689068926
-17.864849067101247
3.2991518381495695
-16.164355571104807
81.47594534293341
4.0001321995150505
31.149444189081123
73.62758260118227
-17.316506529148626
-56.03053408488228
-1.2936279548953138
-15.068587999499243
-10.50331527309423
20.11616591947292
32.65104638559109
76.5699284559033
-1.5653172075668067
84.18909612218775
3.813915110472351
11.839436735244064
29.559635429199517
-23.498411490821454
-91.00989974410567
-31.77304895061843
76.5459708732399
-27.124588372873234
-50.44396005002623
-67.93613866145256
-91.31436832726962
79.48757012130753
88.70085085776759
-10.179784669537412
-87.56146465605144
87.66251651624489
-82.00988560014872
43.37814623625482
67.65101556878739
3.278091570966353
-2.974719243281257
-40.002293007861226
-30.372156046090353
-18.890492533977763
45.56719937011147
75.2061366155846
81.77749491112897
85.59191089749598
91.5845074331746
84.57964573199698
-48.915329041789676
26.982307183924064
-68.18808579067144
8.129454583713098
-60.82284827367137
-32.19217718368871
47.616186691470375
67.87142906460707
-22.941144039059665
48.722548878080175
-84.45431317499997
6.907046679948877
-19.143743925329602
7.073495104262079
21.790016970548564
30.789425274940726
-41.159090045740676
60.98717536463093
-76.80866912764162
-77.82616558815127
-49.63358650051808
57.89348856688784
97.19617613042402
83.70686765535348
-32.469082768293916
-35.46937050733297
-61.462819683618505
-79.52387752617017
-58.809830378703644
-62.57133964032058
52.52389559751026
69.38468533210172
91.6202127007694
-10.940981867529274
-54.33632563579987
-53.13912694819347
48.65349197348414
24.398492402965303
38.712774680316244
-73.63388279547456
96.98278477696044
-22.48967858891109
-85.46847027250428
8.984692033520176
73.39380114475833
-1.0620414211598899
-50.24597239253315
-88.34470827351102
-88.05142326701989
78.9937911814865
53.0472678971114
-38.05353007540151
-25.86396887917573
70.14734702956207
54.59255581588539
-2.8471291360636712
-3.692024874814763
-2.1409283731379674
47.51230836135281
32.01825074054821
-45.83090015275011
84.7479615338031
-2.1205766936166697
67.47442094789008
69.33471481520635
-63.12000998039504
0.26997224423135435
22.448470211004008
-18.449420252735308
7.147191196432104
-6.75782829881328
48.97533683346157
38.88605937872143
56.20811463001402
50.27723878192799
11.010926743534895
87.93599463564433
-37.24200223178635
-19.579677082266997
55.677405092846385
40.01906330874593
92.66460661401027
39.82853107178093
-49.02029409070483
-20.502717625281974
85.41404183117842
27.028130907129096
-61.65381639158083
99.11644297995122
77.01147553107725
56.52369509448559
53.80994858646508
-26.855892505683542
46.56452068891127
36.153831905391485
-81.21872043540947
3.1967641059615914
-68.4373305838095
12.46763207067545
66.95364124502842
39.122292625514035
-34.636344641185474
42.49663787462487
89.93715853543162
-35.535468425786235
67.67036664633812
15.401201685020752
-13.700048081594218
-75.41850771138061
96.21759774681604
42.89689486663167
23.8353881405031
-92.73388306512528
-59.573085733105934
-14.33631256467578
-34.48296981307479
-7.0317153813024476
24.336637898208053
-64.2439202497105
17.05969262283955
94.40926657184804
55.189124197896376
-60.37971589716668
-64.90427421546181
-31.638649449882422
-38.097215943149585
32.08693827781423
-92.30480001199778
-84.64952650907625
1.6016281910873573
-95.94938095794939
38.56678519312277
-90.28879155630678
46.142652546621946
-25.867832714437043
-2.6961548625202454
-91.0394633363038
65.69404135779823
95.20020916251357
-73.17616718301608
88.60971212507215
-33.07237172013879
-87.67305484784502
77.28870624522733
56.09793335870995
-35.626247176824194
50.46406111558747
38.304302572714505
70.61428633309998
-96.98020436420221
-24.047754929102723
43.71913011967797
-72.98983323009304
-36.227360678268106
-51.5593054094212
-32.5469610313953
-97.47393597954417
-8.70167027584796
61.89641485448277
56.636119477140085
-14.82103722065861
81.81435390752023
79.30664668306301
87.73916635475572
-93.99084024416153
39.50262045824749
94.7513446222934
-4.834704525893002
34.29805917768715
53.96973329686986
28.25747815262335
65.39894312227213
-19.279031206939763
-29.11290316281577
-8.260016299555659
80.24035667008306
-56.38375025257882
53.51799744450534
-55.73414013789575
34.17995770861694
-53.76919802373177
-6.537708375098433
-22.78102372334503
-70.5002930898369
-48.132552772015025
-40.760288219437314
30.535089977168695
-26.253320319649404
85.0564995969886
-49.58155336918713
90.52607355555355
-18.61851119416069
-90.61897658547124
-41.52813279035967
24.48566878353091
79.44532036555043
-70.97884983750096
-31.95453214767842
59.07444748897822
90.80203775474214
-78.84205444574357
66.09512821997245
19.275173590287338
53.621336189991126
-70.54432452791525
90.47224861146398
38.6794222147812
67.84911757393132
-96.25012750696224
-85.02981195972752
-22.241249560531216
-9.463164398275055
-4.41481007767068
36.3910868342968
-48.64443147732833
-98.25624381433724
93.45154936125971
68.68775649896006
-50.71349431787575
90.4103873565806
75.68950375152852
11.017436735023438
30.610955470659178
95.64299870188046
78.8132271366002
78.53202561961731
85.74447121392217
-93.68687179474952
-8.631635469358727
60.97288849695744
-34.79064061361825
-1.5440354990624314
82.57151788101424
96.28414783377605
87.91782603200545
18.382489745506334
28.04444476170275
17.928793564919516
62.087649045251624
-20.37641075320782
-33.384361028025424
97.97642010491924
-94.65176123218437
-35.98895960398947
-44.97403781030855
-98.20368117357611
-22.64557347649125
73.5341531722917
-15.833357474707555
-11.541600542100099
-44.46279472803041
-9.665344763845269
50.36050567721969
-51.647468987143476
-86.27103564151497
-80.08732679064114
44.36811553486831
-11.118095266269208
76.33505899404264
-82.51178704417035
-95.95911645081745
24.080887798532018
-49.38220847872166
-79.96130743486962
-16.482242148428483
80.45167117178076
-37.26682184292069
-27.026330471190917
96.07436352313545
27.64487800756281
-62.952837550858185
-34.47955797203079
28.309741800976695
73.04896733955971
0.6975208026635897
69.8496556123678
-86.89836782356532
-78.41962918586236
6.016934111118076
68.1346420743613
-51.80489509627697
-11.871084070471042
6.264479770993248
-91.94998813328135
-44.936885604120924
40.37139615406082
-88.80482099448201
40.0611855436527
99.14597750538533
-29.329494385393872
71.36791403904954
-5.24249570745161
67.08030632811668
-14.17257069948856
-6.592431506873808
23.041732082896417
2.1120180957924504
72.53120535752052
7.097886904379649
-86.50931675127092
-98.04705126484798
81.78812496492895
71.62236927212535
21.995519495167827
-3.6093107993455646
41.59272653325817
-16.529681729283197
72.80049490628801
65.10521042486698
19.171084399006347
1.2715480756521345
-26.494572631101548
-57.750856833632966
83.89341331760522
67.43741152001661
-83.31714064375875
44.585290272777456
78.0197649564206
98.86658866954087
-47.7650617014576
-27.782342277725206
25.126016775268482
58.41413181839107
-84.2976701797629
66.76148117088843
72.19578867129428
85.9471218502064
81.41173924837
52.76551856517625
-90.7065250345637
93.10367549144615
63.87293847985646
11.078758243831516
51.91330711543475
79.21700248750113
72.67785174701939
95.38401897878711
-7.745419330454965
60.616297342514684
-52.03626359209332
-97.08793308462067
98.60834100353088
36.20063668102091
13.99437608198619
-43.99440632877849
-36.34203690863727
10.598801994934192
87.37356890409953
37.19067320152598
60.50770767930857
-34.5947656933741
-36.79593242988211
-95.33470819929401
63.531427245719186
-57.01356605443581
-91.0861698808504
-14.382041681920725
-28.591702201374105
-42.839984632670266
-81.45083965014209
-99.07444464640871
86.98372825066775
-28.91921042200663
78.64092765460413
-63.23348146951406
-52.48283113580081
-49.913385668620045
-5.459452405980585
-9.184839597245428
-36.36582359429272
62.68842406378948
56.93014987953751
73.31978437776337
-30.99284754540757
70.27495644686681
-43.475302249705884
-76.17160924660095
-17.356155151309125
77.47637535823759
-23.327649948089288
-13.751375314551083
-11.67148409431509
14.90986631314955
65.77371289660735
-30.218683120302984
93.03467650695231
-10.167169621934562
-40.88223002484816
-80.5829194468008
39.26971143223898
40.5883630913047
65.5793679705593
13.52257031371984
-42.87190996763783
91.64872657604789
97.87251367287288
19.86844061421027
-70.86054301162264
7.604437421110717
25.03205168290262
-79.79222613502206
67.85874912128992
91.39586066536629
58.65106883685206
-13.659232890319316
44.945119966778435
-32.783657046560705
-13.800529209188355
81.98478918897288
12.31823879527498
39.7339032361964
97.36526451239081
-41.14051152234093
-33.54104076461462
5.113750785530485
98.13861320335397
-48.66010806753136
-22.364168824337256
-52.15954425084344
98.35399091516862
26.99618686850225
28.587913959132607
66.18802600562398
39.90565238575647
-47.401253083435456
35.447169323295924
68.7464615819558
8.282984036592893
-23.41471647801461
42.886821954766816
97.09715911954191
48.166668852650815
87.15039552126584
-12.979949202232774
39.697993807972836
-68.88665460054514
68.4512442183696
77.36577592875082
21.33547550452421
60.42333112214649
42.23554930022834
29.560297621081304
-88.69338587172567
73.36956908320522
12.758097218465394
-82.65312472712951
-87.59402580299174
-41.717277562271924
9.792411049820473
83.98461218426175
-98.88169143095651
64.9857364479179
-96.6738587107353
-4.973897486881867
92.12907856822667
-85.70049712585039
51.61230320612111
-62.906570562767826
-25.247266068205306
-1.7638709379707933
-13.18988762341968
16.397510591276927
29.264036712207258
54.40072417773442
19.966218459606893
-84.39833099271058
57.854169594142036
-76.52341661947668
-71.95795785632657
53.93461401550769
-40.2589523894588
-75.8218632941966
77.34421807033522
-92.15964177348961
-55.77551209664535
-48.82936888372742
86.56696091637275
-87.73381542515432
-31.724769235641276
-35.79605362725688
27.555240674007962
-45.367086754619756
-59.4835443929574
-79.22456034000056
-25.68924099432664
6.707743545389874
-9.257265183045888
70.57748867157139
34.45315057984706
98.9759442692509
-50.0050423075064
-78.37259598445117
69.92839051794908
-97.76465925704558
-56.19485360757466
89.70829761598193
-10.453140125243337
-40.903379498265856
53.36910980079307
-52.00795138340002
63.19993521068392
49.745907175792695
-88.0557108726244
38.277622135228995
8.070008078849739
-89.26025145115189
80.42488226023369
-50.40335295477647
59.76332439175687
-80.1001178811477
79.83439091336575
-85.54516884580066
-90.27127284303968
-64.37109785535395
12.658247206393014
-64.30798667482536
-72.91576467754972
63.76898519721223
27.805411845371594
-1.18330611143665
-6.531184673477398
-48.74672032442051
-89.99353493968387
85.92610244221035
51.11649101374766
36.117519061611574
26.674937846036315
-22.57647553214764
-60.09656578231295
68.69865890425902
-49.89361261290317
-76.20729402813313
28.760446624855717
-80.9146301976459
-87.68934939551549
55.730770105152516
-7.563726230663221
-87.34618540104479
55.56167934142809
-39.96189179576584
-38.49809768781947
-61.73517052211108
49.26279872244211
-84.2834820069881
-93.06907955490227
38.5772049054203
-24.18795421032631
26.116559963698947
35.893090985887
-94.50562092573709
-63.4488708775228
-12.459996239748008
91.76257717410968
-24.06075270352315
-33.099276252650014
49.387728609645364
0.16939619531501648
-9.214951566297188
3.844553278808988
57.53738677648056
-3.4222546148658495
23.503623558747805
-3.568568307485293
-17.727318622719636
