-3.3636340824221804
12.74043008859293
-98.72439613167445
6.084920068350968
-82.115993895809
-37.14000297821585
61.81905772224226
62.11274670453412
38.59985973573757
51.903065246664596
88.42750027771112
-41.35752580837308
-91.99901755947877
52.1724633907981
51.1419245782279
-37.74579556708451
-30.153293033574784
-60.6904882588224
-70.71019747223765
-14.622875283563047
19.577761791368673
-27.33314506753544
91.6716170665411
-78.70349686129683
-22.350564414331117
0.2009399580425395
-52.996226589530494
47.271285044518976
42.93123578915615
73.88131634801596
-15.744592092073063
87.5645743256054
36.91575144690745
-41.87690306548939
54.79506909599624
33.12313165836284
-34.37423932573303
62.04479995523192
65.41574447408473
89.10184663764923
4.083377315619629
11.454339483323167
41.66061187251765
38.12313680849263
18.432722335700305
77.03102803823649
60.09591720066254
38.45263675165947
-93.18378526350281
-13.401097039096072
38.12566696694418
81.81779607975594
6.1016223716073625
76.6711689719107
-41.900222421334774
-99.44307029553528
-40.91116774713171
30.2674898322077
-80.12434045642738
-67.8419726353261
-21.36385197165754
-84.40329477538916
28.631349418800397
51.752307295269304
52.941291288519096
-30.42090305595508
-69.76876285637088
56.124021736846686
66.56524746297825
-71.35060727707838
51.29363724917019
-18.05484682453948
-48.58951251920338
-48.739716119908216
-49.468960515461966
18.087544200387313
-71.86068639438952
80.58995348084105
94.60254494520052
62.248720354691244
-52.997629531885316
21.60224650476033
51.76849914500383
-19.169865855779705
-42.28384472679198
-99.9850786187348
-79.00325502974465
58.367386844270925
-68.24727619904255
12.008213777833205
-70.16022221533287
52.08085723156685
-79.48023583399626
6.903039679369272
-56.31693818850418
-65.8765702176424
-0.5993182612102856
-25.257173954366664
-53.10414145787856
38.25453927061176
57.321310605855444
28.609955086970785
51.23964066855771
-52.33414015969262
-70.8357960891431
9.669121246942595
78.36311746989693
-21.42623261555036
35.04200294304033
8.40934769825337
41.219983897500356
38.29987330598689
20.930022072291777
50.9179276396693
85.4778078110497
-94.02232998593672
-59.3862783913871
-93.04409967985619
-45.06855666293763
86.35073443435596
-24.97144126206821
-5.004082875381826
-83.86911613369033
-36.4987271591833
-5.268021942588092
79.67362940653143
61.42099873203813
-83.30824253762998
99.22919146299591
5.847516890913809
3.937910561528142
29.5148212622193
25.054545748792663
-75.13573430053451
17.427166976587017
-61.698776762095655
-35.6918605832433
-92.51595523288944
-79.65756696156865
83.01401141903574
-50.99627955433057
-16.599728378253516
42.642338608957715
-90.41545836455165
-85.51347543468187
73.5740899095083
-26.249676884200255
-56.037554973375215
22.69581158790477
-29.362003177857616
52.59602963856025
-46.08811948927143
-43.90387993746012
24.900693109047396
63.32748639557235
27.841368178553537
6.290010098496481
5.627777526710204
59.421874558959615
61.55265323225905
2.5710544831355264
16.466118395698132
0.8841509314227523
96.55053186506024
82.88416618412188
-38.08378316225303
17.034245850116704
92.21009520793376
-90.488552076467
61.90954843834061
14.806353180603907
-11.566019351948825
66.53415561257418
-30.464992990730508
88.24774280843178
-38.721275600770944
-92.5970101853131
-66.00919997688962
4.3365723458823595
95.20769177947744
-5.296873702256661
-13.79489483432863
67.14348808489734
44.198798503336576
-72.50926890512574
-63.58503235274282
-58.13476118429604
-56.31272413168817
-27.047351708547595
40.35768200397359
93.54049556801124
-7.1563619025263705
-49.963255887257276
-10.951345609816741
-65.84311256858618
-46.1924910244202
-10.82155612603286
-70.18499845718857
14.612391274482235
-92.87357501244446
78.67102702132621
76.29016900339914
9.97977690326934
-2.7161768046905905
14.006253654319949
57.99302418254243
20.65074424665437
-14.580505615357993
-32.960920535982694
44.85719090469257
-77.45745781590306
-19.674943859197143
13.054462188107749
-83.2265431644516
-72.18208075397634
-14.649431716155888
-24.203602197946353
-95.1241254742537
-12.879048419528289
56.42648780703979
14.288615174281176
-3.399013904109637
70.90165583771736
3.606033065916577
-15.430545445258943
27.05499107779596
-72.23871579119654
-63.2184837396224
63.37293543726702
-52.92901095356526
-97.88108940945597
-56.24089777623988
12.237112828311993
17.175470354753443
44.66767366668043
-46.4877581272773
33.22216431486868
-12.163164897942977
47.21714506583464
55.98235017108911
-51.49404116073839
31.972297775865997
35.502737593096185
37.21148185809241
-3.6335015335691594
-85.8378662681035
-34.965331916107374
-97.4378113898196
-57.32675345438618
18.68057547250565
-81.57352341588944
85.42250757289219
-94.61494185085199
-38.44260734433189
-67.93952018581113
74.77003928414254
50.115980819400704
66.83364687069525
6.703984882340251
-40.71223075214241
34.158160756967106
43.954125223789504
78.43992873839213
20.691020732721398
-81.34510886898772
-47.82550782940396
64.13052221815897
47.30059561625268
55.2313129190359
-16.015845941810895
49.65650216028283
48.19575177135499
86.20336274307599
-91.57552374565986
19.684208025743715
37.05532314626083
-60.382403072090526
77.26782205400838
81.14004153896352
-27.1153560365877
89.06303589666365
16.384144612412157
-87.2802551885573
-48.02360615051795
-49.75782788739003
61.95274723670539
1.1283577851751687
-45.943460032898244
-87.38340130468627
-53.36771888031598
11.403761293682678
-10.545735105294355
-28.592291957555076
94.10212375890615
69.37504797014657
-17.246328941626302
-99.27190069447391
-98.62876546735426
17.143059429959308
25.35926209704253
-61.02448739737092
19.513118488019202
20.52070879547668
-87.50813590312161
-81.83661976836495
17.960277943633926
-61.056075948617014
-1.432907470784258
-0.14168866015924664
-13.92162431206792
-74.54651254635448
-6.820205812603348
75.81417173161626
20.370447817738224
50.14620848290724
-41.1126819359668
6.904453692410399
-89.73915227418878
28.578998475474606
28.681662439542407
6.469180934134172
2.980919156939393
-40.11259181425662
98.43915104929545
-73.69813242158844
-20.35585993194134
-91.55755234906195
-67.68853544074432
59.113176597276066
-66.48145740396689
50.31118449426643
73.9846469962196
-85.30104179024758
-73.2839702206769
31.49100302212443
13.60957777737788
-62.01233968717319
-60.834682973089805
86.11781650538373
59.00944839365846
32.66172913834595
23.45328260321513
-15.797422599704333
36.12274749268238
-7.023286169834009
99.56322545716694
-17.38858905340166
-29.404510912205268
92.09714711784574
-47.489950043641535
16.595465506859767
-60.79515060948064
-63.9657070672631
89.72484348041655
91.58187389040347
-33.43881114194525
9.150785759781073
29.234117591411092
12.556654365145235
20.83820162943472
-20.70098476054369
-61.24792082061346
-92.29312080443512
-37.36914738943358
-44.44882198485327
27.60700881838983
60.21062212664785
-11.081320508369004
8.747987193299522
44.163102814578195
47.508159031458064
17.780386657141463
-63.71956476739522
-85.34167891218685
74.80409997195045
-37.488768979568036
-40.151083500353415
37.34073226058106
-49.49773318565607
-4.793928811123749
54.31719977906886
-19.262020283667084
20.5843300634466
-54.75868207437864
-29.983571152439637
-77.58057738153632
-22.654004698758953
-23.393243464624945
-77.90424892940223
67.1121268536024
88.6224871772628
-14.495485987246326
-28.54454707606105
-24.685742595788085
-86.80067775606182
17.013369927957484
8.952246103322409
92.57751541967357
67.40126154359086
-13.603644582789116
30.09604209618351
43.643674382860695
-57.08344586745502
63.11215390465412
-59.000595896410225
-34.21093159493785
-14.363766590675937
-61.8467228981908
-21.063537736950735
3.801994623341187
59.09015146407336
54.25403322486133
81.98958693038324
36.61865488703552
-28.37027293046023
76.71914456668893
48.05322806717004
-2.2449694008241323
32.32612746907512
-19.098429493239948
-55.256008855276775
-64.07167484625094
-24.695045425985327
58.58711224073093
36.7201076308408
-50.56470515860414
-48.595834381613614
92.95106640703798
57.16072311481605
-37.43330799953269
66.39834759254367
72.64136306145755
-29.345359430743684
25.64711512249096
18.94338180327486
57.82358191473003
44.27785639077919
83.7489571139468
-36.9554814943575
-32.1169649856555
-41.33883356389853
-74.97489269574245
-59.80344525947727
-30.1352854602641
17.976694588621584
87.79378255896066
5.999178621742217
-39.31353697995341
17.497226845714536
-90.89327545379942
-17.321395054894936
76.14322381076619
52.18261629834694
-97.04224784644934
73.11274570184466
97.9948243648625
-56.94333155342988
-11.400435199674817
-26.27715889435649
-89.15127920244822
48.849873710608335
75.47176099257925
83.49000971395338
38.23411600273832
-82.02974973967281
-21.75495976273416
-69.60392023507269
-98.33754554474605
99.72977018982098
-44.76660464441606
-63.34136546065832
59.642191571329136
-68.96965955468275
-45.31164403406902
-28.36419099928756
-35.23028197520597
52.46550177244322
-53.181723411821366
28.88512265765553
-48.65973465711628
45.36232134886919
60.35701726440672
-33.9772000299086
-62.55997509817013
46.77738972436015
17.57797773053707
-55.15945886436295
-75.53807186441949
87.8490366449926
22.802689200687524
-65.8647916493417
-10.625757469453461
4.201294236997512
58.10326097148072
98.61627452023131
-73.77754067977864
-27.435357311765557
-51.53833453835552
-73.30331168362925
-63.43799870023976
-50.75621123343783
24.466531845410103
4.719279444898476
-71.09221349419015
-91.75654943408804
97.51898158396224
87.95307596719647
35.04639364919052
75.47052902225008
-25.185938086034824
63.09241236763191
-86.2341747653357
99.47328131185566
2.5321738963456824
-55.43522702870109
-29.734335693927846
51.245683732839865
-33.02112206780225
83.78786685717694
40.87301287656325
-38.79276763950479
25.438620485049924
55.60536154214469
26.357764805400336
58.174309639020635
-40.82210476870139
26.064754784199977
53.370716285619125
-30.885652623118403
16.267106716075716
-61.31888463629265
65.91012839976443
55.32644623239668
44.32855677085368
-30.760690222789805
45.34086177662894
78.07183190469067
-41.72656816348612
-27.722512109415007
-40.1319741529413
-11.611578894861779
-44.608324144516544
54.67896370548539
53.74140461593632
50.63746346528177
38.741393667136435
-51.75745161818106
27.647915517963156
83.9059802898698
57.470096665363116
-16.762923935720494
-11.031759462302063
-91.67695943007558
-57.67339098319848
-84.34288419527118
46.645844851934896
-88.69096571378894
-59.113418619233336
-39.858543103310495
27.395572602273745
-29.224745247087384
-10.595093464921803
22.933911793066144
-96.29178291530378
-49.44236628417897
-91.19424280007813
39.766563485785696
-17.233933391822447
74.11373351711873
70.61792082768241
18.519999925111392
80.73781245348067
-43.73637064868377
-25.61010312520216
-79.84271230433258
-81.95554179075444
-4.128175833094929
66.72176041130325
92.17701855994252
31.718492156386276
77.72303217547278
-27.830822967802376
94.97028548628288
-75.49917618322486
83.08434967009626
-62.359666767715915
89.26991688466089
-66.27131750402464
81.13550097050245
44.79659206279601
-87.76702009117747
20.38968865226154
33.945877723763914
57.38914671116939
-16.07137543066011
91.04049812640477
12.076827510096308
57.220446963708326
14.458585470524142
34.924446599122774
-93.93389997869154
80.42985645369367
51.46226035566619
-51.57647658402755
-17.84578185305172
99.97976649613213
-51.02869504992884
-2.182427411352265
-1.5912663324647838
-27.272349214243647
-45.177121674339645
-41.605556196320336
-80.76884207267032
-14.410039835282262
36.6824184830553
-24.164620454172024
-81.71002174291982
81.63180558149003
98.81902902934863
-5.45405324264685
19.337151304423244
-0.2829397520811341
-58.648367901938926
93.78213325742556
94.96758840443661
69.30735160573437
-28.323679144056825
40.43594519185609
16.272776473164967
35.82832652448806
71.93396059860936
-98.31194820170795
5.172848081892752
-21.69281754558358
8.534619672910381
-10.232968929982135
-96.82287822489037
-68.60641416712767
33.915606003717755
82.70374676681243
-94.18743198610575
40.634677928636194
-25.400825855251696
2.313305410094287
-47.8742258653261
-6.43569296664559
-25.527711436925642
-82.31660327740292
41.81945710964368
-53.480649848341734
-94.64937169554095
3.334382067948212
-77.22553380453934
-24.920237863075315
46.259074424139556
-73.98164536280257
-4.26334342034491
-98.83949694891567
-24.231368240096288
-93.81027181496952
-76.94844225571384
35.540230820215555
78.07319227876744
2.042217983333842
47.924932968160334
31.73323810540279
87.787083529179
-42.62611301966648
73.66002879661013
-0.8350478661255636
96.0775370285798
36.125812050514924
-11.91847272107131
-71.04451970043648
75.8804750918992
77.39000903570272
32.675500585409964
11.123970596433665
21.30314954708055
74.68853989798308
-41.87396712781706
-87.46629621187323
66.05621123747716
-11.384377802199452
15.160392600747016
-79.36102772680782
92.27692034773514
70.7080717077622
29.66430223802871
16.08138564334496
39.99305592733447
-84.62150896155725
-17.274082708555724
17.194159000112165
67.37075627913697
81.49387722114545
38.7333509021457
68.94723589569566
83.6491003361366
94.10191199446757
-1.6510154802627852
-90.91097787270445
18.39645934131957
-74.61183839517152
-14.330825023843914
95.32237548893875
74.60351729164961
60.99582737105726
79.09692923039356
61.023457689325454
52.888529629217004
18.282912978390925
91.48666147669252
69.82361459195042
8.51720901942501
59.19619381212573
72.11685439168181
42.16264877472929
-76.84905985678832
18.745489865422726
-43.69173178016139
-89.42939951237956
52.07497464728371
71.62202205418058
39.35842504572378
-90.57481180623326
-38.31788171533639
11.281390555434427
90.18455531982178
91.2038555673916
-90.78582191671103
74.59628201297423
-38.19696489010971
-56.41053239192184
-95.50937875405951
-41.26205263789604
-63.2738950838509
-57.04073831135832
47.79988128140761
-56.01953158736996
15.315200187793238
-80.16576170225136
-30.233316666900564
28.620884303554135
15.352072515528192
40.367591877444454
-54.550435181066526
-68.03345121614919
67.95262069354482
-64.10302782238097
-62.65655710208347
83.79372096974436
85.11446037203842
89.23760613154462
14.963022543469691
1.4370753045953961
68.95397009866375
-27.156194795618347
-68.99523451763747
-57.64030681026622
-55.863540031099305
12.325509766456747
-29.218532054071517
-31.784467407774585
-57.352787984809936
-14.672245634543742
74.14858487146694
-49.21808663256251
4.0319918261594125
41.27662857198601
-26.816666958018715
-8.028613439525813
99.70897916990077
-89.71031371397765
85.71507682632677
-84.81270713864303
91.39955074155276
-35.876625798386485
91.09639383670907
34.873065779623744
56.41555168083161
32.18535393746646
-12.473445480248529
17.610341105282856
64.14454532003899
-4.048886361402509
12.462863409184493
35.27222404747644
-85.39183831897496
-76.11946160153921
41.323801711180124
-30.530197373148553
54.96110496556247
-20.301305397642693
-86.92516185559167
56.339771598846795
20.216514135118786
-96.84510695033033
-42.53943095377928
34.67832567776375
-53.66939839468261
-55.56369620333334
-94.52152958439746
27.21018055414821
57.621250243611684
-70.71683292298843
-89.53130448944626
-76.60247868632
-15.628397429398717
71.38306685196923
-10.463101767289416
5.700691330334379
-19.43371697897942
-91.10531009557516
68.81423456931242
-64.35467478261918
84.40984528619396
74.3754381722238
21.078974406152824
37.767166211284234
-87.94009463308304
16.465005584657348
35.114695900025254
-99.14673969590476
-21.23811626729986
72.84701951389087
-11.265330806231304
-40.259294317651076
-12.417076226266133
-13.537747116102935
13.927707971952046
-43.650613919854074
-67.17371493383715
34.775431136670846
-42.92864992747087
69.48879667889727
-50.921132133266276
-16.89271728686694
23.45107634615789
71.90592236547405
95.06715850851805
-44.934079771672785
43.32777256207271
17.095604556328325
84.00064641880962
79.14142499133317
-10.66821067516716
49.562173782928085
1.2022249631519628
71.22118007361419
32.61237860607554
46.61910315179526
69.95310724060514
-37.00885056854884
-40.87414796611899
-45.912115183919354
-33.763587276060306
-52.003471593549854
46.937429522426044
20.6978624562079
-84.83600389280093
88.31635754783792
-92.39482012646589
-23.41352595406893
-72.5510957560227
-29.119167507050904
1.5506535447838559
55.89161020737947
-86.0110167684808
-71.05234585802506
-41.88365020862972
-84.26574469888872
-40.46739063401241
-93.56538148700022
69.72839038282069
61.582382787870785
68.70142548604011
71.66315942816607
69.0199547011907
-93.85715693221167
30.370454547889835
87.51689725454116
-36.320785844012704
96.84116439156773
-30.07909248014215
-71.53762003010051
-84.14763242436749
58.31485337218501
-29.009169263660212
-30.486434842149833
41.15048990096582
-94.99668978061186
37.67617793414669
-72.93040010043197
-22.101183492236444
67.29882511586152
55.434025561689964
57.864150302512854
-82.26752221195362
-76.08729135560992
-99.87111640037476
-36.05869373556685
-56.62696064112471
37.040943758658955
9.525969005871175
-37.23714932732207
1.3132328776234203
-49.62653469231528
-35.418991117204925
-17.412434673207784
-72.6179597465599
55.67809042490023
53.91346594917164
-18.78497240544594
-44.5131856062597
-12.445434187119162
-0.19998629475628604
-29.364384884332623
66.06745355671578
91.17470731188081
-49.00970190493481
2.1393106843871976
-33.19790698489038
18.00962353248228
-33.92323086298934
-84.1682215419647
53.42875879372619
26.140397744207846
-96.8838666099106
-58.60206722583066
57.21211935855882
71.83479080814851
4.537762612603785
-75.668090328493
-74.74776158477883
91.80224146503357
-47.914893068740525
-8.695808046070638
-28.54652907396111
61.44577745552692
8.564113968913105
-91.25398341769746
1.3021673357419985
-45.14586316628699
-12.131426517388164
-98.36278356904997
39.968661502612434
-64.94012124144248
-73.04266904662708
42.81280886859892
91.15115256457148
-65.84969044281141
-69.06367148373312
-94.49352768951272
7.1247608397737565
39.679162373200256
-19.022343819736378
92.0113375809155
-73.30401518225793
-48.29031804197066
36.527898326752364
96.85477252256348
-8.033576452565399
42.97237110430126
-88.63603532477016
45.01717808864677
4.325250649791613
52.15855553319261
-10.010775843682012
46.86605790752222
-7.093917232417965
58.40312132229144
82.00885575278954
74.5272191066424
39.29544659486629
63.58668472763944
-65.28784253491222
-33.77073338911967
85.67707169433962
-26.68893747733432
-74.46809511833905
93.4652830277868
84.12625215514379
-40.16491107281919
-52.80242437818703
94.59188809097981
23.54197006422558
-96.63191090440588
-52.74612161040966
0.6139093426090341
-87.20045830680081
84.00951684679387
13.377443165770984
-82.58691935784823
-14.563282289054229
-59.505403112738506
-82.83801621534339
2.9828102532283083
36.93659707702679
69.83931239023931
