49.58358292362885
60.45350729849554
-94.01620276069418
-93.1668888033478
35.81666200418411
-82.43378250809057
-34.345579919660096
45.62038937949333
-61.21145451018863
-85.17718567311962
-2.0147297819704164
22.98685106904034
-67.62410279876127
-68.81581444372338
-37.53817209058133
-8.399220529976063
83.46249908866301
20.05926108101464
82.52553751022825
-96.28040807075413
-61.96734565837041
-60.8803599639973
68.46742775927515
41.79926532779902
-61.066791723047764
31.579399058114177
-29.499550512078727
87.91555881526853
95.91417790790041
-64.78342149815828
17.49846429687298
-86.17479048680829
-78.36364621020732
55.625534491499906
76.75657141909474
-18.691106557973285
31.87854700214615
50.560131060630795
99.25655054760335
26.09435929310986
-67.61553228389765
-64.34099361148796
27.816106985660042
40.87698481477989
24.999010362731198
-40.506533442543045
13.652490796056284
-59.023528562186115
-93.51990067419074
-39.616592602554725
-93.0339579462683
-74.60199032324533
-30.878814129824733
-57.26807377236016
-28.94242200089367
63.3096694113099
51.03457569618743
22.87177516073156
91.69535103027465
-84.31973409622344
25.93725840186569
28.593580990349892
-38.29253601635021
4.232162376686915
63.910947522970105
-56.910613644336316
75.55397919831915
-28.762824729446535
-63.544178636448834
40.22540916148233
89.8159163157467
-77.20143196895124
55.18529238877031
44.675260862396385
94.4256423598531
13.258749447550187
-64.84187557933203
91.4118933382814
16.15194931854873
85.1264717258139
38.96972017909786
54.254582020720875
93.07039744564884
-44.801436972980866
43.222301289876384
-26.603708916956663
27.039436162300518
5.3302695884616185
71.35915560351057
10.486730939371796
-23.16454011632632
-92.87270293297922
98.98410213352312
82.58872131718499
65.81387259452615
-90.42181267799721
96.5332151501429
-96.37757283164723
64.43089301977986
38.98041528448766
-9.194773184600507
51.49450873945125
-81.90454022332143
-61.10190330308492
9.03387571083924
43.75617540336842
4.510707528603007
5.773046490411659
56.82229451104547
-87.26283415697993
78.09407072586149
-87.97745707707242
88.4356951459618
36.54630766588585
60.39451996640196
-68.10084118543192
32.93103074494675
20.31592098643307
-73.19166281150655
93.58729238444849
-45.917581008147955
-9.750438164689896
-46.02423646709386
99.50427549244776
0.608282275987932
-37.05911526078607
31.343764328897663
29.047014917838823
-20.18464048166493
-60.984266044655925
-38.38109151750761
-83.3920571991645
73.2578225733001
-14.645019985821506
44.63241848249865
40.435974247195816
81.49798991494467
26.007214215331814
94.13183042930976
-84.66591699017958
-10.70832782560585
12.490573451695838
42.3324027838747
-71.12634222992689
-91.32054321231826
-81.82409459766218
-50.90880815355381
40.091906539076234
-1.9780039338113369
-26.650747620042466
83.73006333366561
61.27575920619691
73.59193494694159
19.52241260946184
16.289871850633546
41.04000918174788
-76.60875437863619
60.77301216842994
44.91787858825788
-80.45575051163965
-85.40266596494274
-44.18084721014064
95.48921033096133
-25.10797807258929
21.188771025414255
70.01747784720206
-92.62434353201714
-43.7950235878565
30.45905868662578
93.94941168729201
-54.549288705599984
-38.17024418271093
44.493981286272714
-41.95927465355109
39.66380529621395
-39.388577756655074
-73.69815843252827
-40.45677161366097
64.79175519328959
74.11870734804216
98.50728646904781
18.748886177924803
12.21846899439916
-53.05669237636985
-56.910483554617585
-93.76651566883862
-92.26082861954626
34.61104869219406
87.60701998884855
-44.216622818085824
-4.970856281553353
31.828396392989788
34.061421688198976
97.3197646181986
-98.14206861395908
45.28148839154778
-5.70727841931749
74.94905289869635
-78.67380590940529
-38.50444589666579
-14.245815601152458
-45.600087706496595
20.297957497396467
-9.203003670518669
75.18363025463839
72.81831122553689
92.43829921487833
52.16465785707135
-80.9979766472274
-97.13146885013484
-7.4390565803755635
27.69455214231276
-60.64966838063006
-67.85978639547099
67.41248896090582
0.08778737325820885
76.18340736196998
31.072445778905745
77.17558351485462
34.12762676869727
-48.12870794709998
18.808976637326907
84.0504515088775
34.17790308186983
-70.21803286220478
95.37036501291826
-11.822904067317424
6.234093814172098
47.60416660569712
74.721331763303
-57.33578486435271
-93.25052074535931
-75.942900356631
11.830090582752788
56.7574651427318
14.355479139226546
69.09966280119798
-47.01300819380554
-65.39717667133581
94.6634992169648
-27.38480117055917
-38.78378827567661
-67.46031772623536
26.798463996188588
-45.74455490351941
28.326604955681233
42.715334499463836
-55.96829280379867
7.419597504089182
11.320180749273788
-21.553343714702237
-43.8192059227918
76.44200432583463
-36.21559976949893
-88.50147915161173
68.03563049382464
26.26260004008067
-67.68860659033098
63.8843561665976
-0.8433537765345278
-94.26043453044937
64.92235683229052
71.13745758115209
22.433032866448443
-37.711296654714374
-22.03376783048199
57.668055764786885
16.721119505786987
22.78338991456235
-74.57702224805969
-49.14167208251969
10.04110178752012
6.9175615765298915
71.84588613955603
-94.20958129569814
-61.05736840849876
78.43635479682453
56.56907082030162
-37.16267712301708
-57.06823208238043
-15.509944569715245
-27.953017605296964
32.477391206722444
-26.560366283441937
77.31881313267684
25.15760340684683
-21.50857250437788
70.75444040467971
90.1073553763425
91.81213783173723
50.89961765841568
72.42431545427615
-76.12405967197833
-61.30933211051168
93.28597785023962
-0.98333060453173
-88.7691458133741
-90.30588587223096
28.473211138864343
-70.67581338804045
-44.647014783858396
20.639547156811773
79.88772889363537
39.111896875540225
-95.74600196073781
20.41027271493121
93.95022735315598
-89.70622229715188
-65.28883910196905
9.19482992855039
-14.135419217403594
40.72926540332995
-53.397259436937404
77.02892732635132
23.59885702650155
-56.951012764849615
65.4616307125576
8.290117382283384
50.95566123609635
64.69929149201249
26.53902842941045
-28.72352383229166
0.9344511429499676
33.222295298140665
69.45581823047246
-77.49037205826923
70.84734772254575
45.141449119757084
17.861718937198006
-7.761152399446061
-96.7177234201142
-28.471205085414454
90.69016913080688
18.261525054456868
-66.27127176030356
5.840984137368224
67.29099450021926
-29.08143724034531
7.493916577105026
60.14996322209015
42.80711822920466
24.194056482340258
29.691470417641995
-58.598322897524554
-42.69180779512267
-85.62307240548306
35.49059056060591
-69.12631342569031
0.32955427476235855
46.51609536060954
69.19942466309388
-75.96871381794514
38.79518658844725
-27.23603167144475
44.26013221148838
-83.35164386551675
-38.84686379728712
-4.294917608126411
97.1810649412813
66.941260169558
9.578182809778582
-4.8302239383339725
-68.20073117180927
-44.305304055727014
81.99667380073063
-84.08962606338726
-86.15827248990841
34.49612959380627
-4.952459586199723
-44.32530838139663
-81.41967358382325
-73.5526906299399
-78.43851274366303
-59.220582573486965
-76.44146566027179
-26.277214161756348
-77.66944585416755
87.96501321993298
43.54901888357813
-12.97225133644902
27.47838265354241
83.81593660468374
-18.6637127416476
-8.909141455026216
-40.63346615020718
-76.11920285548777
-5.691847336904615
32.46613835399131
-11.383420736033685
60.17724272204279
-32.00696862183818
20.69108373196262
12.35097210347773
95.75677788315181
12.601328178856903
29.31026333288426
61.19754271602821
-30.55837335982656
-68.01922045344777
53.76494987699468
-25.6963028071509
52.7088315264873
-34.16505712200669
70.45109676732662
13.063547594481989
-52.3936081384002
-89.09196640175023
76.90230534107033
27.721894747893245
50.35943204566624
83.53180889833362
97.9504211736355
-79.36876390820622
32.60401124168746
22.708140637767713
32.235404767441366
8.764954820910532
-85.24421565286565
75.77678107192304
-51.83755175776166
-59.11914672549228
73.7158210604843
8.741353279715753
-13.724518661978237
-98.93393353045536
6.7637221871536894
-19.874125740462148
-64.47963846050963
29.81705735614858
11.68017468267118
-59.901114951188305
-21.405921114828615
-57.49727737030006
30.540416606840722
-95.77589028970324
-35.54070702599449
-59.1092212255607
13.27583194748803
4.0144225118051935
-35.36153837280267
-54.93555353095043
-40.9233753647646
77.17347649242771
43.232086568492804
73.61474479877543
49.85445768658846
88.70180711122129
92.48368250403664
43.96763083385602
72.69081658474678
-89.76725376403874
-6.9166079262866305
-59.82262553087392
-63.6311924322559
-36.00538422329775
-66.55636834452348
51.8035268312976
-91.5860124718994
-25.922513035255676
31.61813820177926
-96.26642783475432
-87.10200010324122
37.69287954485222
26.519805449030073
-45.92356477735133
34.79294325794788
-72.52379339430198
85.5566529185474
39.782696201412875
-97.68019068441922
-60.775556589406946
-53.13960696054243
25.537311351056147
0.27085020544322447
-89.0307233075636
-73.27844819377036
40.57370280784127
65.84514081962465
-21.768909036402533
-4.303184698323562
40.297528207529126
80.4945202588809
-61.76483861282933
-29.501363582880373
46.655988638279695
-37.12612416546885
-56.45626989938775
-82.63713861641054
70.5235755551565
-56.038436401760585
25.4786741011188
-6.68534392368467
-67.32328221305798
58.00416997472061
8.655158869932578
63.2829008680157
-27.427308353815747
75.41670367276666
-77.19366030975729
-21.692456116190925
6.804143290913629
15.11566978395797
-59.45483926548813
99.29336754516962
-51.981839220435845
-15.573579497693132
-64.47108246244515
-4.250405579199466
-99.55653730259195
-8.170780723143139
65.5736744162239
-18.49999585747713
-32.210066862476225
-49.225537905782524
59.15070171452584
14.977459092164565
-8.85884161821879
78.90898711634284
71.86002199475402
63.3147392868639
40.26836250998355
10.26806350728981
-6.24159071540376
-50.20360760417761
-57.296000069465094
-37.3992678183946
15.54138369408642
-44.872330241458535
51.6481261691078
-3.2117984314433414
95.71494785524405
-83.40164885207139
-41.74297826978466
50.385677458917115
95.59829824707765
-71.86424438422681
69.22483806499815
0.44875912852944566
-29.183842191239904
-94.38222686907358
-59.53622018500964
-88.55325731857933
-84.85204105188897
-19.380055215677643
50.250179239099225
-70.75435016618272
55.85150677041736
-94.60916067162009
-38.863974344484056
-11.967315537268135
-13.57333656338173
-75.64391109223345
78.99394485549257
24.423215278467964
-86.22991705766627
-53.90218467913612
1.3474414271379231
-42.02475338969247
-29.184022115097434
72.28632359241897
-13.667515001007828
-42.01897298384441
64.93988829887886
1.372408257827857
-9.86587951148563
-33.19225559095452
-5.444584193042232
62.88130194256897
6.399614789116811
-7.808414757257665
-89.12437958500605
91.19041496375698
-48.94973934181801
90.70347899222986
66.85739645761583
62.38738352675358
-73.99469882542076
46.154655350028406
-76.67556257982872
-98.51447369839437
-35.73375157980017
8.599567712149494
-32.02873840503726
76.20693409105957
17.271894504676567
79.05709539364977
77.15400437531878
72.10612737974148
90.9235267609393
-32.306182916715585
-86.96048971584997
20.668474271456844
73.88503776486414
0.9427643381286543
-75.96691339028068
-16.59027655193377
-65.64577497642902
84.18440114496059
75.42841268750286
97.56638286650539
4.9378115734857175
-94.08667758127865
34.337862786840475
-8.343020541266327
85.27868299420993
42.7795748529353
-50.78490694012381
97.64931338325795
-30.006047338133683
85.35933091630093
99.01383057665032
-33.086685814479026
-85.08485520402955
38.2884262001692
-32.008107512402546
83.75104301373509
-38.78044125827385
-47.597569499719185
-13.185496903698748
-76.14162652882746
87.90535867262088
-37.220108239912705
4.368332394304701
-51.65962671665534
-88.16001595563341
45.45874741306477
30.535046247692264
87.05111621720948
50.94725844187289
-94.39422757945218
47.52045466759975
30.580886692093202
39.53326830973779
24.809512249146167
37.794629588179305
22.056008978222195
-72.13311744153864
94.44575661490319
-80.27377889689933
78.75883931248549
-14.983834008343138
-99.1330017133788
-35.46177215785538
-97.38204273923874
11.735350074901959
-98.37817451458504
42.420313250128316
-9.629175438580432
-58.829875977905544
23.113777182265622
-29.023172231118238
-11.094355606508117
56.71899346035474
24.017051122691996
-17.48193269167804
77.06174301157992
-48.729007963812386
84.85417732007272
-55.31934770358746
89.05657770347156
-50.15106731199095
11.640982263464565
-76.14169332010621
24.58809139731453
62.99994593864196
-43.856113580521615
-15.962803841499891
75.38064383798206
26.379233072338977
24.21272545571395
80.96619313013824
-58.97456688691918
-45.5705015427601
72.84051943817155
78.18408379862686
0.3758683450398621
-48.11421315564226
62.52870998268858
54.2250502935394
-60.7024102809697
-52.79420771804939
73.95862471813325
-72.16865276575444
-29.083658545347475
-49.38621016915044
-95.70092982416458
-52.585637062289294
-53.64013353307282
-10.273383788742137
25.979781453020053
-25.664918314102536
-37.26202490486921
-51.300432655113816
-82.34382946821322
-47.20786624114466
35.52902894732091
-24.08711616759578
-29.12562587356308
72.02363770485306
25.225779865462442
7.113290408466554
-5.5389309122966495
-56.42467836518534
70.14564636967881
70.99607895216934
-7.164520908510326
-67.62248618629124
30.099373476475165
-58.4685200903454
97.83174029924655
43.89862507350327
44.31159330550756
-47.65922015049293
-12.803172859768736
-29.979941812623778
61.383014690021554
25.910412300417107
-16.36803484870117
59.088479012658354
-45.15883487164054
-33.94774011590212
29.796262343945756
-0.3640031295403219
96.85348998933588
4.994161215900974
-21.666512405509494
-73.12002311230759
-63.99860820351759
97.22309604439539
93.90607882572982
-74.40503726482628
58.66265071334138
-27.27772855366038
19.286418417132893
-99.15581837074355
-56.53164019469832
-96.12267815018211
78.25139452312294
22.382753304221396
34.00394196733316
-2.305393935803508
63.436597021213714
11.553806099025095
-76.97821528048505
-56.55522144668679
-44.301465506484796
-66.38520501214975
-66.92015190329181
-88.27028043376914
-2.4460280129120235
77.72950778398516
-23.852247704417067
-45.906436982104346
83.74723070489651
11.56626625641968
4.563381078612409
58.68049868051523
47.849452848382214
23.316974754560675
-43.15573926592153
86.48661538502495
-12.7654049190063
64.77744545084866
45.832308855191684
-24.81837147039431
-79.52242457222545
-23.01913459904941
-5.507140981897379
-29.349785049678005
-72.30616656307807
71.25157881323929
-21.351229395505243
-16.053296917564126
60.31890381658508
-70.9845336404988
-51.14477725506741
25.690363053475338
53.671604523669174
85.33589860453793
3.4020637215332243
-97.46394026682903
-82.56370271545671
-73.38156651511049
60.467865885793316
-74.57993690393906
-27.27962898398488
-31.033978391393546
-91.79099324312821
-40.56942911900634
-54.938500828581404
-94.48664432508318
81.09724775332171
70.53591484438994
-21.373235311980295
-52.22457802902796
88.67181449198625
72.43065014000962
46.278577117558086
-65.32163817363539
85.15293581431018
58.33581312700079
29.455487087493623
55.471337286556235
-58.04798925802848
3.840960123227518
9.9563177219907
-76.92765473254579
49.939047223026705
88.08377742796054
12.394133231595305
-19.04876124669306
-99.0215367978767
68.62159572921621
43.432996272641645
78.15324032149366
17.051089903536166
44.86359143174454
31.679680928033008
-15.484015773448206
87.03082457152266
42.72583374052664
36.47006622037358
62.22592327022173
35.58101305311004
-26.26330547757523
-47.14584277871119
-9.820865567203654
-52.059406270405304
-37.21877715962516
31.289872480912777
55.246209669864896
51.36539276040864
26.981763362251115
51.75377638474657
39.13764255577027
69.74378488339605
75.50106319634895
96.57203301602922
-94.4875382340306
78.15066165046247
-66.0031426705506
-78.48299588048484
-46.710049976599976
-15.758032744149844
7.3588392975960915
-42.532031866819395
-37.721348822386425
59.898242963468334
-63.52358918908971
1.2041054706826202
-32.75360401588337
-41.52960439620621
57.762325963139574
-44.58738181500568
-3.0971017162748637
-70.42823658579927
78.23803000587998
-91.40651138442435
-84.27338568284918
-23.083893026949312
69.56082442060904
97.40262237392182
45.842771475198646
-16.624843004194915
69.06632808494095
85.84965433534464
60.54759416050641
82.99070675187613
68.16467551227058
78.5475705454692
-67.79531821772295
-66.96058949874168
-33.41176946161421
90.01425016967463
41.61454728954271
27.264250198940346
-98.12555613347469
50.72462995915433
-66.73667609983943
16.382027776801664
-36.33989611281707
87.62012389764215
6.476992122218505
-24.886205910056233
19.804897794495616
73.30047366810993
-12.877633555037193
-29.95675404293985
-86.28143375233934
92.75634694221142
31.728698427046652
3.0295877059613616
17.99521417463086
53.94573312516698
73.63933641709451
-54.83184877112828
-77.38604881133861
-58.75558043288378
-99.45980651490687
76.32761420264481
11.807571610543562
25.37140357381122
-23.04474733219189
-98.93315191119876
-3.0577192339610377
-89.99375502020106
48.6269683252346
-52.18113958260746
-64.08911769068584
96.77426632184216
-38.1488436238387
92.76736049861404
-27.63632416820454
81.82506169352342
18.93429864227518
77.21031286968142
5.424043384013373
-59.62851116587786
39.047139472476886
9.934920884265466
10.177060905573555
86.78365328495468
53.96500012952205
99.56825817585431
33.261003295728045
-28.768428165626176
-99.43381062683095
-68.68673021533039
13.083621221676495
86.85847685289636
-2.525585314669172
-47.60581261857448
-59.106728824851864
-87.04016619314021
49.03080979568557
47.266640869410026
80.32911339109862
14.846943513456566
-19.04331620177402
-53.90220163532518
57.483626762788276
19.24541536255792
-26.218575003603334
-2.590427991734387
55.951819542222296
-48.169171358733976
-7.960364545814187
-76.30141836362867
-29.980829607949417
8.997493854290894
-7.741725496540909
85.82864314705162
77.20643462589197
-61.808827772670604
-91.03594352073563
26.14072186192955
4.70746487266662
41.56288962259339
-69.58910285880546
-70.18090530561072
66.2624814067616
-13.641690156004898
-90.5537003303294
79.72101300330706
5.48349607566108
27.76454637252894
22.837416308195913
-6.454692258759138
7.9574123782790736
53.95366033912404
23.6344027803961
-78.96618949011163
-72.40280392832439
58.789848195566975
-26.888628340294574
-31.442930401403984
-50.301427048893046
92.10856703555288
-93.63613332953413
49.23843985343936
22.77947678585697
98.51159343559095
43.41984122719032
-51.311682045675354
10.397463579527795
-64.04486011366326
-66.1745002840756
72.66627794249266
-42.43733537352155
-41.99335896577616
-73.82787694177506
89.37365453375062
-80.0068647167678
62.17848823500674
-54.093354493734005
-12.219249122636654
22.250340899960804
71.6410123707191
69.01577997413776
-44.33290236664731
