5.214838607076942
37.43808220534814
-4.082209715381111
87.88950781189885
-2.7005839955601516
7.5263132489636035
-64.11368005746918
-47.75976351524209
32.84933242184621
-12.50996837341387
14.050971093419932
-59.300205193923716
26.177665070870276
-89.44949673082027
21.4254266323846
-98.40976701046222
65.38415280926463
-5.665469481150325
98.36096590624516
64.20696444406263
41.297257225213826
-95.15651820236977
-15.410293814675114
86.34610286887641
26.63078428069163
-33.731413912117986
-14.70076297493948
-26.12730972742736
-46.58450992929568
-83.29877617527784
84.585846680607
5.5426472844203545
-72.75418660656723
-91.22068710436928
58.70998155405894
-27.837006970957304
-9.817229079272693
88.44484361216783
12.148372565658264
18.243179449359516
13.261173190654873
-9.37440474055073
-1.9845283481539724
-97.1250297612209
-45.98936952142605
33.332787997189484
20.42285109497179
14.269339096182449
7.483906362704133
44.42319835422538
-54.50936237602993
35.87351295956057
94.22048727690833
-62.96572540839613
89.42890536683456
-76.42243342544151
-32.00831249737517
31.838213701750135
81.92794088236812
39.73094835851606
-29.922201886501526
51.118083076684115
-10.243161103795089
56.81624206750507
-56.241596089710974
82.20926603780023
72.28119488043274
-53.98913398157945
-67.85622720856892
-17.201564677425324
-13.381076745637358
15.590387306466795
-16.584688737817842
-9.199964959298711
2.199800477641986
21.175606855661684
48.55484508698757
36.91576590001512
-18.150202452756204
13.358791644808022
5.03146497349438
14.201946326099474
-74.31290093587353
70.64697938175505
-32.84949484370078
-17.97246482666924
-70.50266454886335
64.06576145558228
39.198066640483546
49.25700303047918
67.04896256045586
-9.31983767549201
7.317986721527504
36.08526138007056
19.624458478826412
61.40024062779483
-9.798451858583476
-19.063252037776095
-20.9777596310514
28.23450994873292
-46.03801366364595
82.49411345961471
67.45637631100834
37.4296412991865
95.92785400561141
-64.8590132441042
-58.03809467650103
92.81004374176166
77.10026690490406
-22.153963033646363
63.94726045993272
25.387733373711157
53.74320106890852
-96.18447270698496
-0.3871907055689121
34.70063781967153
-14.287562476241277
-23.011157522763952
-2.169497207290803
-6.813273686985838
-36.10351041030966
-77.31066794151266
89.9476994888513
89.69259925585271
66.67661165913941
-20.204639095402882
-91.71958979635279
-47.434359407518144
-32.06348585483509
-50.75299102204103
-20.89113949846731
28.208225260434432
-20.4084380056418
56.995934512825755
-40.63850796260482
-60.390943651593965
-5.279900314919203
-11.047549204378711
-42.62662360267551
-92.59191768452406
5.1799367766182485
-57.32219245428205
-55.184053921565535
50.20723043833294
-78.5479683903956
13.735156885016607
74.33253688263869
-70.11834301727393
67.45333019774046
21.430203360496677
56.199260924622564
30.820007958398264
49.308372816658306
-32.358795425459704
14.250053697808113
65.22042014579367
96.90741066051027
-43.5904954929786
16.785595323971208
87.7030744878571
80.44115271701736
76.2641390557092
-4.061728338373058
-88.9677462405517
29.563646645104058
-12.659502633413865
-62.174849881334836
36.44336431122696
-4.571808234943447
-80.9325963616921
27.641882511127008
-27.33943238319216
33.74824236649687
-25.027237887122865
-62.865837230246456
-26.373014618290753
-99.62177748770729
-36.441809945805836
56.42869818907744
27.600305751874245
-26.61552523560931
-60.9571106813948
39.33093412201515
90.72777462480192
-44.64821210080245
-74.38669534110551
32.911101186202416
37.343086132308486
96.90844114682346
-75.9564185371991
-30.743245917402746
9.05580998276487
-5.4840987579883205
78.26200956454306
-70.97419808405246
-35.640040123212785
99.73512117130937
-32.71970382697185
-93.71630230009617
-64.26766580566314
98.9272351678456
77.45024049595156
34.03851646175568
-95.10211596890738
22.874487206143073
8.268429402751408
-75.67602596637903
28.927488662452106
-10.150548711045275
-65.8150105188696
-11.27091640708953
87.43378376210782
28.176846367470517
15.937551370459175
6.585448654115538
-94.06546923747707
-62.17404367797415
50.61348598905457
-88.7309170102748
95.89529324065026
57.54517130781397
85.8021199763489
-5.804965822810431
21.482444811113012
50.99141193791948
3.4412241311358542
-50.29434577594982
-94.20883247860287
-46.821320467541085
-18.15948180736764
21.04880004866969
-64.29814121369606
-99.70357827728624
-47.248338429916295
64.04328136996787
-50.73709015474659
37.49506107596977
-88.48206088740807
16.93626551945316
-91.28714004017434
-36.60247222694852
14.612827998660862
-49.563996373237075
80.75641690790602
16.317416881122142
41.198757599180624
-56.77859580652444
-95.58294913211223
-83.72696263457593
-77.20624280821227
67.43673887097003
-6.6406563344701794
-70.05886377259534
73.17235154921508
3.145186719594932
4.8025558985153936
-82.56639201157319
-86.43405601763902
36.585539446010074
-80.07470256998363
78.83679110880902
19.337331905509984
-5.702041525563573
69.17224851420195
-57.98842371101563
-5.923452184630037
76.83627972837189
29.040685088921634
41.148270280907184
29.007777042804264
81.95306254341043
-25.634681305024287
-91.0568623952054
54.89282375595806
-23.554389682076177
58.6729071360549
-86.91273845485875
-26.54615322096312
-26.73870124625128
94.85245148183412
69.67599955264302
-79.39713130216037
30.639725632901246
64.13831074454544
74.05900035857562
78.39080928974417
73.07718836138835
84.11838496855472
51.8542234626598
-48.992357240728964
25.995956477275044
1.7039752187871358
-73.67342656424029
61.409802310377955
-54.837432410343226
51.131396736495304
-21.83971214360905
14.572949790871874
11.918532216699404
9.003883782866069
-44.7656334208123
63.45967086134655
-46.77839934156967
18.61355363399855
54.91096521047382
59.45878482974331
58.948704640967236
31.727129279279552
-22.244189924235272
-94.80076307822061
13.049916333326593
-82.64906542694995
12.847695618570754
25.360680400442675
5.103547837411455
-0.18760948925324783
-39.835813771490194
-13.597051932869093
-28.212838285724345
77.50365752694913
60.178714319897836
36.82162764658233
18.193832516920992
-96.24250052238948
-63.86094578236943
-66.752424819316
-96.80016791962582
-49.37245886056887
57.46624582102547
-68.66291331920596
68.37031549979326
-6.538033271288569
-9.156858749585027
69.57512088790878
55.60772050725532
-85.46329538380249
18.147054527508956
-25.260116012672015
-73.30079550893656
50.73148890033522
52.262806134210734
25.838375596389554
-15.455548761817269
63.04635312911361
86.01121474727242
-15.635423281540483
98.07479701028424
19.827388945388847
48.16129037786209
74.17139201795408
13.777661155670003
99.82614316791916
14.161030042128388
-99.12949624925247
-54.12212132545873
93.25352613740395
55.96542046765751
67.69071529233764
-12.242701259719354
-9.478433291209683
54.435554133904645
-95.93042455410594
-83.28777695689845
-40.01474079782841
15.444995599569438
41.855903896798594
-67.97833224815702
10.43120001143312
-42.3812290328399
65.47322339818314
27.148659954658115
98.55975216731389
-7.821810315096769
-80.0988753202837
-58.70392627402343
-94.77868202673672
65.58782923739662
84.60191890959564
86.67882893070919
91.5662568803447
38.58744104078647
18.409300901159995
4.944359009462616
10.821677418425992
48.40558835116255
-52.75128897644994
68.90081742438124
-20.66934755856535
16.069275335870728
-82.16682281795707
50.02399926381801
-58.59892032735288
-3.1644911922457055
-38.98567195512535
96.08782160003472
97.3757892440886
-87.96785014980526
-45.837734603369086
76.15364211706037
-74.73248947699457
-69.9162038272789
42.10931626286248
98.02448220909994
66.30939104654507
53.21370002947097
-88.58263350014153
-46.2624457310052
-0.6647891827864782
37.40032048746187
-21.51101011610818
-18.848615869637243
-3.2616270520431527
-26.918098760913736
-48.770942695602585
-6.986814398287294
-40.36193981394538
20.980015945205025
-89.41254277512742
-87.51765400022606
61.2416583395744
42.90507454100157
11.26505663520625
-7.736221472227413
-14.693919555155162
6.471639170960785
75.14132804530936
-52.817668331289845
63.90666362774405
35.195062071409154
-5.496810323666907
-98.70484139323945
-81.32405639664357
94.82000837463707
-29.47053853815362
52.736110727883755
-58.16726165383894
-15.927212205688534
-70.7234077797466
31.76159227654105
84.82334488938204
9.927747603939949
23.82810957049091
39.8686641307188
-10.267613252873446
42.03060693796829
-62.08212970508289
-24.779180642602256
-9.609683870866874
-76.48469376986995
-13.823246787772575
3.605594086789239
42.01404624020387
93.5102363982613
-15.803064878763934
5.2382857274299965
-83.370343342514
-59.92103531149067
-4.7983005589775445
-24.21581980210317
26.59272900356264
-71.66742888160371
87.82923429394282
34.17231010155123
19.95957432445023
83.77804907427927
91.49036590830585
92.43604815637602
57.31999830569271
91.89046028375955
86.44074882273807
-2.3394356119530073
33.15383147458516
-94.58398040768886
49.38708314624131
83.63288288183622
61.407580370935904
-8.436123873504812
-51.62491974818346
-78.94035738936036
-37.33005221815375
-2.4531079525186783
-62.19223407990646
-56.86528898482768
-30.7501738893732
-22.26118689050962
47.5299720570101
0.26950255298272907
-80.14306434207386
86.15669879322417
-12.067910002391784
34.95818550010864
1.4417647909880031
-12.992312646808756
-70.53650917825942
-60.25626119711749
72.26585842764203
61.59336656218733
45.4757473624837
-93.06140405471956
2.1958190166995166
16.361527455213505
-33.079127883210575
6.358418859276327
-61.31262253564964
74.63447960485419
-56.28874208161903
-70.41218640105582
53.78356198390901
64.00109410909363
-93.62611893259363
-94.85123120593283
16.99311281983637
87.7913407868079
-18.14891488221231
-26.44650677521885
40.017736497352104
94.09919594975764
16.52133645426288
92.21475620053025
-15.49066787923607
-97.80864297379075
32.951612453091855
-62.123302079894046
-49.84187647969689
-68.42740144446238
-17.484485063983584
74.64126478726911
10.16886266353147
91.53149823556865
1.5566800835119494
-64.09174608093517
40.73253558795324
-34.963672321433066
73.42431786123399
-71.40806196014371
78.31141746666822
-3.715454731680353
-39.86477311823786
-93.29088434724694
89.24890071578454
8.981991588663547
-96.39939155416124
-96.88545531244421
-60.2006106628681
8.274965926727091
75.4944238211925
17.64783699300689
-58.232452496865704
91.17550130955493
91.25271613490293
0.02498174363310568
26.95890670674406
96.29016250594256
63.434835018357575
90.90385544947907
-0.5349690221675587
19.51894418646529
59.66781441901071
1.4735830789858824
-25.06016359865768
-23.26694532321214
73.42951237716107
-60.31250959662442
85.65696529490967
-7.306357395247943
48.67122365112306
80.42898561829202
-36.09979595348285
38.00540615398444
71.93857175609409
-73.11970606800573
76.89596162611613
-71.42918286974533
8.781593834236887
7.097042934199322
-30.807711288156355
79.57801473166452
-72.8146711924728
90.2792425480429
-1.7490100375930666
-5.381485476927523
-40.230106334119675
-63.188709550878116
-92.61491293623875
39.980370606721635
61.07909202582272
-84.5740466267672
58.96623200945831
59.0764147547909
54.778928806481076
54.726708602057045
27.01758050495077
73.62513789997593
-11.667922754999566
68.70435105497921
-92.67982040883966
-86.25423446675158
-4.674760739455834
-39.767361887833566
-21.118097212389998
80.427961713646
29.17881254274627
85.8742560951012
62.97859684190942
9.731152670492321
-62.97611429040395
30.146289513122696
38.6011341463541
-47.264511986238354
-53.12853482489861
-68.9250519255606
41.2694657330517
-39.329289518083165
-3.172571127279042
-77.00060915668936
5.112904722131418
77.54200520483056
94.73179516572452
43.70816261974613
89.66670192121279
5.669490567967216
-19.600795707308507
-24.43646160646567
68.21868803647172
-30.078766984033393
75.04608747574471
54.73460818275697
-9.192473985686277
-32.88857507715865
57.060225842368794
53.35030231725074
-74.00463212536641
95.81270481957213
-84.93899193908514
-86.90623687182264
53.767209180219766
76.7126465581311
76.33263304046133
-10.332012275895593
57.05265217377203
-21.738201665520435
-81.77665276302879
-55.5994096711492
35.56888601928853
-54.06026880393742
-53.48057493184173
7.799785984427231
8.228148648981673
-77.49539147137679
96.24550289359803
-23.32009046883006
72.28596728804001
14.103495941283086
-58.47568482737904
55.00010558341896
73.23339365042071
23.620807339590357
-51.31386530239237
-67.60128885518574
7.932451439894919
-4.520555627851891
-60.33296169481919
-21.635602518317228
34.7232063518654
-8.470061802041968
21.344952215269686
-92.7075531068225
82.1184033439078
51.458725449570636
8.466940975341814
-58.70848274338722
-44.0936766963814
-35.68174635908805
-91.58143086459185
-8.663824432419531
1.645237606533371
-16.714731651797194
99.87084842553728
-52.47268714228548
61.848536548557206
54.34324320380685
-78.62013355607598
35.35956562225638
65.85508825989547
-80.76199019822725
-89.89549929297556
-88.21724445281176
89.91012752255256
27.023984768151422
-1.8984581916703007
79.98323466769011
99.22256661329783
16.646858942987436
-35.7922695505071
-36.03348024246136
98.5308284280249
8.468547648812532
-56.939333104170366
-74.44053811500137
-81.46974347192798
-5.44753974954773
87.00478141964626
28.732601992245492
-13.545161988809213
-96.99271225945358
84.18501427418838
-39.51851580904113
-75.82762734253781
-28.415756366645
-1.1952133816972577
81.12450207766199
27.393584989002463
-81.48540180939261
31.10557357501628
-72.92952352424385
1.6387625991591648
13.529946039122478
87.81247367803053
2.2121296169163003
34.08584699064548
-50.81836717071444
-44.78384832258018
-58.64333338675864
88.904397163613
21.01147910759009
-79.75043653838921
-99.14997708689046
64.9618752234914
-30.444757331508214
24.116609768184063
-37.5597434812152
81.640388247835
-33.782551649650344
-28.965522318370176
9.6466331283588
73.43684505715001
-55.847811825140205
87.73288153615476
-31.846309938873233
43.46615038441345
-18.902480302963227
-72.90794442343798
-41.21174823478013
78.13436844581659
48.19602189708303
-0.4645836058486452
34.81871489571546
-70.50569996243135
-86.18317333003887
5.646809394679593
31.047240497059732
68.87359970799548
-89.82559421820963
-0.324636497532822
80.11621361634721
-63.24365292696288
90.90890490256723
13.188633363533754
69.83706623560653
-77.38378241801713
61.84559573199982
-54.57438038686575
-70.72639068714759
1.292172554890442
-70.65145811353118
93.04295946475696
69.54923701972723
26.579015388720805
97.1017414455354
-48.14899677747113
79.4957111587847
94.50109598008063
96.64870618376662
29.47936075338535
59.84046291270718
-50.29829163715267
-11.578629488701992
76.18319943353364
-28.631264988815204
14.972595185636806
50.561539544395515
31.642847593472766
33.144106890670116
3.2946289068477057
-46.41412829318043
-42.26561230626133
-63.5380777545292
0.4915441891764232
-86.07725709164342
98.83500178424572
39.39484718079558
-19.075908948825088
-6.392154474508118
16.710146899712015
85.03939928591228
-77.1061812984282
18.83554370940162
37.675013582650195
-96.04661967783908
-44.37813492816631
-16.7311608766791
-32.20900855079864
-79.86605945034957
-81.56706198643121
93.34805933068793
-62.97303183185923
87.73801161468435
-93.26964761526737
33.18916505370754
-5.649498246512621
73.27192921825406
-98.04746838732332
70.72316941852003
31.958543620407767
-81.63392138792418
79.17278176671468
-12.195960132621522
-82.42874736013582
96.72176181700044
34.61724848819529
-73.44671802909733
2.702536261004454
24.42842141701071
-50.331989979127314
-37.19325021738553
13.938294262410153
-0.25496824535484564
-28.012095326300994
26.73738471738183
-23.56818245135588
-74.96533871303761
85.68963288862997
35.44437077675758
-57.09582251622525
46.4212920415992
69.15376849425982
13.78366632659926
-15.536496445810414
73.15849247045736
-81.53610236230307
45.68891149349179
-58.840087467419245
7.070450577375368
-89.68858396599985
-71.83637952613151
61.69858711198947
-67.62158197636924
-92.40709587696148
6.187076849230479
15.751447095666165
31.853534110611548
-80.3041736063048
89.24066737029744
55.48760696711574
-28.36645732443182
-4.440696692438365
-38.45930406511253
-52.569280031992506
-81.65594528300623
87.25708901801369
-15.468788554879609
-35.12136431618222
-43.02331550605108
39.79537078679766
64.53474288168587
83.94605118487652
-9.729177268397635
73.02338278800764
77.28451718884878
39.73587478890039
-69.73188912437934
-24.244637058325864
-28.296088272174288
55.223011626491
-21.638733812867855
66.91652322181241
-36.78101644740204
-14.756483320506163
-60.060971035515266
-46.461660622342606
22.319122305327582
0.17219768099654686
46.65785423828862
1.535838734482482
-84.53777208081308
-33.44550303126057
-54.16884002927094
50.8415569056624
40.02200289965839
16.947885476606046
-98.735391781662
67.92274400760223
83.61536419522301
-0.5749034100578996
37.20260956680397
-68.62639241385446
17.487084546868275
-87.53099313623099
86.69580954586473
20.410909967627248
63.96376946559366
-28.810615453005425
11.78684059573709
2.555184801806604
-2.0566702918995787
-10.974286599173126
-92.05550722180111
39.68135466899335
-50.96038630981881
55.65168436570863
-78.38401683310025
70.01161292420005
4.659232437777078
-19.63199387766339
1.6314548489360163
6.173140781434697
-57.00978173976105
82.14650405768654
63.829617144074945
-7.661431222064422
65.23720531104863
87.53199587204062
-32.51197129528943
16.241226090494635
8.920157717572891
2.3271294724261935
62.150622882304305
4.000341357220492
-37.90407128997941
-93.187951947222
-4.214896240670328
43.80438979943031
-37.95881747593466
0.1943096447999011
-82.2879405629701
-42.37881229909179
47.28913638899351
-22.797043030003337
-90.26411590606209
94.06973441836178
36.968367474388174
80.02549353008388
-13.717300697879736
89.63134235974388
-84.78705138203497
93.06301439241835
74.34480263042539
-27.73413622486271
-68.64206427133954
-4.702296941397293
36.08510024405413
-18.609609745474074
-65.66618240198368
-61.85095915854344
-56.947519624383844
-92.61375579063169
35.11055771263267
62.588331771800455
77.6700731781346
-74.69135871186069
-64.93108618007341
50.665951740277876
-26.984958825808718
-75.16216151694906
-12.43629625171225
26.59561752212352
24.2902673608354
-75.63615026061936
-19.922009829471506
-38.762076530188864
89.5554463848326
63.04861085628306
75.3524262116884
87.92974917042815
-19.957850947582443
-90.24361734091886
-83.92360863365977
80.20504402756353
54.03376855367779
47.5982289906641
46.87194860418032
64.5193038519817
87.62508927409846
-41.20964762959049
-96.24427449034782
82.61923104615363
85.79849036582448
70.3347110172484
56.80446777685384
-50.79157903761675
30.404303317617973
65.22740356423384
-35.78825863001005
-39.2866206410158
-63.33911705671114
-67.80224448976531
-98.94177292483792
37.12402682595442
-80.90125085892478
37.63248137000451
