92.12142616657198
-31.748772636386065
-17.49664478039948
-67.9444359967752
41.63789742408463
25.64470460998656
6.9345661799204095
62.34255000927962
-32.439625232186955
11.06140184934901
15.895522480969078
-83.90043969864367
-45.69958669992331
32.01969625780637
77.9625964651186
-69.46865920087389
8.821868093318287
83.82543614042424
93.80140438713582
-93.94604443999468
-90.83076994995074
22.878279947702325
65.36972549837512
-77.69914574837472
53.40004651520596
98.2268994218544
49.501241923139304
-56.41209078959297
-16.049200363252567
-12.26663883123409
79.96899658404251
60.37485031720081
-77.72724276011888
-63.01852933018277
-8.1329240034419
9.859162048141926
-10.48155699697439
-98.36725980263587
28.687439914774416
-23.702222252919242
-40.652519919945476
31.680748723789264
77.01925550118872
-65.39838064078087
46.15994438053701
-51.747468380778926
-59.61295230946988
39.882846964470986
78.09413604954833
35.98721895521416
77.39629878592581
38.33878430919185
80.7152810906154
56.36228254244517
73.85008162423134
-19.746705011274273
28.350701636643095
61.26786989203876
18.4003476292
-8.929425200063918
-18.295082700163647
-39.82836318189014
94.33611474019327
26.075299062162372
-95.26337531030451
10.670652461312272
-43.38700914282192
-90.96838829800326
-17.21693904675034
-80.51799658104292
-32.462379265716606
18.998926626359136
-28.770646365625012
-83.32849708982476
60.538183839253065
16.769616190547183
-66.5717607918603
-58.60512811798737
-82.6792699587514
88.83948278599664
65.43737870807712
72.99539943250585
-15.838435655067997
-74.91665181314222
-21.097293894833413
-46.43035512757878
-5.576976659277605
80.78785921150566
-99.13553353791404
-85.31965643301172
-18.372047091636645
-88.30926165962923
41.27718629391313
-80.27998971432677
-57.1055613013447
-74.65102738754688
63.97925207102847
-41.23539412363974
1.2308990697324447
53.09808054592472
-80.01562825560944
-67.78138681909567
89.05332762027939
-54.585815324139155
54.69115636127256
78.58950547653868
-28.709278290598817
-61.739420277915904
2.640614129637868
65.20990675475247
71.58414522725616
92.91537829101009
-53.60300228017139
-85.98963812528511
77.2126534764366
80.86167774670739
-30.740161962851857
79.74829239381668
-60.59783322058663
68.01453781449032
-88.92143961138778
-72.41843582157503
22.826992791124994
-63.72448867728948
50.779168636143254
-52.99424233978751
-19.61496273743124
32.00905442496989
74.62137006804
-13.626545428357815
-96.90249099113544
48.39832672939758
-96.9416543215986
31.570627449116955
-7.05498751912657
43.52101516875399
-96.34595139005117
38.04102214270492
-6.196905333886079
27.147950364059653
64.8673702598071
25.997067766052268
-26.39125123516706
-83.48615875840444
-63.312710088789025
-98.1903626724467
71.79314826968837
56.488925859697616
-29.868549044182345
71.50504712245723
0.010741184951015725
97.08000683172261
-31.689192360714543
74.0257031010243
-92.06775867898943
54.48558982714607
27.284666849444946
-12.48562179257766
2.237238342807629
68.93763969155265
-7.9949471367140035
-21.55397039515347
-82.74030692474281
67.75062118584702
-34.69397994449655
-74.979733971222
-0.2706722346198518
-1.4210290707160453
93.68094958048442
-90.78430543413651
37.69939197041978
-7.078915896430999
-97.95345257743368
13.40447280192518
-90.92497279725171
-73.25135409991876
20.099957540908164
94.67163939281781
18.145617206809135
27.163178657460747
46.67510750320392
83.32886022770538
17.44443887323061
-28.935463746694026
-80.64330244257103
-64.11739305318775
84.89458573052949
-49.30384347641943
-51.51876953718379
-11.175796177418192
-62.86757957884428
-85.28768232058954
-34.09398574673715
58.1540361476344
42.7215366801818
43.17988388369426
-60.39794679258526
-41.059561671499246
64.39176505506256
95.34888087853491
-71.29406288113287
85.49318552657604
-26.732118880528972
90.13119285146428
-76.43084023798869
23.837415338867316
-82.01745723915917
-29.856447842565274
56.29387800736504
-42.92268189528472
85.93766167565141
23.088221384568058
-3.5671735515716563
10.407975628391569
-48.72690847696259
97.40541455717681
25.83121762370328
-55.1188573378407
62.925900444942016
-98.04151251575293
-90.50912285958313
87.75755847962813
25.717516041475477
-50.24775885866708
66.54548192646342
-0.7848287237046634
91.18432237535913
97.28762805707274
-47.94827276695901
-64.51247678195409
-88.73582407768181
-31.68143935344891
-52.662578766511395
35.85724743116069
15.321451573968076
-12.896200796545713
53.6138411182925
74.8641242751842
-7.0392617756906475
-92.50985504149666
-22.869418577539918
-10.930533082264532
61.49532864074851
55.82952514728413
-8.75257730314081
80.66714744074318
88.43050720770563
83.0281857046283
70.67850690962408
71.94395989595031
77.07436778038203
-49.96813198380574
8.851218290165704
-75.95116811234917
-6.383868815697397
-31.400027409148933
12.274374037571107
74.45582368005714
35.9000303011031
22.72896439019678
-73.45616694924549
94.35354352346542
87.99715643034193
-49.09067140185552
-89.53859064350267
25.951094098710854
-44.62339374207571
60.36886412998021
-78.18996142069594
84.76105126231985
-51.52161532677637
3.546709734930104
84.68654957715214
-39.045311828101894
-61.674921263762215
54.763697163380556
-96.71760019782172
-40.54833204778549
-34.97005386139318
17.510004429300196
35.9396157647227
-6.586712547981449
-17.247651063045538
-16.54381348569696
-1.0962529615069485
-34.371190480700676
80.40617848768412
-7.551164060007821
24.403957209619193
-30.803064580192768
96.64520294707705
-81.43318860604845
-2.3581738874208753
-4.96313375243534
61.00833747274325
71.39294374469605
33.99998327511767
15.42477020294146
-99.87783904109753
36.82136135955213
-77.38095771280946
-35.10401033696479
-12.746213883381998
28.937403222687266
71.44093424020136
-44.41637251145523
-83.12209576763544
22.269624827071425
30.674694207709905
4.9044089807580065
83.18034947321198
-18.08910535703572
-62.30594922955059
-41.625162871638196
-96.82976142278518
-22.63208390232407
-48.02935810268805
18.130993298708688
73.72509355405737
8.316040493752496
40.01468558062797
8.157327653975415
42.347140643113846
-63.4194697400488
-13.887435898854747
78.96170983250784
10.18047606516339
-93.15474065131232
83.60960563328985
-56.888321788962145
25.840310344092202
-52.81660767812226
-12.717758178421718
4.318534774048729
29.30249686709186
-25.722482621752874
43.876854766484996
-16.27804123977512
-2.658823041270878
48.749108652158725
-45.47817786891641
-95.8315050283624
-0.8000526165394604
10.216720000387852
33.91610310548563
21.644375182961568
-31.354732066150433
-7.610998989902413
-31.601149924555386
-99.38418165235522
45.427366877577356
-21.9197561449312
64.85693320376708
-30.00712310180343
-77.32531538531069
47.609546541983775
30.239462529007454
-66.06754484013359
44.507208009254015
68.90684961390357
-46.19348979267972
-18.149574042269535
-52.58479101824294
11.102474187678752
48.566894026996266
-89.96868255863077
35.420242629890794
-80.08380405926559
-2.294976441092487
-34.75433469812741
98.80076652901352
-82.6922029566208
62.086135877528136
-11.382964086583328
-97.21769356208397
42.87624864069315
-43.45602170777987
-0.6999051178773641
-29.66276771774436
-99.46191119331111
-5.0043409449304335
84.64800876283113
-24.6312177438259
-73.22102972118276
-10.290460367977033
87.30042213817575
21.27418272089254
0.237993587889747
-48.69327700675618
-8.303905326711416
-2.803578471816806
-91.02060072461806
99.40575059231534
18.73268643319537
49.66402098753727
-20.784713432379107
75.83308084181607
-27.52961848572872
-21.607995213026655
83.48689353634254
-47.69956233168644
33.45227605198801
-13.835511603166808
-95.99489382527007
40.40781491473959
23.839711032696115
98.01063735790086
-7.563152265190993
-50.699498968880704
-55.111598458692846
84.71258728560113
83.13506090368716
73.62891704506868
92.64387153976529
90.13756783533887
-38.36150043977638
-14.154963159030558
73.59750516664522
91.11665937989551
71.29040865631774
-28.895677274380517
-81.66575135211585
-55.77644898953786
-38.329526620901014
-75.96035985120722
25.234092664503336
-84.85373296729888
64.5705496925377
40.41750060103405
81.3413394633987
26.236389092741817
-44.1595468571216
-39.50735421379574
-85.94635074117323
-19.91666237688807
-39.218698395386276
-91.32192407511405
-30.82404540391319
41.284189917876404
98.34809386103203
-58.795086754369684
-22.2427237966279
74.47657931865265
55.16876533175386
-68.54270054860862
-46.40052147686069
17.131649470580456
99.74890153965254
10.307629558403434
-42.49408561710744
76.9458488907396
32.71593503894974
96.4623388818504
-0.26051359380984707
-37.69617511970229
-9.843402934250761
47.03742564113668
-86.61193220274812
-10.05071903845527
-77.83628925276003
-42.80318267225485
-96.90303875898414
70.30922943079972
-33.69659627929522
35.66543398232122
95.69056911291472
24.90539011682995
49.396952250864615
95.02423410772062
23.07071192462773
95.41527577525238
86.4052211069322
43.12449595104758
-41.50380781974139
-56.58955496559437
91.0394304700423
13.661577443433615
40.62815994728871
92.70516594097202
82.85094787947617
-47.047501885048426
-19.086320192134565
-29.70390247788623
-54.99203920593836
-29.01191585962397
-20.326372000628652
57.74694674719109
29.725567545288072
-72.7164072565921
-14.055860401772463
-53.6349801330571
-3.613057039650357
-67.57745734158468
-36.37703639604031
-25.51433548751936
7.100132869660854
12.312221052430885
-77.7276460124225
-72.37466253202578
-98.81275792799269
35.28075611029655
-31.364255821152625
-67.57912146537257
78.36828792993211
35.25134214627002
94.66025793049937
88.60074874617112
39.04458392103584
-51.923948199956186
-97.33703654753234
-71.52737506573197
-44.293909640898434
-51.537789860259544
78.89334984659357
-5.1544378126758374
50.76200577426252
0.7572469800831669
38.48841430575473
-50.94693874741048
-67.68137612636531
35.22220042650923
-96.05784525559145
-47.07820621823464
-10.075995488921706
-34.51451815889935
-0.2769199283380033
27.61815039528139
60.5968568931535
66.89717492535391
77.45239635610213
-83.64511635438248
-25.16096938287093
66.13586608936549
98.94816041220474
-46.18105268228254
22.73230960463701
-6.628230242097914
47.900635679930446
-97.93441739772943
56.94264643742693
-12.488117989142083
-62.744860908252974
50.08405762905579
83.87612369846457
-17.901336293830212
42.073366781475556
-24.85278574762708
40.21781534766319
-68.13809442711884
78.57751395424728
16.855582049932337
-58.34718517584916
-96.55913381245078
-80.30039074269217
-33.664029966895185
-78.87701110211655
-59.67594227715016
-18.158510496111035
-87.13325993518839
86.3354801268627
-48.6575098390722
14.242312285985165
-68.97282660786799
32.98356488743684
36.92536082480211
-87.55363402027758
-88.714984359502
58.211503773132165
7.822231672036722
-20.848175795328956
-12.279905188231524
-34.66090428461612
-65.79171746921675
-44.52396810381867
-83.60630987881396
4.555267366606159
20.41388039860732
99.85310279599702
-44.7196480804243
74.76738283104694
99.3375324085849
49.28991569834571
-99.94845869248496
-43.72349700283722
-58.8212340389032
-80.80773295778225
-12.489525293574673
84.58318914378131
83.15489757563378
-38.663566915655444
51.962645855861695
9.776546104447206
-92.6978758687494
80.5082909325715
-98.97435864273803
-68.58328846960919
75.25742730294184
-26.42385290060008
72.55180998954432
-47.87702778152336
-82.50991792482989
-55.52838687038815
8.510905939106394
-30.539048675633865
57.620329398655144
3.0581596316304314
78.42781317562958
15.209442833823147
-12.89937609040517
37.31545325849373
-46.967532550022575
-40.970959990498955
12.044051731853429
-5.0464111403932606
46.06959703995227
-79.3476266150895
79.18374895789557
42.46546614670714
65.12104271853013
-38.577083710540535
46.60161236701214
-57.95544250500777
62.70393042703435
26.316666244173703
-57.34129945096789
-10.026194642114802
-14.813594472532657
29.536649075440124
74.64881979230776
-68.72887213555344
-40.05674892699573
-23.951854427764616
-14.350112572984813
30.70160573016193
-13.658086349109595
93.81709025542685
-96.02127023467865
98.00868545819296
-60.23052795405257
-62.73902049484925
10.694066510339823
3.371202379286501
-20.16523599495264
-82.56035925781956
99.88884201729059
47.34062885935228
76.7122268719225
-27.494290862388013
-93.94469757035606
75.9702265089017
0.15240233458541752
52.19680751813439
81.37891032857945
-95.61539004186244
12.508551490971584
8.91509800591703
79.76956692878187
-67.51926963507665
17.377777479503067
-1.278164972757395
-54.357031559572924
20.51549428813007
66.50581877028355
41.25712211697788
25.60391274632228
-43.07680674846648
8.877479582612068
93.5845202650946
44.148025590975976
27.686086023189745
-36.680200691539696
-96.15595778995225
-97.35288831217008
30.65690514183231
-46.149717551479426
26.55985829486245
70.2815780255014
95.44617513604513
-3.161118027335988
37.017805977957806
-84.39652425724768
-67.79810860153958
62.058689664305376
29.352555755586707
71.53604670288826
-47.582234276764204
-88.46483743411122
-24.87563581737595
-25.092359638643913
17.717087331328955
98.36795639885727
56.60642372408262
80.31043520269213
-57.558698608569394
-31.299752606175616
43.60511894316079
-45.14663027176384
-53.874951361092485
-24.473000570719705
96.15398506968947
-65.62939141946163
-51.13348674786331
-85.86118739395512
91.56442105947602
69.30924395561928
-63.65876940948149
80.31576420204746
-42.72981784270342
51.63612171218722
-43.88637690219801
-65.41972678085288
-33.77099820156231
62.41624854077358
-46.835086825218085
7.373933702272595
0.8472394952422349
3.50557600324575
52.107137128594275
51.395906439107506
48.36499828005253
-76.70496005842749
52.87124924429608
15.075054892747403
-56.5731167567002
-75.69818248272777
27.561478711886764
-73.83313954117023
56.6606067706482
-66.82044801507459
-75.21096113767456
-64.8145454004634
25.5902515739387
58.23556261683086
-45.580556800092495
62.37068020578488
59.6409839293174
16.609428067334562
-80.95884526283072
-10.354724269918876
-94.26496835192846
-38.77685104395401
-98.51703382012235
-71.82352414666668
86.83155998977267
-44.2391921239192
6.2789284200810584
-44.54876079514809
43.182699751377186
69.36814503932757
-92.68399212834785
56.32564166968973
-22.310205403144153
-41.160765882983206
-52.23719762215138
-12.755508320225559
-7.00174352325233
-20.907793475899666
-68.77994899150168
-77.1693599057646
-84.6326147658752
-71.54850963197995
-0.8525759896370886
-33.836465662704924
66.89846254496632
64.22086823678873
-25.88473790167059
10.004299850321232
49.12700132156996
-92.82554186443302
-98.4636823634737
80.27664504614867
20.376188394277776
-66.09189048110514
-25.755069669625726
-70.85893418222432
-43.34319620654685
52.500032951029596
32.42474294408058
-3.6636964560125165
-11.060658996393144
83.52179526994036
39.97216262560411
61.523934714600074
-82.31848497190015
16.834225388915655
52.03154483413758
74.33631158133215
-87.32393112495747
-41.35459595155451
-41.23617329270346
3.0983309268950165
-8.286054274339833
92.43601202443011
37.413639458680905
50.908316840004886
-17.667618775568926
-56.937676259484874
98.24003920335304
-15.68470208925892
-67.53372516985544
66.4034289142219
-85.87708073039943
21.073199042136537
85.70069733205153
-42.78427845289497
81.61374711210507
38.70944235067233
74.14476586581398
-68.634151502448
54.4940212793112
94.92648927624887
5.699340169744801
-94.08545053551921
65.20842557066146
29.753982952823208
-83.86594139038077
-81.77233915774444
90.10894349424711
71.5814332797157
-45.91773321290085
77.77421592669529
-31.487645774122043
9.403038902981535
-27.93141288395728
44.019340430554166
68.39145387757856
-5.669650088308174
-68.69816916693367
-52.20514226786533
-92.37491180478467
-75.38278575138126
92.28477368963325
62.73665835462543
-49.61993585713205
-96.60306307443749
-43.26120069531723
-68.54250753146793
63.21585161024802
-4.122846352601712
-56.15565445971369
52.67627178689088
-0.045566621654685946
88.83470990744598
-80.81671579026226
76.57274774963307
23.983787101184717
70.13583890682389
-43.24281886748243
-70.97286996521763
-48.567230440849855
97.17466221222182
58.332337420050806
-79.64578002493724
-76.62685170254935
-85.69859354285889
88.76976224590439
-22.224882950389798
-90.65756335014652
-64.84782292496129
16.67826616439416
11.971566541847352
-35.52765412640642
23.697576947411903
-80.300546216531
-6.981570561262117
-49.660902845113775
-10.708082865693697
-29.175646716537003
-0.7315437545470758
-4.034425686376537
-35.2432305523114
-14.692430668020151
54.62768662438586
-46.55365598856782
-55.3370290232557
72.3260535636744
94.76529956034403
99.89616286175567
8.748279195782274
38.26137343518343
-54.763770650294255
-81.84628227472854
35.48650214632519
-20.677981552473895
17.574340464727385
-27.58309137285977
-4.1280527924068195
5.269034156923794
-22.440152863136916
-87.49189513650298
-46.28534620339233
32.988135259155996
-27.517991944678883
-73.84095413307814
-36.20306399045605
-93.07780229666164
-75.94610900677145
-11.278570982139072
69.91289966208276
-43.803060621133085
18.05699741106821
86.99376567836816
22.56803497946389
-88.04065235121597
-40.65779066724937
-48.37370918900814
60.81256817814901
37.53653664544771
11.983859908636845
-54.712314788983754
-24.591194805926648
32.30314737837497
75.44524771586163
12.614045081028323
49.10058107451533
-88.30900695519065
43.63521107104452
87.02666678984278
49.77905842620379
-49.92253498214172
-36.44445567303951
63.005422346564075
-92.87530045885939
43.51821976734786
46.5307062071216
32.555428424832854
84.88067070054163
6.833046581978991
-41.0090780982403
84.30643781326842
33.7359903847925
-69.56589833500774
53.07919503405017
4.646276078289674
-53.35924266967416
76.75853946498597
-32.95113446207105
-54.293103074729984
23.553951118992188
98.07125088034724
94.42128737795122
-54.905238039186585
46.79565929904473
-84.5303409122542
56.36470954118701
-34.22744911514917
34.328013783195445
-67.5572424724725
7.556413005550695
13.30791729654483
40.67429263715675
43.71800982610213
25.27537094569962
41.41529312091728
22.630499210742514
-25.074225625787534
14.675741407485049
32.406100186427494
8.163839906762078
-49.991830359904796
-76.05979193902117
-48.92800636142412
-84.30399678440554
0.8869671224045987
-48.685372778052404
-40.535385326627704
-12.20946259999532
-29.851850055150493
-96.83236498253586
-97.09404454150716
-90.07838831451485
4.269158345760161
32.15975442809318
57.67623746004983
45.6309821799631
47.68016631373047
-60.225346509737385
3.5395576648628264
40.531781154172194
99.81669281246766
8.101284299575042
-36.80320280331204
18.495548147821168
-37.8641195850911
-71.84871441795005
37.42451927375157
76.28847691565028
-56.46604659907732
16.478988528692057
29.129715969823025
74.17771782660063
-26.77184544145331
56.635462889185476
-84.15826275602554
40.302925624429264
-73.95648639934976
43.364198636049906
-5.683766574883009
56.137745909018406
30.650003209527966
