44.57609537756204
-15.50207537982304
-77.09144746314402
-14.647671594560151
-40.52221870769041
-8.845894513446353
-18.106730599427337
51.030911427199186
-27.115156791184262
-19.27450017977459
27.909343849958645
-4.8044713460212165
-45.740185225724694
42.40103723166774
56.91459634054564
-81.88551992828106
80.05458506248539
-57.77628176635048
-88.50908346037431
-39.11976640676262
33.45023950061895
-35.70695586410244
13.926983148101584
-77.58427393430702
-44.37433552162708
42.32171176093718
10.44383781677773
70.67698224860152
54.58264527576364
31.776741032157872
56.52685230040282
12.846480450140845
-51.07345125560687
-20.653153422401942
-41.657461662356624
70.24530380764037
22.43438419751722
-20.003398220994953
35.96696905445168
15.679810097888279
-13.08930210419716
4.2712547088202655
35.201145819250144
-54.23834998387085
10.916965990529405
52.04179538122929
-86.19377430711721
94.89685377476215
67.85080836498841
-71.24502430980534
-19.912040608792836
39.803748093038905
-73.43315500084898
87.49015547890383
37.14751585754584
75.87997252262315
-34.8543023868682
-51.31469609494488
-7.179655336220762
26.031702523101032
88.69509568316599
-87.61134552982917
4.542728648811817
55.65853550243375
4.531816818961957
-6.373413988734853
-89.99223731749366
80.24932918857442
-95.82274941125004
83.84492094861861
9.269600993933452
74.03637005975114
46.003991307511455
-88.081417185095
60.631637652050415
-77.6413969645236
-10.136180008763489
-87.36347614889047
35.32456679925147
12.475704274278002
-16.991980472542807
-52.30608292953889
91.93377148492627
-55.93913734784706
94.0776506241771
-44.136589051288524
-97.2661700139658
78.55964778673149
99.83826252996184
-67.98895595157282
89.66531348092033
-12.651539262631118
34.212202754224165
-26.476328137984083
-87.21323658934242
-93.4982262209816
86.66004509851416
-10.964733370501278
38.62227210767881
32.47898135106382
-12.480641944337066
-32.072981626409685
-48.90493487475669
-82.25364638041208
-0.646063809917095
-50.18127812334885
-23.405949278481714
82.24770601844313
-56.79990429763897
58.64823147626805
98.3373059501917
39.11397830236112
-94.17709400277643
-67.73981724330109
-90.80059924872404
-94.90520789408265
27.931235261365444
-17.2338073023042
16.06964712119357
-58.01791341744722
53.151630242257056
47.24732829956926
86.29192427785054
96.67686129516221
38.20700619118688
-35.05565098423662
-49.988410833044504
69.5462413409333
79.77753253588662
53.943777456786506
13.28074052916351
89.98379327754563
98.67269432280258
-18.030671351515238
84.26685761197078
80.23175109482628
-61.72807261904343
44.57875075443124
-8.964214259680261
23.473915931993787
-80.807781827606
-42.71118290244704
77.73732689803151
-20.644857816091914
12.029445285826966
55.87567248085074
-90.75277996849118
-65.90001784800232
-23.97102860635401
-18.10897091021542
73.26668648187058
88.25861786550396
-26.599300067426896
95.41984561176037
-29.566956309518446
14.590105984371931
-52.59386296195328
-48.71132385499395
53.44313739562904
82.98249390397058
-29.588952423586704
-24.81760675592409
-98.86702191047807
-46.82214579736672
-75.38468869940596
-81.21254160967027
73.12166238537003
-56.372586329138755
67.66554745599339
24.02396162691032
63.01269943714482
-86.49315420349333
30.75370933684914
97.47784531299556
-6.29048548730664
-1.8286500399216976
32.4955639454231
-86.23396623018766
-76.56842205520019
-69.95091891001115
92.16054099542629
20.149555420667497
99.91415632113103
9.456995337242333
-32.128195436706704
22.26854130547534
58.778356281780276
-54.30889898856734
2.350277205124357
41.25296601236295
-84.32177011147162
-89.75320346116142
-4.888379152683299
1.6368504497352916
53.58182963929124
-20.17501225610208
89.22100487371975
-62.59400897632843
-56.463687532968684
-89.23331152383282
-6.202461376880393
33.5444535279762
38.23273249594658
19.367074178149423
63.4484829012909
-21.06798132269742
61.21581576690059
-54.78349949799648
74.40378891346404
-55.549997157014076
76.97651235651577
-7.821729268177407
44.408754467664465
41.29622581624534
-96.74897301080951
61.39014418265438
22.868873072365687
-80.75097416179457
90.34022072911552
-65.31832996305982
75.41456427824349
25.42763047630274
-2.232611938652539
39.00752816006482
76.3873959878392
27.21809685114802
-12.93037497327947
-56.01358616616019
60.006009460145805
-44.42865004719208
-86.5036576343565
21.336912373435737
-24.101391407485195
34.16644185397101
80.18192347435291
-94.95225138369405
-72.58044553611512
-74.8032840371291
15.499253020876537
-1.5195455827888367
-3.040435818426616
-81.64448888729157
39.98079935412565
-45.87050473226037
-98.66933177128124
16.015174801640413
71.34116348097669
-4.729351893139295
-45.2530872677309
8.233802629876337
45.899891965689136
84.36606112920353
47.389290308535266
15.07183513680883
-38.921840123818875
75.45602591923205
95.67500390291886
-30.806351106016123
-26.088054043545995
42.58337431109359
-24.491380118005196
48.03156549153306
16.30183951288376
-58.4284646061584
-40.31178196619114
84.6583083239725
91.49392762663021
33.70833796131794
12.11018365611342
23.021432731308522
44.70407441109458
-87.27749745532691
-38.583114820143
-39.98987279351913
12.785641192146912
-94.70724676657203
41.96097324088092
-57.59132814972199
-9.811014452867497
-33.192972294494155
-79.05781746463154
-67.88713870411732
41.25484936063998
-0.8086548348977374
79.82349817882996
-12.060244354427496
-7.613183515688675
63.41146760235458
77.54438534274723
2.735196365257451
-75.06733762770628
-87.30268949861116
45.44718253771259
-86.9153692744241
22.275566591590916
-32.35938829845455
-80.22748862134996
8.113387799983826
-55.03501464878766
-24.61097989999388
43.26896075204306
43.70970788662518
-20.544474026486668
37.956256086272475
77.31431948189615
-92.00473611652342
3.692279054194046
30.710004377548273
-11.40690567168103
30.021918408017655
-64.20033416102913
3.321838567675428
-43.335524159511785
-63.73801146881668
-83.37870086201171
-56.33395616775705
88.01194025861227
45.05034431340388
-51.17562432387781
55.047968808265466
69.82903427302435
15.027388393409396
18.485501569153158
19.78463500584786
11.521068603597428
90.18220548352659
31.554909035814603
-42.8191723041551
-95.79161712304149
-91.03722909026305
-97.00216270795403
56.36771791188178
-31.444094086877826
-69.73747793647615
-4.379231211748262
-51.62605591046354
90.35687488168293
-85.14110119403986
-74.8564850906245
43.72346484530135
13.019051191571677
38.603442868146374
1.7676229912833463
-24.76561793891672
-56.49101273481054
-50.77304694129292
-37.195997557344576
92.34632814966119
-10.948790489524413
52.57313173860183
-7.119588013429507
-74.87263793628405
66.79277557408011
19.481381010801925
70.7610506206824
18.162785495738547
-37.237514510627825
49.21834470228757
10.026083833866494
-65.69275225774186
-52.407388769759855
-37.58186352454924
47.88726874058659
69.27744810222734
62.50891176650444
19.645566252379325
-67.29740671701529
-20.38023145976379
84.44519825031475
-95.69066326027793
45.11035226746901
-43.04995145450492
-40.0083908193325
71.07908035702789
-12.787198924197995
-28.68132485152988
-65.3431292097178
-9.024396262888914
-98.69496512526483
91.8047122529716
6.58052637620537
23.74172717420626
33.6528225908323
75.59938597424224
-93.58348655597766
-9.659065190209375
50.8162428458987
40.279368319481165
-34.927620302573274
-52.98251267844114
15.865522746607198
28.34988548403581
-7.87967261481586
-77.00945306708114
1.3253917236436763
36.968658258782796
-99.67554828105843
-97.27635821562737
84.23905048359137
-94.99167632276297
-6.13484260669226
40.431708259164054
7.052599212086278
73.02162729393172
26.84928898426932
65.33170687261202
22.72021019553374
-67.36855882966064
19.322622345537738
12.005736351769244
-36.335138091409426
54.36186841053788
17.574643453789378
97.51541288199232
91.49683453882028
-18.74045534872384
-72.54391898804332
-96.20478486630498
-54.526633396067666
2.4047736614133868
39.76135548460064
66.08226606825889
22.969345030788176
-99.66141155810679
21.62406223458251
-34.93161749539868
-37.33866102780738
68.40071936340456
90.32242908653305
-46.39528592283355
-38.143964240547575
-82.72706125491203
56.939106039017275
-5.888306150414337
48.88373445115772
70.8272973091637
49.85171956337794
63.57060256618388
-82.75669410422945
13.833345605089264
68.22544877185268
10.889982549686295
34.39080747344926
-8.793324379167174
4.770759228634546
-23.506114012432562
67.38890802820683
34.27529344926813
85.19489174469064
-61.488113480948606
97.0219558217531
47.31612771425063
-11.2838560274308
14.329966694915953
41.93104421497068
81.1296255496687
59.684516121052695
-8.083071798899894
66.03849741799885
-8.813556997647652
64.18225131058986
68.04054684636071
72.81415917287
-79.0398770660749
-56.29644233449245
50.608361076789635
69.55662077973437
-31.540197098894083
36.063373962519535
31.359330823219523
98.65330290617428
-20.810421221465063
41.2079143911088
47.82048638501243
-31.552327187984687
-4.635726174509429
19.284744979628925
30.589866514574993
-83.56159206627612
48.8943684407397
70.74904187032044
99.95229433423384
63.83845955913088
78.1960235043041
-56.66409884467796
-80.53714158871995
4.5885636206154174
79.82050499232162
40.38347356419999
8.471875676504894
-57.18206716549026
-19.78859318679457
4.678886074014073
10.898706492775531
-91.12994162265957
74.94422251548801
65.61724799163645
1.1100148545395
49.55769369193098
10.636868595752787
93.86361642232845
73.3767989650392
63.11310629679275
-85.98852501676384
62.95939415173439
63.32234409424166
7.364047397749232
-54.713230528377444
-16.83727966350432
38.01036974910107
48.201163995064235
4.428802556072782
-14.686581297609848
59.69231504021198
27.358415828279618
-33.9120020910122
-63.15001336132347
46.19545783889646
44.7499160200924
97.90747828840637
-63.03427820875533
-29.491256964047835
-50.956360730186326
-17.23456708745472
-76.29486559063125
6.2363034334238705
28.638712834807592
17.874317600829386
-69.39736423552468
-26.072640162019226
76.45821545533303
-71.13868421145715
98.20929381258068
-3.4299990144412504
-87.10672284134817
66.81508368190521
26.049472623522803
-90.55846307315598
-98.83668418261612
82.13024732595059
-44.872686822012575
-79.36321113007301
-14.963943919778174
-10.192630491885879
-9.706041563844579
-77.75690499520702
-98.87535516578707
-69.40232853247659
-83.86286241757574
-76.79098126319872
-89.18169742876374
43.34332495667667
33.708145825364255
26.270864651870255
85.80639365568709
-14.752821925958528
40.89527192822669
-17.424343129546614
-67.30951734282215
15.650082982605213
93.17439920944665
-85.49360537406932
-43.61817090052449
-39.62220335262321
-92.36920311253265
27.73111567947508
73.31105389323994
34.260383912461805
11.98275519969583
-79.13715934803128
22.625152272940085
67.74015414096448
9.295241982916494
-59.66505981229857
0.6679072482815229
-85.86750751496135
78.90587180111893
61.94482037647438
56.45553664127584
95.37327292983656
52.49692587440279
-8.806173576683392
21.839080308944077
47.39037551214153
80.4050620323944
26.98702111946878
-69.0099269531537
-67.81138322985072
-28.97392435190416
-3.0091655586940647
11.260128352064129
-92.74542700645468
-22.731615862128777
15.63974556252596
30.30827196873574
-57.861419284024194
-57.17818061464206
85.1195901624601
33.34084910917937
-26.9996848930013
-77.49238647253709
33.19028968610212
79.40454083827487
0.4896103887672041
-38.8577165206772
-79.36774575184076
31.864379407410922
70.25294763266211
94.19519137070301
11.509497129925663
-75.23144620462617
-66.25013072850967
-70.19984036227207
29.215668240234578
-84.91225722683946
96.40292095324446
-58.78180818590359
10.447991680503677
40.544852100563986
-99.4782384963252
45.19285056177503
-64.09789309511025
-52.19254150465049
72.56789964243009
-58.55108778686211
86.70835726075674
-53.17624171762343
64.4108171421951
-96.88462079694584
34.65577688053804
23.11736939575475
74.75002183134978
-98.52136969373917
-98.85758862517326
-49.39490170965104
85.02229206309889
-61.06711958867728
-17.95242611322108
-50.055536236812955
31.60947890236173
-72.96584019421029
-26.036492133950404
85.46102544469775
98.86731320071672
58.59641853362666
-58.54795601837692
14.53762386877338
66.25935516722706
86.22965215291612
-17.450041423048162
-51.99678778712713
92.15966406715603
1.8067877227850886
22.783825004677794
-73.79604095095458
86.4207681629141
72.52742405940339
44.73636300353786
-94.86154325978413
95.51486274086608
45.8181149387641
-26.65490988561669
-74.04896695121037
82.32218049413586
-57.45813283698289
80.51261775504713
58.08297838277895
36.81718117029553
44.41492064746885
-72.70020956330802
98.71302514751247
8.041740240907401
46.710643476380824
91.57384146384919
48.76390854249814
15.142755194026321
76.70922512274137
-63.18170404376009
-33.62219117329121
-71.24109988868277
75.51538187156896
-3.3095984456296605
38.217446598109575
15.349158177205524
97.60844399422973
85.20917645943055
-20.339372596547435
13.01286045340386
60.63278637719216
-16.51880210097636
42.18469074224902
-17.825513942458542
95.60964129306328
-92.43878646072572
-85.32114549986247
95.47663388379323
33.640438874172986
-21.524866717119593
-19.56673985247393
14.651456514289919
84.75696263484724
29.341493430908884
-23.0434361437283
-10.217747766101866
45.94176020151042
48.667422774386324
-44.44759932889419
-30.709333311172088
-61.218406018350954
-22.266865988873235
66.51083503861764
-57.8038683401249
51.877475865460866
-4.028187847739929
-70.62617946699925
-71.45377261808245
-8.26204753181095
18.8118313786036
-4.043363272804939
46.34741284657764
48.635172843233335
-36.943162293950735
65.06075873757143
59.71963616890744
44.97588918945678
25.34313249881373
-19.236602319480085
-50.986428074085666
-31.32703452126202
-90.03674199762095
12.959340765491106
-38.68923089637097
29.709987163996516
-15.237600271805917
-83.1339530877305
-90.75682191844292
-17.540366865326178
-6.405723028144507
-64.5910371654019
-94.16687648866586
-92.51208720121244
60.40099033812453
4.810214676374699
-80.62320166750717
25.41449303075835
-70.68094989288525
-9.182343316588913
17.356500683267967
-78.2870651660771
-70.31410791390442
-82.21366945689903
-7.469842435012026
73.19037285315116
54.624162741521616
33.62251701677553
-66.95934913550896
36.41672120788766
80.9644419553045
48.2336976193549
-30.538261343783617
6.292048911897339
40.19396678453481
40.039427842000634
-47.1895035639017
62.46164862923146
-60.81664000802496
-58.00005828582635
38.07253450466922
84.67540770469961
-84.94992082144664
-42.61250632766942
71.15685555611077
7.130392646268675
33.22641617583491
21.396442960205107
-38.21817185653968
-29.869445200080264
-41.80716681937147
56.29506815431128
11.770276778522685
94.31742137894338
-9.144796385517779
-7.738871749439454
80.73903214896063
-19.574605309841672
-14.286701506826844
-91.45034977562344
91.9037580391427
38.9482300966649
33.20447014519837
-0.5333817019154168
-46.41096128365525
51.942363656938966
72.25225575865818
-93.19470144020589
-63.6286232091541
79.84782668069482
-63.63285236864007
-54.23184342168324
-69.68939294331172
71.93979459979823
18.991124413692575
-61.4123841150416
24.013911414833686
-91.76448144040843
83.78419991079025
-0.6265145954449167
-13.465671123454854
-63.652455796254536
78.54501825623427
-95.4832315637299
-89.20273629019408
13.72597114208267
-21.536177196137402
-33.19655717586426
-94.10224760314283
74.1516529072218
61.825133795925694
-47.24057248101805
-99.6391345479146
30.917627559676276
-52.72775124055873
37.200521807705286
-25.831813030481257
-38.28063946704643
-56.091106121591004
-48.89478107506881
9.407856435335475
26.55571508728471
57.408319532356415
-88.03884136255309
84.99860845450951
93.26229576708783
-79.4347214347917
-95.27449974554389
72.88617578659162
-33.54131313933502
-59.84292442727639
20.98548256720582
-82.8108336448506
85.92717099471014
-91.86379515682064
-55.12657154300029
-92.67562392539446
32.85481226902505
36.55608846704641
10.069843873707924
80.03153345790929
-81.85244283322639
-44.9264597197065
26.788587222649724
-40.43477806327724
-46.45347813982672
-22.76613620326758
76.92062251165311
15.552995876013753
-49.12307731963972
-72.87619973477577
11.170353093508396
0.18011454583512432
-72.6521023255565
95.7559956611426
-70.84732302198714
-58.85566170085133
-9.37753131244861
-27.196685804828675
-83.08504486064996
19.73871744720219
88.17314202656371
-88.72412418588407
-40.65947374946881
19.270548058043843
74.6709852624767
34.56929741805038
97.09889590651036
-82.62031640450655
7.246852481611256
44.60944913754025
1.4747166377183447
-29.508129295063085
99.25026261328148
-93.57670754178702
-0.5660582166486563
-96.50932556339325
-78.92409082832847
-81.84138499498576
-8.283276503482952
-60.56615409373263
-33.45944092569049
-14.652642645131635
3.5139148031417875
0.8397417301306405
64.76192603983321
-36.45119798888743
21.02265949860454
-44.21288403230908
-78.98989730459519
86.59046319377242
38.25314479730159
-26.872569948133247
94.42268674016952
45.95240666485927
-29.608913427916434
31.675097198849414
82.50597281295978
-92.52191876734253
93.60371167237952
-37.21879713135596
75.9223694633543
71.02841731310949
18.846689865285597
-51.74704453306522
47.555559515525914
96.87767276279061
58.563973603700816
6.876313322128368
15.54806477159363
58.80137244427053
-37.9656803091726
-33.53436289699401
98.74412996929394
-65.31922139658911
-46.875265043010806
16.122655459321493
48.71653846547636
29.013246305587472
-24.92920968072572
-18.0213357739448
89.77658474038071
-47.648378987600836
40.40442144176416
-75.11734555009717
-5.394684036897843
88.70007485637899
83.46320166067213
40.92318206117889
80.8676637972309
-36.30101100286844
63.27256963177069
31.272485084758188
-43.64305479302328
-31.000192987711017
-44.39062834570051
-2.54195368658759
48.806974020738124
40.5540116060877
52.26614482409647
79.86163521505577
-0.437112368724641
-79.93537731865942
56.605284698640105
-35.83749410476251
60.88804001678969
-22.452382321924432
-86.32206425587052
-95.10478093509349
88.6808621389572
71.6355696131611
73.5678123699835
-72.77793219478987
94.79430174609297
11.493226640697813
-50.065429791938065
31.554335876895635
18.71174692582025
-48.59990705744581
-39.66656039321954
83.10730019242115
-92.0465775865242
14.866004518449884
63.71776114946317
-57.93937741358071
-59.7432764617994
-12.098694198939114
85.71936663732916
98.67542097417245
76.63175741747992
23.903393742584612
-16.185955628881388
-16.662036619645832
-73.08741919746684
13.565670132790302
18.28483155349329
33.10855405767464
44.717193327287276
88.33337637880811
-56.65482436531137
-63.27410948648351
-93.14457563716651
67.92565194249295
-47.74546403893063
-38.24278385093392
30.11924395941702
-12.433205193716816
-74.36237855681587
24.618386256059537
52.17192656628623
16.27091339111537
18.91277851899811
17.502529765166727
