-14.583870660552606
-74.17116070720238
20.371415751230316
28.533080110185438
-53.52870986079752
18.656300484070528
7.081646748123788
72.54315925555949
76.7957897220272
-47.647933631318026
61.564555659659646
29.010670962800646
76.7375123847062
75.00337788149974
53.7643981028919
39.63238883375854
54.28325450902068
74.37737088207803
-47.62429107660211
25.208652465323198
3.337431394283101
-39.767032001124306
47.17405849950518
-25.17616582860633
71.62564013515816
-15.538126307201168
-28.493798344394676
-44.04437134522874
-3.610151729991344
92.20417703618745
73.93437084045337
-1.6402644182462325
-50.87151207353953
34.37345839652005
89.32523268435943
29.379100790138693
-67.44181107479123
-55.34243122077642
-67.57561872569231
-38.21416119256782
4.466456769511225
-90.80183945868849
-75.92373141851958
64.0264677204135
22.104368075333184
-90.19949829180642
-4.154838194238579
-91.03641631478845
96.7536846866088
-16.21757924780367
-49.00571905153086
91.1419254532531
94.45886472980422
-63.76641383090145
-94.57572095310947
53.32676819261383
-17.35332146587095
95.48005244552115
-30.739528032275715
58.035353259779896
91.68717790941963
43.51746322634796
19.874723425141028
-87.67647314614848
-13.101476071640406
77.70131158172464
-47.487525244144415
4.236664116929049
67.83412021978427
-55.27333237087435
92.66282849136965
27.765301709444785
22.100283704668698
-48.865729366979814
-42.718301609897246
96.99029594240977
9.14517108198578
-58.58749161541355
-65.99645248887596
-24.615676384732495
53.71073269533761
-77.85793265898333
-51.53046020753354
46.44765329017119
96.86137444082576
59.75460057423186
55.95922809521011
25.928888938596643
44.72258962629573
-51.88200314536626
-96.61055051468051
70.01641041098594
67.15288389359566
-81.17514176884188
51.95705565218785
-63.439426377865395
-73.36481953569862
-86.19632257650802
7.132598076281809
93.58603074079207
-14.510454714752655
-14.160753469532779
80.24549394510939
-93.7237502655959
79.32699877943512
21.268435244452007
-76.01118483863814
-10.478183427112398
-90.71324447636282
-10.772630516104599
-28.54284186802299
1.445074263055318
61.17747487479238
44.87815044664862
-76.84010447105669
25.249293015717654
-95.12131214723605
-6.694533235074189
21.994715100703786
-75.70077848065503
48.021836050512434
-39.73978501985207
-88.74429679492862
59.520970344867095
-9.691510757076614
41.71436108225319
70.32105341097972
-94.75257212708922
-98.05529284240795
-75.61020983869122
57.06807131523442
47.30149790586023
-0.7297236082818017
40.05330713839396
92.05189087411856
-9.601025509284128
-69.20520928755236
-61.84614425784001
-32.78536171547255
87.37061109237351
99.9121855105885
-6.129055294686452
-48.86006947113071
-53.02509900286674
51.16293729537901
58.07799549774987
-12.433263484367757
-31.057027460447472
-73.35808180786341
52.382342682394665
4.245654810441877
6.167669079438838
-91.92736690337581
60.20703865051104
81.19285969084481
-68.80688816998415
58.08916461486842
-14.645313358246284
35.87507209807461
85.81024506736793
-33.318529852295484
-24.5413675714544
57.90589914117902
-31.79714689928312
51.23546495255445
-66.5147714926944
95.10155223466532
-59.72913422987875
-46.974980653738015
49.28271740582687
56.96630179173815
98.93905565450552
-89.95649691912251
-0.007881925962593073
-91.72217141513485
83.06318634001525
40.32469677878805
-80.21813618144068
-16.44786812215706
-50.67776154321826
43.94759462072045
-51.97610464724838
-41.88231757103695
19.799308159480205
-79.19009807731703
24.082962816550136
71.48522945257179
0.7888597745407964
96.78464850770757
-59.65389417885321
-50.996505281477525
84.28439610971853
-46.035383219929216
-66.09706922308338
20.36872014920303
-31.46227073353751
20.98098847269634
-22.218650619722098
-77.75593037892841
69.44526922376164
-35.019925638817554
7.145903973270038
78.13308462400948
-50.92928475685905
-99.6435306309862
-73.17604252002117
-47.33645536723079
51.836279801912895
3.794986226815084
-97.26738074340871
27.18889621151726
13.30675364942718
-56.79253247522191
39.77447579508237
63.29658852995806
-1.8402398489932636
30.583267427770096
-69.94881769790342
-21.96249410467442
-14.419917000108455
-7.71952725764713
-16.297780294578132
57.9783293974356
74.79472234045133
-52.06486953027487
29.697641018932785
-36.7861276401606
-52.5601682705336
96.36116453920116
26.964503997956825
6.902127595455141
-60.17702589760163
72.78893910308972
9.914991007340745
40.902598355316485
-53.177368226442525
10.049380282778912
-85.13431810736711
80.18555581666925
75.75711499192568
30.08353925415966
10.953062505819219
1.3908115130603562
76.80979852659274
22.69609253330931
-12.285613172657307
-8.526971173426134
-50.91030866794439
6.536485900209186
35.849707814507525
31.765909939155762
19.630063578807807
19.66921214885855
96.08245847808496
88.02678783085935
41.307809435737056
55.38729070115846
-48.41199128039357
9.989468081757906
62.622586607848575
83.08933101835387
95.84175242886431
82.02255377624522
-81.1770756001468
62.88284118788789
-79.21149224880955
-26.31919266372786
22.189435935358233
-68.22659376607501
22.060276900957305
92.85612421200673
-80.22906603465006
-91.96459735543067
29.076168766408614
84.22635195647675
-86.77313395876303
66.62601055303051
71.34157455077445
54.15062836383839
-96.63047661551552
-85.59754982379759
-93.26559966104877
65.8237633253247
78.03614350484952
-92.72913527331816
-75.29004898726575
4.529274384938816
-56.52056506210492
-3.9083975149770254
-46.570606098513714
-64.11979904610645
-13.865946236898935
52.00361667626325
34.06026030166635
-5.960588679482569
59.325289613639455
2.3357943457044996
20.95426736285775
-70.63950218657986
-34.138577820858444
-8.367220798460934
41.31338404190578
-77.99625423078666
-75.41004497530201
-41.1490172804589
-16.781722379417403
48.20781461205735
86.75797886386368
-10.181784837293591
-95.81641376761378
-56.29207318686768
-27.300567415522863
56.40754810455985
1.8621982454336603
-75.01156107004745
4.786201107806519
91.14823302017888
19.562315278633264
-91.1392587785077
-66.8136825516179
9.68029681756282
86.97057188421203
-34.38931357558528
5.087428930854941
81.19902683254884
42.71246043051036
-47.63448606208141
33.96337206984137
-77.35705077667956
1.1187912745229198
-34.779474692922335
-11.850087522791043
70.93074188556903
-41.713062798132874
-83.77018945091497
-54.87005020253805
76.50650553400024
-29.670079211991293
79.07563885880566
42.636674923924545
75.49421228442955
59.622084845463974
93.56445066359123
-39.209792228891715
-29.26839580756362
-30.74655808582314
64.07237225333768
-3.4315030712744488
62.59033306542631
-70.0224071595694
-4.0305921172403885
93.0317201257617
23.621327206306702
-3.384792579268975
-94.11198000945433
11.724427185264432
92.87871034293218
-33.709667357050634
-41.87342071708138
-37.68391917370379
37.3666996246277
38.25374233738529
27.594366632296683
-94.65717361079591
-27.78730339423778
-35.734566551065555
-20.208957287958214
-61.27527828887524
13.10057733213938
-98.63303874352664
7.771175553302399
33.811245853290586
73.51802995943228
61.03950345666715
-28.917620581885046
57.15666759269459
-76.20497880515475
-77.44575633591222
-43.13431962998591
43.398007819978545
-61.751582138894555
36.939791689847
-58.53793042766813
51.42627442752624
7.182308450504166
-90.58241633029826
44.07204997356337
-81.0848778404997
17.277247099457753
-86.43777966531572
-78.68400583359653
20.368221480855823
-91.00202604441192
84.05248695191139
72.33075610466051
-21.804653155061644
97.08918486480468
-54.08758686229731
22.22413241469792
-11.130990060236101
38.60001389813584
8.034734869188469
5.270526626672222
18.475997792669503
-21.56914161750035
-98.52284284378254
75.20323577061367
24.699791610891793
51.3767183464351
-30.12059145681647
70.48687297941453
78.93212957426604
20.139828623420414
-67.82174398125831
-21.85971668676798
5.760297512219779
-6.450597960987707
-65.54226769410816
83.51693196056095
92.78713720902368
-0.18763137534230623
-74.03157768942661
98.1767839034396
-8.94579642817392
76.60745027560293
-94.52161459122507
89.88545830757411
-99.42444468902893
55.32571073293656
63.354363392286245
91.59200124940094
29.698371473373015
83.7550501900686
83.07731877190975
30.737327889704943
-68.70776826104128
-71.70186235864071
-91.82987393263193
48.07420238541832
-23.838231802985703
-37.06892334741494
-10.27833649364429
49.164267992085
-54.005444022243985
-51.07584555788909
-28.435426005764896
9.810626893541396
-5.550680026199743
-63.966148291445755
-75.90539871094542
-47.16729568040536
82.36462437414946
26.084540834229017
-35.802829134990915
-49.38151123565018
-32.98828867459011
52.391643183334736
-54.999742655572746
45.79221425374669
-57.72610469448656
-96.2977146010269
-45.798619451074686
14.151090294412327
98.77056483354681
82.88442708982339
35.191723783326836
-69.76310214921727
-80.39028483952302
-29.67438843954497
-33.05606998659147
33.7829419891649
12.576721326587233
-61.37831404064988
76.76415696414074
4.573047937755021
89.10615686990204
-52.7833128701872
-62.57965410561586
47.84543230059896
-84.07892637678538
98.61630792868556
0.5296283715760666
61.65571530413828
-1.8477346582933336
-93.22543743788802
-82.04471169555596
89.32774833176404
-21.779424293534234
28.750341390096736
58.135584167207554
-31.588636713567084
94.3676994435784
-53.10371893160202
-76.1080719422526
85.8546463060602
0.8888746452278866
-73.40772717215086
-92.4619940376076
-93.07690910343065
0.39463005260454054
84.68731460453574
43.577316030133005
43.8778359306221
72.03086966928848
-49.16939798753231
41.32520963131981
63.29568246259677
63.539244566280075
-62.68189153806043
-60.36731918050653
57.241004755540644
27.93157014588212
-84.19423876850523
-38.46118396421383
-70.98819007554802
44.120384596148284
-83.82652422449443
66.84961752181445
99.32626252741278
97.28455624381508
-48.551567475327694
99.60371001191473
8.010434968682972
20.62425948911786
91.29829517464444
-75.70666536098669
-77.76313714061092
78.9818126027819
4.99626175715413
-54.83533765087019
-3.89789695258267
-22.6130330845061
-58.20586195126813
0.6481367441268873
-82.27431782894779
-84.69405140425013
-91.23741779018243
-29.601023703189583
73.58610227915062
-49.6805280931865
58.7120802146583
69.27626188569275
99.63768966875244
-71.01948785679633
91.466766373311
88.55728099451505
39.078836455523884
-36.676672323606965
33.54776680123038
50.234306420268695
-40.95945684640889
93.93784333811769
-40.98628083859563
86.00673117403366
34.972837671608914
-52.796987923077054
47.36421368237464
-32.91215627615236
-97.82771454866676
-4.584300449339025
-25.039894909226206
4.285073623320642
-1.3568869639597523
46.440846307062
31.17003206639106
-79.332421838812
5.024787796637867
91.88149711939181
-11.545465836817684
-68.23692025518689
2.3466691509422617
80.03131446142808
-65.68613451027133
-91.8908021634825
77.14492377616003
-19.782081476959277
39.27037724879776
-39.49733253989574
85.94308423849583
43.66042759556316
19.93514305743875
-59.45220258831152
70.86894960796997
-32.734474717325185
-64.16466953957641
-35.20679495893171
-14.743372334771749
21.780610799141712
-8.428639491802016
15.355360749281985
-55.49273615999015
78.36971720764245
12.145901602896146
11.654096168131645
-72.63127092292343
-8.450505652698823
-66.16301355067347
-19.289202514828645
59.69182261483334
-49.16146264922134
38.53529326895756
43.79122880735514
37.70998421472743
35.40671489547168
50.02450700547877
-26.12711891715192
-84.07680608890095
63.04137493918245
-4.614512229570352
29.99342357644474
-94.8614044045598
13.06152442708104
21.4525623680033
-98.82784342743263
28.985359500986164
23.99432953375735
-28.180982146335637
-11.963435826854393
10.553973158481938
30.407168198689135
-31.6221927805459
60.38354110327876
-9.730017130039158
51.99274061138979
27.758190122572373
-37.80098220907537
68.51734505778225
68.4312841583029
-34.50546789961324
63.841173274022
-65.96627625661861
-0.8525822741486593
-15.866225804077189
43.938668660747
-31.572449140140165
-53.02363366886238
-11.62549652561853
-3.029184464788699
0.6593883829927307
39.7966326285499
37.994370372368905
-82.97645632578094
-39.16193154439367
51.222346147286146
-12.510422449221494
74.87221598314167
-21.637535649626713
8.72862357362942
-55.116152682763484
-99.34029199729382
-4.1351038506724365
11.855896881862122
-11.437410307994739
41.93679096672889
37.459039745789426
89.19518822490917
-75.78625182148735
-68.17493593901989
-78.50463095886761
35.67041922277093
-29.186567334110606
-59.823530034033865
67.3477686378462
-33.32817421255348
28.838439419620983
-79.28358384015901
21.23279278651043
52.56318379379766
-85.30145528131874
23.890279758145155
51.986828598421624
-72.37107098353574
-17.728559796554165
-74.83708100980016
57.091876539624565
-87.1273682462886
97.78645986910038
30.372040323048793
73.387054740949
57.94997286278013
-4.863597473450369
17.98803183075239
-2.1966158507344034
52.98284016739419
75.97025103858198
-16.641353334176628
36.372242949470746
-71.9403778785483
-3.697210901340142
-58.808500824338
84.6806575373532
7.611044620334283
-76.77995139713434
8.157402727169057
-42.55302548856756
33.444570658518415
-77.79915677731174
2.2725915893477406
-57.096203347149
-16.02264259633796
59.401899042825164
-6.418469504158608
-49.32672399114764
65.11758469225626
10.56816332635853
40.48225493726221
91.18054021476706
92.53425904730659
-21.93387914738922
-80.05443278560749
-4.134069160754166
48.00617901450019
4.143419614107231
4.444196158793233
11.555724097518436
40.83210612395496
-72.40669366549048
-52.7106862937837
-19.19775340420682
69.99046739891492
-58.77003731463824
-14.73644957918981
-89.79499050291768
-31.55361460578507
82.99662847145166
-90.29424035606198
-82.98869390838757
85.52540002277851
27.775297453565457
81.01293747639008
41.46416097897031
11.929384895021954
30.53560696846239
42.58933660758649
-5.548495950788478
-16.870826108040205
55.47190866625627
-44.34630972445712
13.145981829338993
-4.846135465727983
45.58609874175352
-17.606863902835883
-73.9144451896288
-81.33529311611751
-77.227157367564
-25.668934919825404
-73.056403450234
-60.82519118779244
70.33189839617012
-51.92466696613165
-83.70867913610871
63.94406919144237
25.621128809611875
-80.29464709484735
88.62289905524295
9.798518887446406
-10.814063143043384
26.98646919027037
85.6932422154645
-72.43881943608116
69.01838293579786
-22.963003096302685
-50.12419634883318
9.70520698158559
-10.764333465350731
15.655578847292489
37.43783085604187
40.805946852838446
-85.2870161671759
86.22204476863345
43.05017219768388
93.07116896696647
-67.63723554247409
29.03459428225429
10.609313619004325
10.541519979599428
-12.370147759273692
-76.42005667511083
81.56012100460563
-86.35596972928545
-32.14090213919451
62.176021744372434
-27.965858088593905
-97.57395239635925
10.324660104274756
97.06354868968995
-68.22209645319224
40.169947002066465
41.817292287884754
-73.2090780604357
-41.49125452378364
-84.13335725708615
-47.856991454090746
-53.757123516440956
78.6596545606547
51.719406154444556
-72.819036183521
9.56495157876165
36.102726659593515
48.81183607949771
-34.578869968879445
30.20478904945537
-42.06634017419935
-83.73628766808663
27.518969496191787
34.01594015176741
83.39794516916027
97.80258262570959
42.60678165104858
-43.505199898147474
-32.0316495489906
-59.10689724153251
54.37537982335584
-77.45590404185197
-81.61963352559589
-43.02430096476937
-54.097548369554005
11.580089857156423
63.95313338328506
89.62391675611511
84.25689760724893
7.613197810392421
-96.53746418144011
75.27055176612706
-84.916807360644
38.22540176716177
34.4374553330903
94.2568037232976
88.0132416586103
-87.3633320919928
-82.86503128719227
40.333377637796445
41.78630734188516
65.9988974443198
-70.422297826869
-59.70928781598508
-92.83034773968775
-28.58342710829156
13.1154878145407
-76.12380967920227
-79.75370303533806
67.61767362147154
-17.45628686703118
-89.20609895467022
47.867714219556206
27.119626918580494
-33.86732192020409
97.60043897189695
-37.70967276724973
82.12050137207459
-85.8496339821539
36.15707048079656
31.142429258349097
71.02707174019102
43.898851506543394
-44.082645856516
-22.50767428582519
53.48786746977643
-29.613270044989832
48.213107791743255
-42.48275865144833
-75.01033030234944
-33.06977921037924
0.4990713783191012
89.08713442204913
-63.05137111300847
25.811831480935666
5.899436867429017
-78.98982697977324
-87.32044666140484
-78.23020702720649
89.4630463547798
-9.872139456790308
72.66740782670104
5.8561010220125524
41.50535561652069
26.379423861519527
-22.857034004328284
-97.16727858303173
64.50284501922553
66.23936469087198
-86.51428226797763
-9.431362699280072
82.26791655660776
97.20261376271512
-68.20871302979191
39.44115431810067
40.999770748033086
-75.32754707010861
74.25882645584036
30.946950865421485
61.820178961552756
75.48770463135958
-99.48127717238766
-48.2309053996054
-83.3986917614902
35.77015318146462
7.6203197069586395
77.01658822898705
-82.33210997883944
-78.49994709712836
98.78464943942271
41.762425103898806
9.982932189535092
-22.244810477736166
98.46230459435236
-34.5699432623837
-80.53820549524127
79.4270850654666
-49.18296108168478
-9.561688839110843
33.25881102731202
14.846747322881868
94.99413429479179
-17.752456898510616
-69.73484214092394
-64.68781413695214
83.98004716716966
-69.88080006033903
23.120920665926462
82.87314232734983
97.73081389690006
58.73038813163427
-83.07010078661932
11.756449125559953
-23.125469078486873
72.52114257683905
68.86400841786804
-92.16621469898018
-86.18861160296937
68.08878128333959
-86.0969896900891
57.91791626792394
43.01011540272182
-13.933497609137603
-51.99800181960528
-83.6238878321605
-46.050749065521444
-48.04527996507177
50.941256889003085
-28.80578445565274
1.6374707639517538
94.28418320064245
-21.97777474297125
28.550150038573264
33.588951930928715
-58.283857257722026
-67.45566280247688
45.39978765241884
-18.722006846290483
-75.01262647194353
-89.28975614245005
-75.17891815992994
-2.8616122589200756
-9.69416317755001
-39.675494247091535
98.36229105795758
-39.24151037978658
62.52519340355988
-99.46698311881359
-14.586063002928796
57.80508024515177
-60.993731639199055
-20.22694317434204
-14.824053047752031
-0.41274343441737926
-32.61902844741573
0.3940642444052429
94.39706252449923
55.202515745765
90.69778642199418
5.536274580863292
14.56732118679183
51.107801616402156
-79.56564120971971
-86.52961085166044
-54.3228940256661
34.008557601993516
-4.477258395351754
87.23382598742825
-52.567808890213044
98.78098174587319
-56.87453262036271
-95.12429373430196
74.93152832446407
64.38503181631384
-46.96112173073168
-94.6138981181331
-5.459880405403794
-17.96442743409432
79.80089095118487
-1.2508570528672038
-48.41744797657679
22.010594796415432
-6.343146701880855
-62.0470487126898
34.44816161857344
68.14769557036439
-90.28053096903135
-82.3609952773202
