38.81645746504648
-91.4969262822678
13.978929854534755
-14.965629264233243
71.68110727656173
-81.12815146650847
98.31844145051852
-33.150913743581995
58.9730967190699
-28.446281173612675
45.44324596626333
74.03887497198806
-4.466586144230519
-58.57536840531192
9.054923598460235
-70.03895753341553
48.89586626943952
10.492495703222232
14.143540017540587
43.34739587957148
35.70196771086958
63.63160764804368
-41.64990440494647
-33.19350984334439
-13.035314291385987
-62.008404918791605
53.02293450647565
70.61594209281859
39.75028889851711
-94.52216800207455
-66.05293258935353
94.47393322684206
-67.87029857979036
-47.64584491436183
-24.611142317444205
-16.095174664355838
-16.48433460481236
-94.69576011099339
-75.58386573453318
44.16030306069845
-10.44143030532814
-73.57622447080306
63.10215042297557
-88.5370926615069
-32.36934134371219
54.84439255493086
47.337338999857536
70.70321305757383
-42.52421762279928
78.13393679881113
-98.10438022016166
34.97085414219583
-90.52576548920112
-36.48965829462585
-45.73432748979589
-29.701032399951032
-35.58919382179565
-30.0756959528876
15.683371865929743
53.55554769751288
-86.06984860940193
30.231762394323596
-50.924603698988236
-5.655879204299836
62.010822158896275
-7.81314587630186
-8.588210469649283
36.16320795544294
48.777676711684705
72.6328142763023
72.77316955433199
93.82731258588416
86.58239005861032
74.77561566893121
31.663270043459136
-99.0430847023477
92.25744424848679
87.70499189903171
24.199205296950296
83.44968753897228
98.86673741593225
14.783541562229345
-11.499412941318354
-4.198249384960164
-86.50829707579328
68.1378628551575
72.22729972988756
8.339276981031745
-15.508161580924181
-63.2704794665953
2.788165370789116
-61.17492711025907
-28.060832474870523
2.135720163060313
5.448324781471726
7.783145467909563
-37.45860785139643
-16.42131594208132
-92.80887632333823
-16.086911185854163
-93.38937519039202
-86.35494192955287
0.24323060499069982
-39.813997230637966
45.36828091431252
83.41967055681587
-5.52139923844517
-92.15971742439044
71.67459638285064
36.133522403148476
86.95563586252467
-72.10383726943736
-21.960477396231
-2.223719028291967
-34.997852198035815
38.196716994426026
67.1565948331666
61.30599061400531
-76.29860431552267
10.703894156302866
-2.9723967056002323
-60.66867091168913
-17.742091798796082
-62.633373818338086
21.934788175368624
-19.384548652464858
-11.775574671258497
-28.909550184389275
46.41180957407482
70.94852248637855
76.0976905200688
85.887730209578
-28.509675277942705
24.03297272415486
96.39926148543964
11.631903064671917
72.09116815149972
-49.35972868103078
4.38439363724153
-27.2441613539022
69.49942020178631
-50.24463685742315
16.245400513792305
57.57764516460503
-96.35830351797551
36.056219718000165
20.649524492003053
80.3502512487614
-71.6334701254205
-82.15466429580651
65.84590211941244
90.89907877303338
-17.527402376881284
-70.77578870428394
78.74940209167679
-94.54978786759165
-11.207409459305339
35.69445831528819
63.87137386811236
-20.60298752915098
21.265857015731157
0.8973066158644514
27.080274315284967
-47.46657140643913
-29.389037525394627
39.55834975397113
-86.92355432283902
-3.246292649941296
-74.82024819120888
-92.25680785095618
31.714143546071995
-86.53124110722557
9.147567987141443
-75.17037523879155
-86.9820362655071
-93.96039823613418
34.80024951107109
-59.57860430051054
-51.689333659730295
-71.25770231323753
92.42841068415436
-12.145696523369011
16.62715763080533
-70.64600335767979
-84.8861072824759
32.6256826177206
-82.03851392271952
54.81351458503431
-87.69044324624815
85.9177170785045
50.64399639501161
24.43389891317716
-22.554012231128468
-35.22003058896462
-72.9953939614781
35.304321913090064
-16.702599957975053
-55.28164210095936
6.757456908710168
74.8408048401468
-45.12414376005249
-72.75715542943048
49.51065098018711
32.051352351124564
-96.13442145372939
19.73089566229463
-98.45070650277586
31.899412325142862
59.31434167038128
23.79620351276408
43.5535441569516
41.41792381681071
28.196723668976915
72.1140274502664
65.66666069690791
-3.0106586026750364
92.63713105795028
17.95276961564214
30.958326536168443
99.85337363112276
-33.46565354338662
69.02680411189351
29.856362531603594
47.21891014068623
-53.68764395157686
-83.32153028967232
-67.663097479966
51.5374009879304
-48.966469881011456
84.98788075821832
-40.09454385647893
11.924652890593208
-2.383795569264109
-12.286663994154637
9.715747245939312
-93.75028702036303
-16.737038509424423
12.499061276937184
44.11647561303667
-52.93954271679697
69.03553499556205
60.946376989288865
-64.98377715279248
78.54934669660136
-87.25223460220082
50.548111880588095
-22.44318333794635
23.968927701958265
65.44463677490916
99.06770426048607
31.957173916728124
-98.84759372756574
75.3398001969606
-26.65479776169535
10.961726547041124
73.59026970286769
-44.13027209989333
-49.507976309115655
76.13220017803667
94.93475879887484
34.43463570228809
-39.29937751322869
0.41148528057999556
17.304463479030275
86.54932192593049
-87.71623927965999
-60.137904376429965
-63.648185376400065
-88.37138597411834
75.66260181946555
89.48977593532905
54.54608605709922
-26.4185093809198
73.09424175454134
96.85783518071338
7.8983319544028205
-27.946376294691106
-79.33673157993488
-4.370650497599044
-19.84441087941488
59.18249808518283
87.96028076048711
-48.750952052654895
-12.132102931838617
-6.812798318887104
-39.16768241239299
15.15521506619686
-99.29653616445438
17.105619636058293
-45.48753320677677
87.55001660129867
-66.93360794513323
53.71459766255808
99.43064326776673
-71.72753294377864
-76.41524398885875
1.5884589186749452
46.72583935997196
-34.513741670517106
-89.41014385157165
-1.5633409485359806
45.99273249286637
-78.51329842088913
36.486599227396766
-60.44225758400217
57.69847302687771
85.62957455756245
28.058951122214694
44.4014691639251
71.07197919859055
-55.11949803330551
69.2123752201916
48.01276659949289
44.00075125320777
-93.17760413863876
28.010143836336397
57.32453526111098
-0.34078732805159007
-88.92922012491445
-99.2790956641326
46.31130798457659
9.030894369651861
65.18256480522572
69.36526282692756
-75.43970754058563
60.885379909764225
-40.416744980683795
87.57015627984444
-38.889759110343824
44.16756793243391
19.867142951537616
41.86518598773094
31.463944069725358
38.16448529780945
3.9628803378157613
-81.68684667333807
45.934413141328946
-70.50945295232214
-22.009776574858947
-39.901578911798616
68.11904106485707
25.29666908073216
35.23954490728721
36.288030575812115
-52.66857488729975
-80.99289677550483
57.79635861583617
-81.22055025698597
47.18501323395216
-94.25806551239143
47.54413861291036
26.56844299141987
-4.94543263024994
5.505598369766346
85.26395150648435
60.07632335294653
-48.72806891800503
58.86465534079929
69.38682399686377
-75.42420143468378
-65.88124880380464
-85.09980045274455
-5.754151724294871
36.80661883469716
45.833490385296045
17.9192867195122
-8.229859836776129
23.17197944955494
5.611829695197912
94.4349039398808
1.363478739288439
-13.723832041295509
31.994276860124558
-83.1536620419363
65.85100198674289
-15.668357656257797
20.413676265541824
7.4831940437675115
60.63064793524654
66.34674539869187
-33.857320751219035
71.44744965693533
18.86835123793604
-65.16475354682356
67.53949695777501
-39.191821834128795
63.6984477634598
58.31488637559434
62.44212038007328
65.37980618459446
-64.4119622704495
11.085424065739431
35.71802060357683
69.32375641367145
6.769454259084881
45.15328586480621
-7.220808502179949
16.448050198638086
-79.55176012570395
52.52137437155818
77.30753942420333
90.76067913488524
40.17027579980365
-79.33088071150573
3.782559549025862
45.402414978338555
-86.73135448420648
-55.999294007134196
-84.60444634584331
59.85406965373278
-86.11945652827471
13.754784849449521
36.02638189994377
56.774147029523334
23.479411006251837
-13.592947382596535
-64.93351150111076
39.89480954115692
-25.174156295181987
-27.748587498355832
30.270860496092382
-0.582658903287637
92.90431235688632
-22.027253846250332
-70.07608897458151
-50.39064775779902
-75.51317357692827
6.000963738022207
-84.74878036568596
-9.519917660782966
72.74008212960308
-71.33078350354359
20.78024075846379
73.91631389461605
-91.49166145141348
-18.073699467372023
-39.67238466494179
76.30602388551617
-50.435192340138556
27.250755251863268
-47.66728189555556
70.31047045178394
4.560692338238567
-32.04917173606363
-31.232541920554866
76.8247173619809
-15.168620603456006
56.0911604209241
-6.941817264044488
82.88519553797363
73.1460402504892
74.85845026966985
-5.231027382487014
30.75097751377055
-45.42236683038219
93.20639805748351
-75.0499810976182
-81.678631653129
-74.60889850112038
-45.2236138315506
-44.696567046472246
-42.78738293546836
88.92401976084722
-66.80351923655874
-68.27641478109172
-85.4762869356233
85.08364318585183
-51.56002165844464
41.366788270004804
-29.06376304829199
2.7622170902481997
-58.08993049460825
-93.88258484667685
60.058979448196055
-70.11026931186406
-86.74979900302917
33.3735014129374
-66.77826951846586
96.30098318724882
72.99925447951853
-6.789309637552819
-16.582553071514127
-42.687513360999915
55.35938890481674
-41.733961182538806
-31.214406101418234
16.257125468718343
-31.014248833731983
-93.17372134770446
2.6013979098634934
59.0674406456466
-22.38643931698094
-56.11138998338057
-79.36192740451935
-72.73337191941991
-69.11511680600147
-48.72669442002753
79.20798162892314
-97.11590276980273
-28.144518222373875
-80.9462368796182
-45.4550940451927
43.81278359714179
-19.739544694046458
27.564970648387785
-96.20020550345583
-42.08501064229688
-63.4150352292246
-63.85448491543811
27.642294799149397
33.551194140758525
29.90946019940793
-98.66798989053751
-25.528604376502173
-56.73813995163191
66.25215515648762
-72.30956076202237
-9.602918602389465
12.682453979432111
-6.7789282225134
-13.61920297414214
-95.43307058073765
-12.312055832059471
79.5000970151232
85.86535127239719
-84.50583335173559
21.94946144350969
-3.343148583231198
97.09234117257333
40.25938586236836
-34.72771080596641
-78.81853869867422
-68.77558620382793
-49.85236939358886
-67.49205665350274
-37.69076009453076
88.85729195025644
1.760578682847182
51.388974547721546
42.05831555278357
-82.24604001767901
17.41456351888631
83.73040632291938
-30.734728131358978
-0.7853058252529763
98.0406441812815
69.55522346413699
-48.80248683076622
47.65107211265837
-13.435313543551004
-24.761291029434986
-2.8609454432057646
94.3323592948793
34.22286859216226
57.28343181025846
43.20221793262175
-24.7779888947465
-77.51415318525466
-76.12045437460885
27.353833419236878
-95.12409795182468
25.017018298068706
-42.42831478695477
-79.25754865137228
17.366587479197264
47.99205499060807
-30.58591614125079
-12.161126056663079
61.71839549572172
44.307123713053045
12.57486562737094
-82.0708700236919
29.975071932855855
-28.50374072388722
-50.53350983679606
-7.8904775476017335
24.700863964515747
-46.29696653705342
-56.045885737061575
-38.39330566200794
79.1694800497701
82.25160803202115
93.99502749608342
-5.487488300283914
-46.45144838695814
52.409478839115565
98.34406168554798
54.06138982731824
-63.404228058499925
59.65254293467902
-80.70900062934665
99.2033105041815
37.57511431941393
59.88299917620705
30.680529636519367
22.884212841632205
-46.20448097270196
-66.46474120848826
33.14767378983166
-79.97316783733746
-55.64497847461099
-87.8793003874616
-61.828926392902694
-22.90252112046167
-73.3004454583669
-4.527195407943523
-96.10412136426032
-32.16434165796096
-32.04140413398697
19.890982400992698
-69.6787569729652
-8.271275278911077
0.2833460647924113
2.816532584104081
61.742576136004345
-91.7340164596407
30.086567561375574
95.43700570370353
-17.63491491134384
-4.666650960243217
-89.42839713952762
82.8437512894593
14.740205706905456
-61.05968846318868
-3.4344304669134686
-38.836381571090975
-35.90379467012875
86.35785009384995
-42.31130396795486
-50.34189362360875
-12.995815168573401
10.362988480331879
86.19404972345774
3.630940602934203
-23.328430899983047
-92.11082733845906
31.38802749545178
-56.50660654254307
53.82492450112056
-94.96183074696556
-68.23133864327444
-24.047989485434385
-78.59187627319588
33.261945477429975
-22.110019917912553
-75.57399318285519
53.25134714917817
-85.14735760778444
28.450655779068626
24.691773367843453
-55.47447398667358
-47.38720801735185
-41.51605959991927
-94.4405300897152
5.42117183841961
-61.439149993131494
-29.783599232866933
9.474938387945201
-29.924096827020733
-17.83982293152792
-19.394515676251018
-40.7769506940195
-98.45267523686199
89.15369685445864
-12.138373310193629
-40.54433093938381
-17.33122497353527
-67.1679718118998
-76.60527137253462
-87.18839631971602
60.47983348788998
-84.80135110351192
-30.867857156160852
-31.788628146038263
-19.67455478755471
-36.33455711337361
91.35237298490858
57.82115822696943
-84.2521646905003
-91.38730016820047
-7.235820297699732
-21.70188387593572
-66.22196396254182
-82.36012487563062
58.269278943633225
-76.41682249253532
-8.178396758240055
-96.17944055714949
-7.063794930312838
-71.58124772213941
81.13405799052873
42.7277505440897
-91.36277072442385
81.8485968582078
-84.91482361050102
-79.83025738408097
-17.26864674528767
-76.32019256616447
-20.980192508012593
-99.40575706376136
26.1807106496546
57.792713227816506
-93.81640547329857
55.44633305449068
-33.8965176100637
-88.70790575818677
-36.06691235498616
66.90559268670273
73.85128767864686
8.840291311564812
-46.985770883769405
16.857132931159796
11.205740487604004
-0.40316902257472975
-64.29486013266177
0.6879990245378167
-72.57322233681657
-79.5386791241254
44.37971213318829
-30.74557136089993
9.923892603364436
32.31381723781982
-81.96053316761571
22.24382690062494
-59.057897501531606
-18.962259559043318
-12.822975646562455
-82.78877973311943
-62.728980052122886
-0.3760321818798644
-71.50132996324044
-97.64989507455259
-27.193425688720538
-75.21165935142923
54.281083623120566
37.609508330359574
23.926866637671566
83.55550363384393
73.44709329563355
-76.15702695879028
-95.97565614870793
31.309497968193654
57.8095799462601
-4.434748801573278
-7.688606564216499
-90.43364494653548
-44.42537448228905
-54.496856783492035
-70.2050224200945
-4.217179598924076
29.34333240740392
-11.981415264890202
-93.77695381760856
66.55449894263558
-9.398811634639713
-84.67046538232307
-43.46386340337796
-34.86956738927725
75.90534828639318
-18.51217550811961
2.2000170228962475
73.02850089097666
-19.758430634991583
-58.80276418603214
40.80144086009071
46.66882382662442
-19.066551186811026
-32.83527934371347
96.98426175481677
11.27245535387489
-24.217612844935132
-46.879008325892734
4.243071206802057
-80.34137615193427
-4.960604174993051
64.6270122652156
57.50177124393733
82.1469681615668
26.702992329551293
-23.751701778186685
2.962345961070568
13.596896426638523
-75.75804175058873
-22.068404239544904
-74.15020532577927
-71.7087414777026
-93.68915416941465
-42.75710512879811
-52.589020850521976
-7.6050513599316645
-95.07539255161824
-28.92852758554578
-79.88206278842107
66.00933003165369
19.418730387293365
-86.59881600900339
69.61528961727686
-65.01368671144044
-83.90726960633586
74.59313365702829
-68.38699842202055
21.427929350493827
72.18106363076947
7.441275481374362
97.1231812029628
-87.21165660966723
10.257986818399914
52.014768336920156
-69.97988756328633
-52.96236354676229
80.6958259104081
-10.926881535909288
48.10170346832581
-32.731290393860846
64.04518466008605
88.4527722454404
41.63425199197121
-14.825524303608304
-94.45498271299815
-78.61396096478622
69.89784513086354
72.91022126911281
-94.44599361500661
95.99809750222425
59.272316227043916
-55.88142980871089
-1.8604306559601724
27.104460102255786
-41.357769179788306
-49.83103142477721
11.66560827730379
23.397235340403967
-20.758073752511038
-15.562546337842846
-13.619124132133237
-38.48698095530845
30.899582727864214
50.798443723731225
-30.056983314198988
84.07926688277303
79.09786577363403
69.62524869502505
54.361739614663236
13.720695199792289
-93.62788016282637
-63.61795820557603
-37.27512666370871
59.43697269622203
0.19198225125698798
-59.84756475551198
2.9858487274783556
-52.172125276281676
85.60955664602392
-39.17850177623225
-80.25867143794521
70.51888645490934
-53.05749769545041
-6.077802416921756
-29.880086828425732
-42.15849075859488
-53.72135277659971
-18.88684259411228
57.04815370398177
-76.33615765469459
-46.25547551317535
-5.436107766295478
-6.796344014935201
-94.17676430148416
-26.438676091106444
-30.876275820820638
16.062383704618526
14.336298295050923
-20.97745087163993
-94.26601012727703
-50.59259909584737
-5.846072323976188
-17.414618732784533
39.30380844971188
3.4694136015537964
40.257254966942185
-24.717259259094646
28.06434515563319
32.812266679890286
-73.22014942857598
-39.53616106411224
95.65499051277988
32.7386917832481
6.7405232187212505
-87.04329850706958
85.14095445426463
-88.97638019857901
-53.70054226036969
-4.545837883343353
71.03065699129013
65.897341212177
-46.86382344572304
-23.236264127173882
-0.1368605350031089
96.20037740886082
92.507119384345
41.84439026658217
-93.91795424087735
19.525974101492665
3.4344471361168445
95.79225489405417
59.23503316638917
44.87606729964628
0.49331728402786723
-21.500312515021605
-56.989480702269105
-65.13135953537716
35.60680719259065
-30.75697061809322
10.286412461151002
-81.57360148594432
75.94115715914677
-2.618912556422771
4.822847901235889
-5.656593161355872
-42.16502279251513
-5.37869359150416
-52.65976321635979
48.394804172692176
-20.07658211684901
34.940109421797246
49.48857885589598
60.06966777286294
59.696859017828814
44.52943212510044
58.528212496709415
-83.10135720279811
15.64549296184154
23.30284295661596
46.36213760054662
9.733290955799532
56.33816052192816
-55.066851889291016
19.970578519393385
99.59603333457233
-26.8020444532103
-2.0152268709026373
80.18040681615076
24.962404650813184
-84.84510525010755
-28.43442923171986
66.87102559496284
46.68229934194767
52.55028146582117
99.69995093970618
78.9897100461674
1.9407921435321782
-28.917334751354645
43.16460754877846
14.296905440737916
52.525889474661966
-71.48902352740363
-67.71505875176018
81.00646027628324
10.153975183342041
-36.074297451890125
65.90510203939928
-0.20276970775671543
-22.728591090392385
-99.61197593868985
42.17195966561039
56.63432437843477
-99.60506614951998
-75.47680513276339
-16.805010928376873
35.23076907692425
90.46352681564753
-64.15033038759285
86.41498129772924
17.82234645569612
95.2184868836128
-28.076361726747606
-40.27152083429111
-94.72784420893012
63.582375505474005
97.8559332376048
-28.960352383484604
-53.02112803840775
-78.01095308118926
-49.80672325218081
-31.74548407391238
-69.34018970132571
23.7975677315915
-81.17859340558009
-24.574493080648026
16.43518719497594
-16.002715888077674
55.263365065353156
-70.5504913989119
-32.26883550582936
42.52788412696043
-1.7643342994096258
-69.37434952687009
-82.00755444766781
17.232385407649218
-49.092929604999156
