31.5960185182378
3.5998040262621203
-8.070353715348404
-95.38011767183896
94.27093632407212
-66.563351070305
99.88853185793843
68.931486607403
25.91804429866329
85.01582921440851
25.25573649880745
93.24376246094678
34.9870489325173
20.65296683766458
82.35412003666664
92.88680107772112
88.44688819231229
-81.15249127474009
-58.587119151832745
-18.200185229386847
-75.62724067207293
45.91087460571356
-20.350772678999164
-10.64122403945909
-80.8037624317957
-80.7518276489579
-16.39793031012296
-94.78879063537842
81.72050470917901
-89.87637406091598
-75.19436246846945
77.30534170151518
24.068548165901248
76.52824712373243
-24.08633064427599
-8.598677898614213
-65.3136121230927
40.27342411554372
-69.57319723684586
74.73496505226362
-76.35766661385459
-82.65660109743092
-43.233522220232736
-26.296603676691305
-24.80805738824678
36.49620430498061
40.193726346416724
-98.80933710905926
-5.26572156783196
73.91050909204074
-72.6902696316424
77.63065901842421
24.847281972689927
-32.012659756099
77.64110685953
61.240488367604
30.903540678994773
-63.30992259732709
16.42483148191269
30.502573616598966
-61.572402645945566
0.7784715256082393
-87.78551015302423
31.292648646088196
31.455205078954805
-97.15308382206322
16.12810102182685
-16.513415266463724
76.27910302482357
-23.270072679105297
-47.759587821139114
76.06702663333371
84.81646933284264
13.177372724074814
25.04169400669886
-38.93437284583696
-65.8195506050566
-13.226686316060082
-30.168383711765728
-36.269984798168565
55.12761708400339
81.11337413864553
76.7123769793809
76.49974276357338
-10.011333559325735
48.079036764546345
-47.2005271868636
-0.4162483503859846
63.911068661476065
36.98663776642488
-5.1460303122374
-7.764861003455636
-18.66636608487906
-3.00744301962537
-77.79654750565592
-3.9736597804211726
-41.08360870116778
32.069595921003526
24.54508208301189
-44.1336855537704
1.561125966065262
-26.12154787043879
-57.39092370302104
29.18617409964071
-61.01632498586591
72.14454295570314
-10.9284179403665
-72.96836304977974
86.54620645164917
86.37837678070613
-77.63613536813926
-45.833122553019436
-12.21934918848531
-78.6220521589604
-82.37569871528606
10.361221603293288
54.335775226248785
82.09198967919244
-71.47764909477633
-92.63786482019786
25.278958956589875
2.6601018310319517
50.533524597227824
-24.159523017308857
-86.114993130308
15.552947953266028
99.05798892440436
33.980369581117145
37.11638832998048
95.33870346833274
70.53463998911934
73.334888289249
47.501847435982256
-18.12681060651515
83.02500901113686
-10.676875964394299
34.17176235225793
-12.692059225026071
77.4491354634516
-62.50548618446861
86.41902259108093
60.886607730307446
-38.853626828215205
-14.147404008790815
-47.106284374145766
75.83047334589693
-26.00063195536353
-96.36951853449223
51.53622332451761
69.95569583286166
95.07080317176303
82.49385258798426
66.55488661349847
68.66424413403266
-39.53639390941284
20.519734457988932
90.84846413499895
42.696062226481445
21.071072605492816
39.84870487929521
18.529745252058234
-41.42275201100989
67.8674484343629
-78.07333463759723
-50.89925553965686
-31.81399984989301
-33.84267673920738
-46.15730111092975
41.306961953389134
85.13931449068525
14.645956800332826
4.687971667254459
-22.464616043990688
40.4179741154025
2.695845831274511
15.777976930281639
39.604901079454805
16.392910419565837
78.67297338584706
6.795694312026285
-92.44292716944823
-75.66764110404498
35.26387818139574
-18.420561273235194
19.444580216504434
-83.13024143304062
-54.667556056773535
53.725929128119446
-66.89996467724603
35.268690163726376
-18.7358545213322
-62.90467256420356
23.810315155896603
0.17478769750579204
4.047543896331703
-52.02659741677063
10.569660337554751
72.09227078847934
61.25813811092891
16.88799415400011
61.71332940530638
-38.09220157734066
76.85369801862865
-98.41074699657307
61.31433454522292
-11.929272321014636
-24.76160233626139
-62.37779165476831
53.04775828055804
9.955423963730254
-57.26095450340409
50.404115157678916
-27.342159091346474
5.048229282344991
-44.4501839471189
57.33335943109981
24.21728506801253
-5.693679221153175
78.10459088891596
-20.183877353580243
-69.22213149354697
-10.149331066703326
-53.705556244357446
61.353063910312244
-74.85286058725941
18.207262076297553
54.48337023801466
-12.097858732273693
95.500560330904
-60.133979889420196
-74.68332322298966
75.01547959705763
49.32040134368532
-81.77781921772899
-27.13402062415912
-74.98706834791761
-71.32197573418419
-62.01587768653853
-41.26080362636513
88.47971230540503
52.523992198065685
-60.4630369860419
-98.69319961485787
-30.84236703630671
-68.18525545452033
7.974230522623998
-80.34713158865124
58.51033229493157
74.96172213210147
-5.1653812803093615
-93.58201361321852
76.41342061302441
-96.53457821128171
-27.29180514325435
-43.10384466762922
-46.43526052264355
5.627038865496175
-34.53841753214813
44.46640279438313
58.57734772644491
19.820185968354508
20.751739680660577
-15.75190008932195
-1.2905411797249542
80.64643540067203
80.30167937942778
81.4539856928078
22.14158953824152
35.556605147930554
-4.310191447697136
48.93953418156974
88.86478899401672
77.57542387126657
-86.68742590101598
-42.46250162865901
64.16423782583755
-19.129006957670953
67.6685073675144
27.01071431115787
-47.94937095405813
-50.82848386194874
-47.9618168436367
-31.11488116228047
-57.35597249305315
-71.65042566316448
54.54189613038801
82.20325018474378
95.92882535424278
-42.17074538127796
-16.234355183864977
-55.460225067721744
40.9351180512877
89.479060128773
-59.53802423365266
-97.03587169908397
-49.06553938740057
54.114299037294955
-19.78672707879585
36.973872960057406
-81.18112824668256
85.75611613044543
-52.985956887657814
-77.45051551895031
91.11776440681413
-96.7088649710045
-22.198282836725497
-61.96997087477476
51.41492933570166
44.4676734647835
19.163877296030734
-60.67635527343811
89.45697262121342
40.90298799838064
-44.38708027032923
-81.91695304552022
-33.42223139049132
73.91951194826953
74.4785131696564
15.61055436421401
-77.15106530242488
-28.562190453394294
50.76127456726482
49.041877867621224
-6.336639321545533
-99.63182838877036
-48.67454373978952
-31.157997720408687
-42.28740367304296
-63.641900455976355
27.874382021857727
20.03473338993868
-55.13706791035384
13.380367522350952
-26.574067258868865
-38.76742997632512
-29.28246354061544
57.690744119033496
34.53527461018078
-28.191315198322144
68.91249877298392
97.7875780746588
57.833204804235606
15.941079952542651
-78.28543498125799
-32.61339849040148
-9.37586217203166
-60.28887917740406
79.72824779081714
79.8656630414583
-81.05882347749622
-51.25047705725645
71.9437691545059
16.18337963922683
10.95885781510566
32.43161651505815
-6.292750333639077
94.33341805003673
78.86297445144456
-66.09332182486375
-23.286409049450626
18.725603627074932
77.58967034608563
-42.90642963009819
-36.788728684385404
-7.342272429741726
56.56214083938295
-53.32724440961702
20.333567516463404
18.42115285151384
71.5940013810339
1.9175348671963661
-63.8541230655566
2.3492111997247775
-31.991190918316278
72.38671569138475
-65.0407927807749
67.49082941085692
-49.05026249587856
94.79623289483001
71.0018805672843
48.40833923944615
-45.7799761228779
-17.469082024051843
-28.288776885821832
-28.997515514540595
16.919214680214935
-24.411341388785758
4.846073115603545
77.41457798648284
-55.74289469775873
75.58037777220315
-74.22202076068194
-3.6773432212189334
-80.93336154036142
-99.37280072167498
98.32822965724608
32.69189326594659
-45.63598830088902
-41.61564597679752
47.683903105624296
96.9966059849329
-72.58179238328705
85.55441670459459
-53.248013330878585
-42.18287763358688
90.19203944564998
22.319361152567694
90.59839212272857
17.038070750404984
-52.159259618151225
43.618573141181884
49.28830055670562
-45.396052031229985
-28.29509376781955
51.57492886552748
87.44691819780377
72.01976129381652
22.56438293002971
-4.775655021516229
-74.13655450454888
91.98313428570592
-62.62359689811954
-74.26143547245738
-98.1979260808782
-16.253283243891303
-71.0535794970017
69.55637401147118
29.392594118392935
92.34372912966512
81.7450484000201
-12.085098491687134
-54.76343276113518
-64.32459187562324
-1.9402557032567955
-77.0427825663495
45.13698313326586
92.11201235493226
23.400081028543823
-97.8882165930787
39.76342290648813
77.28206391057441
51.08746787281379
97.70492585403855
31.68503699843157
42.81224489612572
3.3453162257898015
-49.91230544823506
-41.06370574819182
50.39364379855752
9.988882905229218
32.99970120732297
-29.13946641357792
11.785938614956578
-85.1283359340393
20.676509643316933
-17.371732480624843
68.29785296634012
-89.82942934060895
74.33019724646616
81.36067372841998
-94.17839819481219
51.4364103763528
5.10259207444976
42.81895396102203
-33.026313012417006
-77.90223232982885
-4.738214377817499
-38.657356168066094
27.27157429002753
-34.613842578601876
84.71079823110597
-9.899553205410626
85.61337360291964
84.92550548143848
8.56137399793053
-58.19218124880665
-11.139633637569773
-2.1676219378250323
-3.661105471850817
-21.504860538492878
87.24902034095695
-90.59811933061535
9.056555997174982
94.69186229685744
-3.2440606608854665
34.472151216343946
-56.27934029192696
-27.9875496965156
-36.28628879032752
74.7160499963579
14.440955070962985
-73.00493788917268
-27.193436592281145
-37.68859961266307
-90.24135086853562
-65.9769520753803
-13.450088195609794
71.74658446828767
49.84520061317275
27.856520951082686
87.8731100156485
91.9773165719198
24.484364788860773
-2.8375080939339483
-43.75868445516746
-3.1219789802366478
-70.22860022049684
12.24852998198456
64.86326696066436
46.10008452766334
-1.502612894887335
1.0057939079540716
-16.237634909823925
64.44491923842287
-56.5952906470812
-17.4517692966415
-29.06444485052178
-38.57486742364098
-32.25123232081657
36.99462186186258
11.863478599873375
-75.84773030112271
89.96121103191325
-91.74872212905238
-32.62283190930462
45.18370320670897
-8.648680760941204
59.38367319977732
50.373969679890735
57.566627074821156
-54.888884873712776
66.37541242145733
98.19336216016418
-37.88425123615211
-63.82787638637879
27.638229881082978
-8.342947992984989
35.30897072468974
-76.72872436577939
12.513411369409909
-1.2805119804179839
-20.704439245468123
65.69947302695539
-72.04973275116751
63.181048714236454
66.68416582792162
-15.509493233417743
17.989609726213416
-42.70052417735999
-20.44582388037408
44.17046577902951
2.135783342118657
9.89893747283159
-64.57325978852057
-34.02935042455613
-18.742584197971595
64.91214455127678
-49.67456630430374
-61.81557168186522
-75.92520831937641
34.878869015994525
79.23895538512858
-16.486431936884927
5.643426931105296
70.73411859744527
16.966613232745928
48.23695618022953
1.0189868228050187
-27.203934852671495
91.59119983901951
36.34010898784251
13.523624453421235
-36.37858646312595
51.268722472480505
-32.94591615742759
-89.6742502127331
7.593921732435078
65.40452259975638
55.44612646163907
10.932096512822568
35.58482359289525
-32.743622439460424
-50.0007152565507
59.65116916225185
17.435581732668012
-81.23075436457086
-34.11177321773202
42.13886070227014
-22.931383761368693
55.750519105806205
-6.120070526183909
66.1856069347372
69.2966917382368
-54.179245250700106
-70.08695798405236
-52.206939434109636
18.745593344930427
13.533754398324831
50.02076944895984
23.38272044035739
-3.355117784135203
82.64610946027022
99.98359183374106
-46.03202064514633
40.959954492039344
-45.364196436086246
-85.4472457425375
68.20966619172754
51.0135906131263
38.715709691688176
-93.28991285326151
-45.11541978111821
-1.682625893164186
69.7295938554397
-77.24232597710999
-88.83813707024436
-83.54907140088265
65.7786553248111
58.72324458612451
18.633298268038217
-0.5880495125987579
25.23865437618693
-94.40642831724895
-81.49086095090274
-98.18112688074167
3.693776570297473
-2.628866372472231
10.34679898345074
-47.83315652861562
20.87850976573411
-88.401153195257
69.31396426163974
26.205667822366834
-68.86873823634988
50.397822955105994
-47.56213260887201
82.89851266753615
-92.02524903891249
28.40461580187994
10.763527148280886
-93.63969940339143
21.114603117354676
-54.14694927011641
-32.948961094217296
-85.10948606126814
-71.57893029291431
-67.68667270531203
58.52087710336062
25.41056904962167
0.9890278731636641
76.96872326187327
-11.9336827559831
-94.00944022263795
77.40094454927481
-15.825242637617492
71.29608976674552
42.604442035958044
32.63710516551444
95.08409269990813
-15.926113591766807
99.20311055171197
-80.38679703273048
-15.029614061942539
62.284951735383544
-74.80084645318513
-12.577413453497016
-97.34318646797884
26.91701240118691
-52.294963520384805
-27.570480844744964
78.11283047443084
73.46276708659383
-96.07350454479777
62.62275857746613
-17.337122002592324
5.877987785691644
66.9659400262363
-81.94606564071006
-16.8187999158002
-20.24332021803241
93.98019892001122
69.89773243952266
34.72403535853837
-69.27770239271418
49.5156489468564
10.067241108563536
-58.18234934132496
77.65874837528068
54.48788119830064
93.82299109495597
38.623088955081926
12.197276257066562
-89.47748156409597
66.66502359710671
20.67039751891653
-96.68165643865647
-28.01656543199438
-14.86728585146156
-92.36686226767969
-13.923691341882318
-15.478814028718844
-68.80407840014107
-2.8654511062866277
93.23541997543845
-91.88018691748137
0.2547400184460713
77.54874149617294
25.601563432654643
66.12479711848172
-35.42004613295828
68.61882709188217
5.707826613340174
-25.44826149872479
14.304892137059298
-32.09153921917971
-63.08096750806558
-37.90319766742225
62.02595139034119
34.71493362193948
-11.408356660616974
-54.72152235091183
-72.65073951625045
-65.19873965672423
-14.123191599986313
78.62448211321643
48.72451360339568
-30.342029681617362
56.159424659394205
58.83218076186813
-77.01256410549928
21.529817140331048
20.99246042988105
-23.14149633053546
14.697381755167143
66.75349437490786
-47.85484658658268
95.31422059872668
-33.17785201867029
-54.61205741577891
-54.13609162324118
-58.839175912024764
-74.44117245101758
11.339175195215148
-38.1974882794968
-47.14219206212429
82.42933816051928
-86.63311512143848
-33.31028174570419
15.3969586827791
-68.55294966350272
68.20627093532843
-16.44012718527088
-96.04231264410083
31.62799379067829
66.20596191382475
-75.30679825075654
48.41143781888252
71.72123224850648
19.4897202009591
47.01186414164022
97.12945633828352
63.99838669966377
7.3591799377498575
-99.1010003831316
-53.234220850692935
5.9301991172984145
-46.7070114894093
63.00359914322215
9.044421562521393
46.806190078284544
45.76770177643036
97.97175375015118
97.66194904052938
-79.29863438140403
67.94945406695578
-57.18303775539471
21.386944790290414
-33.805047899463034
62.020743534029975
38.799199282922956
67.92043251019032
9.413147994398386
-96.14867942927596
-87.56813470680848
-18.390546232976774
-10.153365252338318
-28.5370593959571
10.83302502860468
1.1911244089235424
-6.975643778235408
90.59968359096018
14.879493327325662
91.6293091526147
-74.48232173404936
20.564136568895734
37.7045664417175
84.82611294669016
36.06261305858038
-86.31510440377784
59.124520507671775
-14.70831476177068
58.47170927722959
82.40078683010304
63.031622410782774
35.36922943917975
-33.75412723338482
4.071326307041588
-49.161634801468665
-81.01280628088954
-68.96466424694705
-96.94311528233487
-26.186598604226518
-64.4960914894967
-92.89419441394158
90.73216848150423
40.24560512673986
3.8860188471107335
75.85504606589399
21.453393372089096
87.3015771107087
-31.74203750411965
-66.42081636204966
42.96198898348973
-35.15656835990451
-20.4247120757896
37.144509244971545
-70.41231336144168
87.08253765656241
-97.72914557312822
-60.957408869455044
88.41046036165159
70.38398917329002
-8.770660398919631
-40.23278858911914
16.51299451813162
-56.16859556996203
76.87926960501113
-60.72092343899544
-99.88499832383546
-98.13430498118198
-43.581908830036696
-58.05847314402814
84.62872646767775
-46.812744809685135
96.86224509395444
-76.02159196127143
-34.48672406575817
55.34479133601434
31.59994644745339
62.90694817294374
-63.382146987118794
1.48245185805645
-70.69517144961392
-74.87814013896745
-52.14053648952566
-3.897619842497946
-30.113757019510373
-99.69092446234716
-95.05392425371093
-75.68234872387546
70.18132164300411
-69.78209136953004
31.701451261246262
18.497279419877003
-12.149333216256593
-11.751861229248362
-17.45019482229621
63.600372378227775
-13.560427785874609
93.07377806300096
-2.9238326357237554
31.317829981210252
-42.82897327445203
-34.04492550121245
-91.13173638979592
-70.77918058992594
-88.10762207497027
88.0935574915882
-47.07455011086588
-42.43064073551355
-96.511609676526
68.7232432380199
-91.76399114397921
67.48547994805759
-81.22998747955228
5.168001720393917
51.55765617349067
31.38036320707772
-91.55402149897543
-14.28692554909155
20.01138515148604
58.50216714165694
62.62795264646917
60.36928401577208
-99.69329145051427
-67.09972157627817
96.37559748158344
-99.0413784930104
30.81515156520402
9.969094139450547
70.07605589148247
-54.787089053489325
-10.216383846071736
-88.19918243815329
72.49206410983047
38.512155613597116
13.580926613680532
-36.78215410658936
99.00009607884039
-65.89374484625955
-92.21748849846436
-13.858311260465882
-28.829518632764703
70.41405958971097
-16.857226476521816
-1.601682811527155
47.76419049511847
-37.14996175435481
52.471483941348254
-74.80229362084117
41.44398320673042
-94.47617071219172
54.05297974804708
98.9023280674055
70.9137704871548
-77.42872577835396
-7.477754293219178
-20.83534356973648
61.52783846463262
33.05289550879394
78.01362264550013
-84.15245762605983
-13.723119086619946
76.61822652269109
-89.30758274217656
9.605526600627371
-94.81187151574295
-6.447757643151377
71.14496178726469
57.329646863800235
-71.55070278066461
45.37525301532935
-27.424236559321642
-9.53897542574434
-50.367636134844204
-87.45332627367199
-77.02002414095064
-47.831083976546275
8.07841448302284
1.145290150340685
38.72451355476173
-92.95593671050693
-43.64071763419757
-8.309269121980662
81.85940151444325
27.905897143031908
22.662154423224635
-56.93912931387859
-57.77356465110168
-82.96205761738005
57.71170911787442
27.61947246981393
-72.17124189684034
26.958810749945954
39.77610681927294
74.69765075917942
63.39517341806939
-39.16319024776891
52.07776218813402
-53.32940493784988
-15.892883169706764
9.307875032945546
81.6864172382542
8.747558991358545
31.5519772244989
-45.706852900175264
-20.74745709469572
27.146440323829736
-55.23048457766608
20.37792155280212
65.2243701410514
16.937943543275622
97.57588583432403
-88.59766301959932
74.28659191630805
-12.471754620138626
-14.31895340754042
-81.26800559364673
-9.151403519735425
71.85698977392047
41.824683375394926
87.36974306286652
77.01813625577799
94.93091948274574
56.77116707648861
60.34109904126791
93.52167272716423
-96.83109393910425
-77.3830928235278
-90.60460724494266
