41.002307465822724
7.873625348135633
48.11281652534862
45.79104763637193
59.31692099310493
46.9944017384513
-44.70338158562575
62.66226755677474
-6.807310518186966
35.943612240875666
81.45271572326655
63.72445372380366
67.01761481322168
76.72006553710366
-29.66068911597948
-89.03362539253858
-85.97078552036746
37.97812803528228
-39.643035409639516
-54.53805496244897
-0.9779388531126187
73.6132074786602
-44.85128199405442
-56.09721857205425
45.52880818757694
-42.17839655857474
-68.64805811172647
28.000557075454026
-89.36308501149288
28.926439889390736
50.912958726353565
-87.9754966473762
-37.41124669839691
87.35553566130844
38.883123930495344
-50.7182432377646
-79.08770230456724
43.7619814613997
-8.490512244421296
-25.867509500881283
39.16226347133798
20.47866392433528
-48.46261520345336
79.49321666597763
55.25720173482921
-9.987625322707316
-40.30804188428696
-37.47725435833007
-27.795544924548963
-92.00503706894779
7.098932990141876
32.67678425082977
-26.46501734362002
87.31898078516642
-29.862860455374516
-78.03855809331024
54.822079606108446
31.343460626715284
-28.21304638670121
-67.17901221146398
31.0449980900039
33.23424589927083
2.636576348832321
-20.50427337450901
-82.01089946784393
75.97713957493625
-35.17263859710036
36.54236341317369
1.6268355732299824
2.208084153219289
57.991935488842785
90.72271817712786
81.41901967460802
-93.49689009170281
-35.58758341077794
53.750305681438306
90.50087891754262
-95.80094098349964
-16.181124126163297
8.684953598566693
74.17966310749449
95.78480598636807
-67.81276229299891
37.18184437025877
66.08808314606094
89.02751458144036
98.71550457072561
9.196191013166072
41.216508040146834
-31.451675411021668
32.885707580805104
-92.66014778229447
-33.84764772108535
33.16561210786875
-50.80563394436639
12.729876945325898
55.231128804222806
13.007823243061736
82.7696384986759
58.11067140676559
52.69585854278023
54.72792156834245
63.84829643895512
2.8449907547658313
-13.859400514361184
-72.1698472811903
32.72396705301804
-43.50636352135344
-53.678638009067406
4.491296370750717
94.11290944746841
72.48742371262847
-67.0646673886911
65.21443864202178
-32.66452951538274
83.42135539302333
37.35645249642732
91.82252807200683
13.238887005783681
-70.12513477793973
80.11358664321597
-77.11224324517664
5.816500520232154
17.26220909601946
34.54953322568127
-69.25302066412175
64.44632868359577
-71.20210193766074
0.7010128953423447
86.59524499495944
-79.22346747999484
-57.84186814967158
7.745054845782448
43.20650611865872
85.6530919730343
-82.24190641981704
-49.52269568931145
-43.87161946465634
10.927111121750912
62.63277195096924
21.299538223327417
-77.35455352095866
-39.98597558456973
-1.6548660055808426
-16.016996278825317
89.14694013034867
-56.63498560230473
7.87126086884102
-6.090687092657944
-31.709647022290596
16.976999367865943
82.88899720016303
-19.95813415092931
67.71631038227915
-15.948874637862545
86.63539087439125
95.59151710297724
-37.38143060847672
3.9595461538092422
-53.97221747273706
-81.08753026706435
89.78183710530487
49.145533099380145
-69.93462269010553
-14.882541133557027
-75.43430070100301
64.36717885707907
28.970293150766622
95.4372907999338
-45.042103376129106
11.443525188952222
-22.84999173809092
-17.11737679948871
-62.427429008447845
-50.90697922775964
-15.483715370134803
-93.29391670719518
68.25216757586529
81.5848065374374
59.86066513514328
-69.2916494164387
30.03798935965682
-25.445425646572545
-41.19720935668485
25.954376568779807
25.328419945532744
40.6911827567354
-67.1885973607607
-68.15490049058559
-49.992729384009536
-37.331770662358196
-79.20795807156055
-98.23395069486673
-9.366815947894409
36.66980847638388
2.818014267843651
-25.726553030644638
14.444133754523364
-82.35772818351872
39.36966633036431
29.893891296796312
-70.85179670324882
63.4893750463354
77.07816911022206
51.74549763004936
-88.77501341445317
63.55498029920736
8.308696603261595
6.63038863446566
53.74614446938406
23.460748618583864
21.622662121809014
79.36821270814178
22.47280268308998
62.373400133405
-84.84093989819061
-60.174339609053476
-4.271363382139498
-47.496928717537145
51.63753558683487
58.657076752052944
57.163673614579494
67.1135872522789
-62.40910023496984
1.9428669809345536
96.54000954434571
86.19461724435996
-42.57594179414785
-51.348770069258734
99.76276353576225
15.569399065225696
60.74086586041284
36.7758043424204
31.04236350135818
32.27397417140273
-6.293747065824789
-97.51165826942444
-66.7041347347776
40.191430753201075
-27.64868682204164
53.17667735726479
76.93989640725985
62.4196332225014
-42.30856615180163
40.32015401828127
-60.843679742690696
-35.30775386986218
-62.767362126068974
4.0371919028069385
84.12436848357626
5.153923009528711
-86.48681701436787
-30.820580515654655
-35.40147654344081
23.947194076699162
-18.867856654820983
-66.76318700822976
-87.98203738220369
34.6108570645257
59.605833786038545
-96.70226841114709
46.397330687162935
5.743650871494111
22.768015586890456
-30.005121372549354
-24.108216340953078
10.008507448572374
21.115381123345884
35.61338879710581
-15.656058517242215
-87.64149203961043
47.95777706666527
47.90243496918819
-23.526585704116073
48.52914243686649
73.00558987015586
-94.8660091435441
17.84293371724766
99.53983239361318
31.421519916715
-96.47361935775088
90.60867659758424
-54.377835304763636
99.27323219752108
30.87470821090284
22.33273545325929
-56.14096608176211
-78.66271459995062
98.29579834068173
54.754970812682814
50.468430428403394
-12.654171941102817
-62.41209702348656
-9.661232458897317
-49.985739168494604
-4.104763095632876
27.00134852393319
74.37792495237315
-21.143775584990124
-43.77718676725741
64.40140434349527
-43.04541708820795
52.93509936516162
-82.71718481597378
-22.922270276783436
-90.51662841263078
31.154707179494608
41.22735630775182
-29.947093980152587
-2.76350923477537
34.38354178488308
-61.3982921222548
-57.74931856331491
-43.62516542742598
66.23146855187309
6.5877786611489455
27.517348338030814
35.89164290866606
77.94620411722826
-81.93950760167291
12.814017074974075
30.623987509766096
84.25050459179218
-0.37058189606780445
-43.92946243135816
48.74665167208968
-23.97645980840406
-94.7642894397992
-11.74367218616132
42.54856090099099
69.32893191408317
87.44076957230766
5.766907324149145
29.274456669113334
-5.904600516471788
-45.18585693231305
35.80397340986366
-11.144526666576766
-3.3365197119684638
89.296446583344
50.21280057589766
54.92738034025578
-1.7882396817222173
-27.01736632802205
93.5860607993433
-16.226446334616938
91.67321308883899
-66.30115018615446
-64.95876998069488
98.60083985169808
28.038179754476232
-98.23101221342252
50.81552384260843
-76.18733652176314
95.65056597798278
12.588376754897652
86.2294047103947
-87.07564064476017
9.459942595367778
-55.951266705324954
-18.879192957107136
16.830744177394493
56.71927146269411
82.46828517590049
75.94092661160013
-71.1250370665631
-6.015254529835602
-43.97149038245771
-17.398632741763237
35.46673396810428
-66.33192838941098
14.057269650677
-12.61919796487318
-85.7949407737228
68.76550931029567
-46.5585509051899
35.38294584162159
-65.0455915909977
-91.3232749560174
-68.70201856051985
29.299076849031394
85.41535884757428
92.45388040869312
-17.742029038914467
-47.563675052365426
96.5276941856564
70.71371871386779
52.95330979940758
-70.51658342195459
-48.81559527822272
53.77249350652269
-34.61648574785971
85.84550633745263
-38.1777580749098
8.543404923431723
85.7285716298525
-39.78850089421855
45.35673014293468
-56.92366369451718
-89.57699334872125
77.38782193104603
11.274738147173153
10.010402347871732
-94.55470601948926
-93.28064823229747
-80.42191244384267
99.17850363444614
-53.08593356399138
15.912763840983075
-83.8802863399278
-46.030373929150635
-57.175087157666994
93.48299769732819
-33.8059324547977
60.754594669751555
59.23218793733571
53.50193596078222
42.92802983234637
30.7382477622873
88.5760879379634
82.54850577631149
-30.957652212557974
-73.21631029563005
-45.27623034179295
-88.82558301924637
55.5820466706125
52.7483924804076
70.45039451590327
-62.135447651673424
-1.5438955201450284
24.007453762199177
-51.525969470531365
-59.08208407619422
-76.19344479273403
-1.6524350992277448
-4.800105495379569
12.933053068674496
-35.460190181848986
-88.90978931663582
-3.2300925753142735
41.46443691981122
84.49137085923007
35.53021478053802
94.93911318816916
-55.40219096548897
40.30563680458846
-1.0251869969504668
62.594750734166695
-81.77878783423517
25.53765468125775
54.53641841118943
84.57168942722936
-43.062275125125396
-33.764007488821264
-45.071021040312466
43.08100884361781
41.72404351209806
-94.93839911546522
6.69372190179331
-6.556258392434586
-34.88683544282456
-5.523327363037396
30.114107155879452
-26.53205469025511
-9.027268338745586
-28.250554478435873
56.09584769309984
-57.58142264807822
88.77130015986137
99.30987278015903
-8.668094228418497
2.689828989640162
78.12844334755545
53.95183777011448
-29.37999161073286
23.373379775177327
50.38820171866092
44.805668889836824
-64.7985808184848
46.82531136255835
-98.88958248344923
-89.3955997615136
4.2224830155560795
-70.48389222443514
-90.94885797248472
-58.96562952260356
96.60917581351364
-37.23251722194634
-86.83789072823487
-40.06135390693552
28.77384278019457
-8.368761731561932
-47.85612428841448
-47.43044673689036
22.9986557237321
-83.612573968681
8.560880489770526
-71.57332751886871
46.10516469100597
-72.97480693494506
34.98931864430662
25.778904192782775
-12.986756794031336
-56.776410246391265
72.99022052597829
57.533919072045194
-80.36038952112662
-96.47525429518203
71.12758953315702
18.866576348807868
-32.48739987109299
96.00157688141078
-34.59546695608647
-43.95223861139017
96.14256979494868
10.186057831578381
70.68452475173214
-60.28427777631005
37.9469908960464
49.60291679287931
-87.35111810206473
60.66370406060628
91.26873883664294
-96.0590201832649
-4.499686085391531
75.55126986450503
-6.0565501777272175
52.204422690264124
37.7830804218288
39.01092941767857
-44.39283277467454
82.10984580671717
-66.68974053655239
40.21194514115621
-16.21517584914369
87.4090823733631
84.9693268757847
31.74309855798836
-69.57549263749969
30.864633463963344
66.87547988608065
-2.734223139596665
-93.77559698945691
-64.58338208826959
-53.73731814407681
-71.52384121712876
19.11126409601671
81.95645045504364
85.38617948866823
82.10577053433627
74.84139480273001
-13.88653590332585
69.05257851004646
72.63605102158564
29.884502636581743
6.0995833481210155
14.044340365425413
-4.592342854124823
62.592492972361015
-50.676869245812654
-17.73790320004764
-32.432318915230155
97.79365868474471
57.81995156958553
-1.8400989008194415
22.3078995832942
37.14321479693086
-25.573106524557062
-53.73229697516169
-1.4375659532481393
-55.62687874749712
53.995102161432044
13.183837442397106
43.61138899278214
88.31860887395564
-3.394788650479043
-24.98714017381016
-70.24486695364777
7.113707198579249
14.545112982855969
15.023361060628318
-38.05692129692524
-34.10281910538728
26.828186920983967
-31.270109701680028
99.9147278159152
46.38183357923265
-51.09983041028479
88.50626660506737
-50.119754120946155
59.32332340371411
91.36084474692464
-84.31992514093113
-83.51912770377292
-49.05867037997971
-39.81453086263495
-60.74996751971917
-74.13030314537548
60.976340588001534
-15.642286593154026
-94.53132441839465
-64.38098553484645
-16.081133250664806
92.7950174651304
84.37493068274392
-72.00805634602368
-35.05555317680964
92.0236355430381
-68.31491339284062
80.51957900072927
0.2317104192697883
-88.86790060434406
-44.12892930911363
-73.6701091459096
-57.783258482879354
12.906456804717777
23.896280252799684
19.26297926260507
-63.39958072137244
-69.90690258560907
-49.75642238331493
-26.437184813749553
68.24053246087163
-5.463765509254074
-65.71787036723234
9.990115421192144
97.7720939454648
-7.702115283866647
-88.12572420798412
-45.987256272363375
-42.848119104613815
-11.639157358638357
-77.66457723514313
-1.6521331020985315
81.36508559105638
50.928110599637904
33.1110270009263
-98.43837236755813
90.31266347109568
62.70308706270583
-75.71934296774086
-97.0761669280865
1.2216373629071313
-39.26891267461692
95.9039830910204
-1.2360355843495228
93.77139739322564
-44.89625043538623
-91.9372819409482
-91.30434983221807
-11.161988318868609
-36.638629369827115
40.0102853879489
-99.99714484742528
65.38749236845555
-60.35169072107276
43.99951729029647
-44.556617507701255
-92.1192549341851
-50.768272968308814
13.952344184610183
46.438064247434426
-24.662386333852623
-56.84082158914337
65.50543191980026
-99.88511301045837
33.61202188199394
23.96361656308001
-87.4778137123862
85.34850944798063
-9.575547458660097
15.867717287663169
-16.947098162457735
-26.676029360096138
-71.06168746758465
-25.386685827991812
-54.03388633977882
-30.396509839789275
14.927447388985414
-90.79345524902753
68.23693236249696
-28.66138769789295
-78.68766798314346
35.743101129335486
55.87756371900272
48.91899201108646
7.898890765237681
92.18146402275491
7.713987774629544
96.26235850554073
-7.418128640962962
-81.3700886787503
23.613242459525992
-67.12424695248298
38.34385297553894
-39.922442707719405
-48.013935632427305
30.997882508114174
-41.77941769062961
-39.13107879583224
93.99823886808568
19.504896414818646
-85.65758944362946
-25.16518345373609
-88.13489046585643
62.28634089677158
-25.626636702493855
-19.405409914653205
-82.85065309934323
-1.1302342803316776
-14.848032389083372
63.26489588043552
71.75131523833721
70.39112318049712
-87.7787056101669
10.073553737430728
-51.31982637242765
26.503827156002743
-82.40076128326908
66.39217198451576
72.55589562061479
53.7858504845488
-42.37607353164887
40.2425534226054
-74.85623436345124
80.4603968286226
91.78276131664455
-45.26498600659077
92.42532117456824
-48.20538925803841
95.61248632975023
57.18307653552381
59.32485419026398
-59.92762649182082
-17.28576011597491
-28.260918667993835
-60.48411447869388
-58.102080826748946
-45.40775770768717
13.42411481676595
-47.41231826843118
78.39486345161683
-87.51986028657011
-82.72554383874285
72.18890105050008
-95.15186129030435
66.61364831794475
99.68405391457173
58.06886007445112
83.7007635317299
90.80368831260554
-52.28834102713713
-12.267455805606772
76.79838358216529
54.50061491294946
-98.73875952217107
-43.776674679804195
15.327043953010417
29.401049665207807
27.29626323941335
-94.46009337732035
99.47066761898381
-32.133703185706366
1.8163643935140925
-5.147122587330699
-33.244839937660274
73.17301577222614
63.312488798843646
-34.172164138266055
-44.10205941957259
-34.044486933917256
-23.157927737255335
-96.00109777498062
22.93135950177762
85.8992323301027
55.280366078716895
35.34007622737266
21.644287065554508
37.58460586750269
-71.95555696297662
69.00648919014446
77.45367004664314
23.256532969642734
2.7268670617439454
-44.078806120084124
-71.36240994527184
30.580754012532992
50.60075668750244
-6.879528169904873
-56.12156943307818
3.852331215127492
50.105366181780795
93.89180582253539
38.04069447607648
-21.24774261802726
-71.80803457613942
-48.43749639922152
58.20299847018336
84.46835756496756
-57.99747189454472
7.76102727720999
-37.01208793996218
-55.90970717966823
79.73979215801396
-27.272670203475727
-98.00422930953683
-52.123070326955734
-49.8953757742087
6.191320714130882
98.14288995213667
-53.940557954618654
9.939185429641341
-92.92151379044478
-14.860942633037055
-42.111782573995946
-39.57298471685131
37.67652724105986
83.87441890361822
63.15088952148332
-32.33275407260936
-11.276377279262846
75.7355731727736
52.46694815332461
91.05442382051947
26.773447775348686
78.69488786386665
11.938539338854667
-3.7010014451225572
-30.987045711909914
-24.657626101754545
74.0180208918583
27.844430040494487
74.31923792978671
26.904206984427816
11.979833084086962
43.47038347766886
-17.462353440293214
-3.8172339052852777
-63.09505637251074
-85.94658254430875
-77.16954396861806
-1.199300476916548
-74.30962249255319
43.398672514710825
-40.915139266541175
28.548261646712916
-60.84510346788712
-45.27843658907993
64.38039434107233
81.59344927564285
99.03156240259392
94.80178636267897
-18.28094254857966
21.4213411330622
-51.68193239708205
-13.655753030220836
68.73147286344746
-63.60649400965719
23.71018287534679
78.42903915046597
-33.05911525640491
-16.253213058803894
-35.95361187707353
-93.14623409241027
-88.9859732327439
-33.02560368984808
-31.199189729870653
12.987959664748374
87.19043646849224
-7.143610079418707
88.56706024505218
-20.42607011239339
37.26572329737857
-1.924013668221221
-52.17805843049095
1.8864100246698285
50.7337178466224
-51.5528246281161
-53.56331703870056
-19.13390477266306
-63.99415727289368
32.97927573282686
40.97416860522506
80.39446217172554
-32.47703787934226
97.42715390309337
-50.873156722585364
-48.09270212407133
94.57175991637175
20.96159202184853
-66.75573000862835
17.426985682191628
90.8895815262668
-90.40467769859893
-71.66393860124771
-78.88352067504533
-63.92606348781413
99.48341850853075
84.35537779912431
-75.05105289826565
7.41375895158518
-12.659222568673485
14.466053460190338
-42.023992788862955
8.122953036664924
37.89715316042293
-3.2244367360777346
-10.044083170974602
57.0868600956571
25.624928516295697
63.26121967621046
-32.065918047023814
-17.198540546897803
53.12899139464059
-98.51541785833942
-87.32384135736604
-12.77903625884636
67.4163373670726
51.08153209535982
-36.85749901004742
13.710385851123434
-92.39931356876885
-8.526747881366163
-47.248003751727396
-58.35042160608086
-1.617055389287131
-62.2222458711597
-26.430223163945612
92.3957399160133
40.763525631438114
-39.00669713494451
79.46606116719505
-62.34639444496326
-27.3955335829192
-96.6158849737174
-14.270000243689822
-46.60017304917452
-29.427431414184497
51.92798015124714
6.484565710821542
-96.12322863020214
-73.70988073145398
-36.82367953711334
-74.72383233360901
-18.794814926683785
64.72655111584109
77.75970057001825
63.021997043672684
-94.81688700597326
13.025260873690186
-1.9640088833358362
94.55501672552549
1.5114204313033497
-74.14879459715588
6.112756603431706
-97.12538548863994
-91.46668993281799
-38.6110698812772
55.8778578099585
-72.71597061321431
31.649051984449216
55.81923774350204
29.07754591082937
61.46493732558025
-31.534946832917313
78.48281463372084
-28.358927130558897
-69.76039938586946
-38.698789309271575
17.95690129343211
-16.7131942241261
57.21462174755817
33.93934249775782
-86.44355669686676
26.47716758978069
-86.48868287572589
-2.4169589204410045
-8.160339719776417
10.417149633490524
-24.6176401254002
12.825035871823971
-22.027285351360277
90.73944362015885
99.86371974032008
-55.6589593498338
-26.107888865624034
-3.0303261554638823
-13.776305746094323
-73.27924843285663
-67.32457929975624
44.43965408335535
35.24899065657422
-30.486310436850232
63.28691964342522
-50.021306125720734
86.92081346105803
7.568938107169188
14.372111887085964
-27.412642204418418
48.60432201630428
