66.42227836922103
87.64192317368051
3.3745348941438067
-54.40836926300881
79.04983643310092
79.01665683374551
-9.671507802434888
-44.510329182079246
2.8464671634600194
38.07888999277864
-81.77053962871857
-91.23755898368162
41.84409100686409
-31.494590587833258
85.52725939871354
39.196378479316934
-67.6067147069624
55.015688983724516
-65.11923876970107
-59.55041761775255
72.19000073731974
97.69021694806199
-24.698478818540394
33.62863724724306
72.20735355804271
-86.51899895749004
30.156099888688942
15.558492368642291
36.366333566454756
-66.51017880482802
-12.137965179038517
-86.08274423471991
62.08088766267167
-4.288420877860432
-8.20712919706122
14.787596187573882
12.656804356515366
-40.122063860429336
74.91926156335475
-87.11979223162602
86.33371424866735
-40.83105804305238
11.763005453816405
2.86721329590101
3.063202194521409
-89.51723268459142
-65.02871807881614
-78.18107895991429
-46.22756385401574
-71.47953782614672
-15.456957374052394
29.988492936591996
-22.252793918953202
13.580095670851392
-77.7056058941447
-36.740151854117585
2.4013587066656186
33.596800534516774
-47.53546075913213
75.80554715202638
19.979445997765424
39.31746477820275
-39.739718107840936
6.630382816192565
-14.040031523707924
-24.695171111937356
-33.134832211276915
-91.06181462604292
2.295448804830997
-30.49589295806743
6.847268698280658
90.60072369227663
-10.121877656656778
3.1840286646073395
64.44953023067649
20.663701173670532
-2.3005673636169917
45.08344328141794
-99.15445873442137
-16.347515750922284
-58.333807227972144
-8.091620221562025
56.719891642915485
5.664548436243933
-35.03617735966229
-71.95313892835875
29.48136633700679
38.00617880707972
41.05246243038289
35.33576704873792
-80.95511703184617
27.00631917313558
32.81554339742115
67.41314844333814
86.4849111210475
-3.9610496665946044
21.78451659129412
-20.32148584184172
-54.50155283896028
-15.498457711732684
90.71423084301159
-7.86499642583361
-78.87458278101114
31.542187546161074
-12.802435767196329
-79.63475346790598
-65.84271373964006
-45.22726432255746
-61.07582950163466
96.7961655326819
-88.9530281233913
41.92993035233391
-73.5367731805298
-20.08306941872064
-82.26721134853139
8.757223232976543
76.82504275393461
45.810487227745995
77.85702470879039
-97.90787931028997
56.884130173444504
-99.78636065750575
-51.170908429102994
-54.67081562053047
-1.8785587974009559
-15.849827971772072
48.32752962267341
-38.25919281602184
67.89395537188071
96.18344512427626
41.43443281395827
27.818952830011725
55.85009639654203
-21.373636593194377
51.65575214631059
-70.00057388879328
91.55892607415191
-47.30335645549497
-12.291600225015259
-51.8885379358418
-74.79934274155748
-61.599348126042955
-56.31560222445016
1.9517360638716923
-15.648076722510098
-42.471786946510925
70.6293280894516
68.89397746759346
37.27313057836989
-42.983989996768024
-32.241960860561974
-36.15356152000287
-39.9035229242581
-37.639735276441264
-9.426745504171862
-6.140971059415406
97.94645030693405
-28.0308070986502
25.098170769884675
49.05030877830046
-9.371727897890693
70.77280596534911
28.287545765520065
19.395733333814576
38.96974392175491
-79.33055206963701
43.19673025247181
76.94023397269129
47.013137637848416
83.05775643425079
28.716217841792
9.152330238761024
92.8928580439102
69.75945687832342
-64.51266750775349
64.53340952012616
32.2585040126429
-63.88874848619077
-95.27560470662995
96.05307476132992
-17.131271223648724
55.45821627107051
-86.38799159283433
-28.835572914928974
-50.378950968478975
-68.76269182570775
-2.178668038444002
-90.70903522378265
-57.34583034152272
55.09949105463474
-3.8149421209436696
74.8962269612158
-34.83418661441627
5.684529332604299
42.8317464973417
-66.88845765924063
42.10997022765096
40.717140605571814
-99.2421976556224
21.53196458535787
-23.844800424764472
-59.77290901990724
-27.431112696613
-64.20604232626322
-25.120090019917527
-89.57821479289494
-69.22166321872149
-98.35570237683035
-27.72066863715395
-73.17618128586314
-85.19817983928135
67.9377085928831
-72.86748513337912
-42.711728835282784
22.08618961015118
43.33423680386207
30.2109628417912
-13.085916583804007
-46.09973997397252
-77.52287290841294
-84.59730168258903
25.89274394620213
-24.433503098491258
-81.73428668283071
2.2780422852362676
-20.94208511301167
-36.43375269446108
-74.77636943478905
22.693241207677374
19.206524026181
11.055854272303336
-42.78116395368223
-38.749415186660954
63.85033204900782
-66.19446341937234
9.142281758007798
20.09920227962698
67.41032078021166
-35.49863665995194
9.94478679636724
98.98488222486066
-40.42336756244702
-41.4612684273552
78.88493813436156
49.47769461346334
13.742027253589555
6.038470448848955
18.066637729143565
39.4065675384395
63.60875271186609
46.82303545792283
70.02972511343032
-38.51972582397736
81.24598706674362
-93.4172923606365
54.61188834324858
97.22338908709091
-28.59696627604569
55.7452979223566
-68.07603591870752
-11.65800564854544
-51.17678616993173
56.21903785179035
24.83070395328619
12.36359110864143
-89.50744414865417
-94.48717734116252
-22.09097488353295
33.91989199376235
-26.601272842976357
-54.26954911422399
-63.66075122406593
-65.27511747694616
52.70934539444491
25.879150748021758
-77.55584399215778
-75.07836845958558
-7.687734198937406
-12.748702319131183
35.55466294828804
8.776839117049846
0.1834526220404058
98.65785355939255
86.7453413069872
5.401595566480452
-95.27756566960035
-22.573407637624854
-1.549828200504777
-81.54765914448971
24.592672539100377
35.20191446914092
-5.23808514902133
3.674038130435406
-12.326619189305177
59.30616976190589
20.061466233067392
19.62501649217097
-47.14099089485791
1.4296350150857933
63.997317092600866
17.71123630680445
59.60595204538873
38.11511739315276
42.27612102297701
-67.92950200090525
50.15828741612586
-98.3224419517635
97.65545224698872
-89.15481237736228
36.127929608892515
-90.7057031793459
32.163276475451426
16.49802397372389
37.902208648139435
79.53907464499355
-96.07634456002128
2.090372146174076
9.84070235637222
10.147181672575798
-83.83985735272054
-69.54748258081466
-78.12153716675094
56.93143001449698
41.32462430017364
49.02177877305235
56.11436931529883
-37.776540163171845
98.79360730819334
-83.85298223262485
56.14258039922555
31.42896533114603
85.98528860905489
11.308267919660693
-40.881631222739045
-83.37493366277364
94.47396052428832
52.268190578754684
79.90031362093518
-86.823562200205
91.51429214571633
-82.05079934225054
29.425557417203464
-49.772039562951505
93.70881216070663
-2.3275321829874684
87.60545628735261
97.57333250038778
-44.037308540154285
-23.15084604452386
-23.639469277830955
-10.075699863812844
-74.26218491370362
75.90998824965413
-43.88509128483997
-44.38281923588476
-68.74574105989109
42.10039312015684
-9.055563433281705
-37.72939320457229
27.178746823531213
-19.26059589638875
-47.61160338396921
57.985093411566794
-16.78830879627145
-11.65230943566533
14.02841275088727
13.266546180763001
-11.362241331614342
71.9078956540009
-44.94233120172409
-24.33669821178988
42.322610369302595
-22.775979304868187
79.10506777053249
-60.11716790629193
-90.89970112015916
37.47186068007278
17.247131760448056
14.376040149456216
-16.009315483858288
-27.3140154747298
5.687728246763044
-86.25550281392533
-75.71377068884647
21.932494857039302
-77.4683880589277
-54.55407850484979
-40.86428106826887
-40.03275341668222
15.500357797337472
-53.73106868404207
-8.250509512527302
56.53238528807043
-0.5292562076936633
-37.12503680095176
-67.23740595047369
35.125289041093936
20.485390206083395
72.90078876053136
11.04819276837577
-74.97055459205609
74.63223625201886
75.8325919206257
64.85792459318492
46.18684162865557
-9.497568111355676
45.63090512784524
36.161848700656094
-1.1940861743041467
-71.96567653379702
-96.66277420342979
-3.8491502427204978
-75.41803635111368
23.101875678243417
52.189453675862865
-37.047445971216405
-49.21642702339397
57.27391288672635
-51.00904772004156
52.40872060671441
-65.6623137337569
-39.82219205074471
32.597551148693725
75.86323270372247
21.857046018532273
-86.9543435004461
-11.808971307976208
-34.781457616576716
4.590964375261478
14.975845463985493
87.48574830369199
-27.321693989255323
-13.03139577594743
5.355770854421408
52.016613964538635
-40.46222739412724
38.158962589577214
-1.525201371225208
51.30206026766413
-47.42048542070811
-55.48756229218195
-80.92659134472113
-57.34289349852102
21.91545553030582
52.55813225390449
-87.53400874541435
-34.0379767338235
-27.09170712734125
-58.92858352367536
13.933495793811602
-72.05224759574986
73.02692040831417
52.31209522408315
72.5198354509917
-34.656013958253595
-86.2809257259703
6.891478269352945
8.307029111620395
52.78141695338715
62.48682132931401
-35.79850718151552
28.039929777656823
12.6089760779859
-65.44268207588325
93.89973452729589
68.49587856806443
-69.61057305792437
-19.622080095152313
-10.161788567261027
-94.13542671993113
-81.6582494617411
72.77032563383815
-60.930309954803974
82.3718233107021
-70.29832315141317
34.534625551649185
55.05082555229686
-67.57381194774462
7.499829199401063
22.622715761978768
82.5007903118734
-11.701931619868347
18.129205261939447
12.112188398482033
-18.688356949581774
-71.92961642340292
38.32560459727944
-97.55149522842484
88.49089384840983
-18.311232688799066
14.654351656494583
-98.55153626284864
-12.33016225328302
86.65769743953962
-78.65605190825903
10.128179472575056
-30.65392099384087
51.07847160708451
-21.979054240005752
7.065151504933681
64.2743007939834
63.48030618593464
-46.933410163852415
6.339309077421973
93.72893235353368
13.441323596731252
39.97806213679067
-41.674652390294284
92.20825883504381
-70.36545992445333
53.39971482104994
27.506444870118017
82.4902035145081
80.2325188831862
3.0227835492117237
-14.453857286318765
33.660382817395714
-78.8017874649224
-28.25455778531152
-97.84327773222059
38.42419857355165
-3.6078686867250696
-63.8952660820423
6.305236579172984
-41.04262326883319
-18.16920543389236
-90.74920623109055
-35.59923500716842
17.250346478079265
37.135989359353516
40.8393928472272
-19.221925580165802
-99.83419284248531
-18.719869924363934
24.384305853514803
-72.11941476586094
8.107269708548031
99.62473901291014
45.012619090626345
14.07943847703639
1.8136924817048907
-35.90227015687107
-24.090410217250962
62.23538968534015
34.65563643296795
31.509246042088137
-8.721285531164142
-45.078869010547606
-42.9695129670846
6.959430052345667
75.47205651905352
27.74751316542124
-66.24413257550773
84.30599137036924
-37.99769256236522
-1.4544932429713526
-78.18513934155682
34.696344208705256
98.27239534211492
44.46678608671937
-21.376405170258693
-26.326493813871892
-73.73441947784923
-78.29944974603018
-7.759255068303062
87.15090809126733
45.503696261852724
-7.830962136299348
-37.786610374014096
22.934981629778378
29.85337396047734
-70.33599671699547
51.93536406723473
-78.33282961419314
-43.14185526827696
70.53322120334238
-23.07047800524336
-81.9573837999823
87.22124487239512
99.68633725052956
-93.46534341592042
-69.12250271015267
52.47970863345773
20.12035445331695
-19.61560044272335
-11.666599584471754
-12.220436402539207
85.61679857210984
-74.95782006791656
-78.90698740676925
48.561823787960094
-92.71441077479443
22.35277822006843
10.297715472925148
82.59320678326685
33.519933825138025
-99.21000478889388
-91.28445554442965
-30.986010239925264
-96.76285824760352
-17.99789995473766
26.90368228508531
-87.93267901556368
31.73983290227423
-73.69466845607629
88.58049855139583
-94.00234173412045
77.29840899284599
32.09688254546029
41.9135799305956
-6.971712352905797
-22.646514794434097
-61.92698353892756
-22.679459779625617
-1.5542934945136153
-29.27244416733413
-44.086711794798816
67.52157162428517
-36.576876056130516
-50.880031047851304
-26.603575865093234
12.378016883689043
20.91012669394685
-25.882093970819156
1.7168963801404686
-49.66141187189783
7.293946999560291
-75.941614655304
-16.746260210419095
-1.6782362395479709
-2.573677146696852
-49.87242062954322
-58.852445200121515
-91.77563625500346
-7.822584936362631
96.12899838043961
36.423017097459365
-69.93818872968245
80.83247357302673
-85.75603050495984
7.114937697492522
-2.1440998936420215
-65.76623102659885
-16.445694805371147
-57.476086206125146
11.060660403940489
39.20383638398138
84.47066402022367
3.1979295706448028
-42.072282100727534
3.0771957586386236
73.0824088030659
24.796669941842396
-63.08264609295233
-32.05381381061774
-84.34414577243636
-11.180798043729823
-1.9436641953678446
89.7314198019173
83.84164994908645
-12.128596152892996
-37.22986715399899
-68.40744366978764
24.575398572985762
-46.040693437374244
15.64179982194031
0.10012507934014536
-27.08912544114274
93.21439126291907
56.62038395053443
5.174929265209599
-38.67229758089303
-39.06187181039276
-1.7410295265963782
-79.36885657281623
-38.034600494141024
24.319824541165787
-86.41462661180074
-17.00141375763988
-15.989824718872697
-67.47260225543067
-60.507004289503776
-94.83243550616169
22.255135031016565
-7.707041009746391
92.97610316670367
46.766794740162794
-27.532170524915216
8.325014422463695
-13.39857933970788
-57.58330832685288
-84.22961058488055
-58.48067006611743
99.30224662571007
58.81373320204321
-34.95508232377205
-18.40758989696623
66.96758961310775
84.32442991708396
94.63166666913136
-61.57273370421581
58.95182740900586
61.248246434908054
17.51134733308031
80.97659389671387
10.803620814654025
-73.89919756342324
37.73657649596001
-94.36482687314705
97.4468168190522
35.30976389245549
-24.059598179094777
-94.77171222145022
18.94041089383596
-87.42946429045267
-40.21330454602141
-58.3209943718741
-94.85748731063023
-24.69039593899734
50.64117270036792
1.972082082796362
38.135440232779075
89.2336251320597
80.77159374805984
53.70808683296789
-85.6873870863748
54.713853085228294
-61.95079778656654
-32.90395076865276
-83.993734962987
42.23385670051968
-12.824978463188415
92.71761101457443
-15.145848217242232
-47.45641434485823
-26.05371523567328
35.16942767178918
23.452708475294173
33.69636601226239
34.117098016973415
61.317552166888106
-57.992907010537785
30.986396677602528
-77.18010189367726
-1.852611977871078
-81.46409861353845
-27.102692151584478
55.06090085887527
-45.46567965991897
-91.09511550156012
1.9922655569332193
27.261534674160657
19.34045778459692
85.48736249981005
46.980411521208936
98.1724492723051
97.14647463755804
81.4367852705092
96.72077782518647
-73.6301576777978
-44.950183943191014
17.57720868617176
93.31615798210231
4.0089764368820795
-42.89432995232061
-32.342696805301756
61.28766222891852
-83.08745936360937
-48.51152827953247
-84.5521754027487
-73.96641487172226
-7.957528533197248
94.3218581042087
-51.03219008635891
-33.97259885813577
66.72452234107081
52.91740576833439
-2.377925893877844
-89.54603990482819
57.07773805851599
-33.34674042950827
-39.89412920969395
49.49380054715999
-56.30719926459869
75.75196920631001
39.56660552573106
62.33861017992689
-11.274582011762945
27.23491945741469
-31.620767634911957
55.970904253688076
-82.86456755953083
15.762487054451029
-80.74602570220952
-69.47792339049542
-40.8353755401659
5.219032568594713
-26.276508741244527
54.76580513427359
88.02544049008281
13.241332684417856
96.03158783897453
-25.81082726879606
1.4005528552246034
-92.15763805725221
69.27464503860435
-40.94616808810907
-37.32327180736639
68.41942019294402
8.03716907565466
-22.606040407509198
48.46198341215933
-89.13946333042324
24.30737833077066
45.88502955467561
-89.49664797248742
89.773649680234
-3.326159269328471
-30.628487310201308
67.65717697244494
-51.66168810481504
55.71178542258866
54.0035291397395
-32.16563687094036
-4.721717912127033
57.20819061411413
-77.59316776585231
85.05827308682302
40.27577297681793
-18.43516776955292
13.456543067958378
-86.70584000750227
45.535809369102594
-72.52267576165605
96.00778139368921
-8.513520346792404
65.36401161051441
10.944992697082384
-94.5510135787756
88.81109811124631
87.928364135473
-21.97344778286015
37.94005385208874
-75.28113016360257
73.34378117336101
-70.82183288935704
53.91846059538571
32.37830052468084
-19.764394259861717
16.690178186004218
15.773312996016259
25.343550359346807
98.5130247135921
-69.29513062330028
-6.56067458428538
-39.18995744933183
50.906307863727534
-16.111130928472562
85.72998546064454
-87.99452767272142
65.20403001218196
96.69623050593304
-96.82279697256237
98.37676267463763
-35.55768220431281
-44.34155730377085
-78.93231838058213
-55.52859090864235
39.330171341751566
-9.552722902675242
-52.652672279765824
-57.27447580536354
79.0774234552029
41.748792307859446
-26.30245798747555
-51.90818877176315
-33.48546550612524
-62.12010431220827
33.40281605528682
9.589518646077266
34.00777759051388
-89.72168241669239
86.92352515987099
-5.874854349180978
-96.26305174476903
72.6786847923471
5.871179882785029
28.80333631924563
-21.294260256129476
78.34103555901032
11.943409925632608
34.65865388647643
1.7647449060264222
-55.81879872713973
-95.83809880042526
68.36705544591626
12.370907633858977
1.86136159839441
-46.476155823728014
-13.146256989082602
-42.407820270988836
-14.760352771258184
-99.73619071071617
91.55730752237662
27.45091319848858
34.6926161750354
-65.9544748299678
7.913223593471045
26.879736139743756
-96.86125016632543
64.81578452337624
-9.06198274419043
-0.12062420519765737
-30.917292435095803
-23.326210849112968
40.98310219879275
54.00189749067991
86.21953255592359
-42.13460350955942
-70.30266906198486
65.28290301382242
33.890682301988875
62.73155582646399
-62.357124430703294
-81.67956575167082
-67.91876740049116
-12.605854917007207
-16.670312704746948
-35.40870074043225
86.34775216604908
-19.542673214341974
52.856820443853366
-5.56242036657008
-56.16038028034842
-16.668875487595287
98.15713341765331
57.719995641076196
-43.73183174529514
3.960908525176748
-76.1341556450034
-16.217862029184005
85.77780376059681
30.152474558372973
38.219897855875416
-36.135525160492946
17.31954508350539
7.600599053280476
16.1794901843044
14.433644718131774
-34.70016256216944
54.07745251893624
96.22136711980019
97.86435877712938
-82.07953055906307
-9.27021684029458
-76.0243379244327
-36.05405670912487
69.1240406863133
84.67247194014448
-63.42085978648877
38.724769033090155
-91.23432889310175
98.12581322088457
-4.349483291960695
-24.26974602582021
11.7243814102318
-43.305364199495514
70.82300854178459
-28.0850450363381
79.55149207050792
-29.81951123086776
-93.07603795313524
91.89771600530102
-95.39297284969517
23.527380802262797
81.48949403071418
-91.96828003041277
-59.650050224302056
-2.2342642783003726
-91.02367440886046
81.18247972625048
76.04042600085529
-5.508541746315672
77.92922661510008
11.474761478595227
81.66287278794891
-3.8071026626035547
-54.72083286968168
34.30117306223207
-1.141442491618207
-19.94666986219042
-13.79748441382553
61.07195751310434
-41.7912276779262
-27.016679921275383
-74.90683600631654
89.41447877668094
-87.1695339825336
1.529553051773206
-55.14697634101082
