33.94278527678816
35.12455254742372
90.84509091840084
1.7723459579683123
44.77177381391812
46.43723803811841
31.08812588731874
-8.430165368143605
-78.49735761390642
90.97399499992636
-4.488262386509774
-86.03635199754127
45.257792731867596
57.62558985985606
-6.6410656789255
29.180304842964176
-11.138723897301233
41.65365412324908
98.85395115334279
-40.48709939501056
-54.63860252253543
23.710355918894848
10.07795597193386
-70.02864019638548
-66.83872021762963
52.102589151211276
-36.120106345905945
-54.671353339727105
-5.637634243574084
3.327122744945754
22.07844336824219
-59.79022299688479
-68.60904326985647
90.82849306245245
-25.318833313479857
-25.771253409443148
69.67547457199797
-64.08929493925623
-25.479030537376772
28.954431778103213
62.61869980062693
69.34360793224451
-55.72672948799049
-14.860842526831803
-13.325152756161373
5.162265853451828
-34.95123555389674
0.883167785334237
8.898195439683349
-47.702847284191876
-49.006981218439385
59.836948088006096
-47.54190981704489
-98.3086791159145
-23.380705266694292
-68.72854041424878
-35.709641694750786
-35.02955466258868
76.25098711869308
-98.26112985215907
29.54666394033225
-36.79890635470966
-35.10026272665448
34.18541576586236
-29.53581565329422
-33.399141145521355
-12.745711437143697
-48.54831123370862
-18.92936887108432
-62.078317145689944
-73.38750875605602
-23.910300461358318
11.906677805704561
40.658797846170756
29.283409338870285
-12.512611976461002
-45.95432621028357
73.59406620975
43.968807362656975
-95.47823247446286
-89.86398421277468
16.94648814477688
44.69906220963682
88.30194751270179
39.078667292354424
35.966046596831234
31.19418320203812
28.25527822578573
-69.5205799808632
57.537075736103816
46.072423987090986
-71.94148590381862
-9.100330174496236
4.886217217976167
50.36882501352548
-5.488746719537247
-18.426250216828223
-10.361615022247747
37.331609908477816
62.99612843165454
23.77135870600398
6.880473263993039
29.161662270483873
40.52243190111378
78.14340547183139
19.54887749149617
-61.36032385276706
-52.965581069120795
-69.58883648490352
-84.42583732451021
-33.57131241733788
-20.05781530938495
73.75442995593079
57.35988565818852
-58.06381359841279
54.66811727558891
-87.9074265594704
77.73724916603882
-15.573915049765418
56.968891102713826
-95.9150933018708
-16.87819230144278
78.99462702497209
45.73444876276466
-81.81419521514357
-30.843705069389742
-74.57859323744245
-45.489101854376756
-18.337567385678426
-51.07095122594767
-3.4339715329088136
-62.11056181315124
-22.365439408819412
55.9450305562776
92.18950975564593
86.6251414159616
-48.84886245845139
-12.319853448793268
16.036433422619154
-53.654787625017455
11.859578446286221
81.5650570348298
27.11134040158288
-63.738530644160306
-3.076515584810167
80.04103724579298
-25.393994584580938
9.862738307865683
45.403308970474995
83.26974668027992
-87.80897181664078
30.90860407870437
34.785664106998865
68.88224754659814
-53.47885869491136
-43.47219307788757
76.82955084584816
-16.721184427395258
34.298252127878555
53.644678893869354
-66.54286925091561
-39.60165658582322
-98.08217974406861
6.022418516725736
-5.386920350559208
18.583953791256675
-74.46733347144732
-48.39930779531607
45.58742910417081
14.749056288649058
-69.13396485569774
93.63591801231692
26.131903456237566
27.36055751401861
-32.50346356297365
92.82161988990606
-50.977315408826705
61.270009651796386
-65.0515540455005
-52.588552178129966
-32.75951943687454
-94.80346393100064
12.866974090196308
86.08673023783905
94.31541022605123
-38.57077715513266
-47.60838840246924
49.39643387391118
-69.17723522289168
-45.787881436877
68.59335621886402
92.52894017499742
-93.43051636763113
-10.772552719940492
19.125331823905015
-89.10766047544564
14.265472476827142
87.41102578951597
-55.039974015095524
-44.37735732741028
-79.04156357354566
-59.01667950397223
45.805116632546174
-76.31617810672032
-4.150865897158823
-52.18663355357103
-75.40018637661825
34.585242396582146
-64.56593099744832
-54.9412402043195
-35.94343475725172
-92.08329327746499
-24.867877334064104
85.9099600818374
-46.507477969492975
59.85401884499217
85.84734169225777
-48.45627267200585
85.06440480962152
41.6670167365846
46.412674069485405
39.53373510812375
-15.822002987728709
-72.22982566870265
-30.518621068393358
-93.0635896064028
-12.56716605983199
36.430794085146886
-73.91289562976091
4.021267305525058
62.067336310780576
0.19457029865510833
14.903287258471948
88.59946666368441
4.5509955505395965
13.523856573995374
-25.931219012880334
-31.65281539628613
53.494294035637466
28.783105038898725
-34.393612724258944
-53.41707057373646
-17.537591084008298
-53.06531270733321
-90.35832191877125
-75.05122549593541
-6.943554784812164
22.262433132108853
77.6418011398548
63.282402465188085
-9.682147575102334
38.997347803578975
-48.82858993944046
-5.283971401932703
18.751738411694618
-68.304606950584
-65.59827791551868
21.705320762100328
-82.45994404773731
40.35525850205076
-66.64800746737157
-71.69508842059555
51.34445087887508
-31.47838997462371
2.1848245209721
-52.66622454190244
-82.70814100818063
-61.00517043271769
-67.8947774002401
69.09588709598853
69.91519669393108
-68.33294164695813
-14.903431106834901
89.63879857346711
-51.439153355146594
-78.70174566078236
-44.2365100971349
-99.83471569024643
-61.011769036141715
-42.17500334979582
-57.46195529257725
32.307141749403485
-29.601832022956856
74.51446607783316
12.726730432575593
-25.524593183331106
87.12194633456048
21.24578565039343
99.63577666154839
-99.9316258292224
89.8578926696506
27.03161553590114
61.36817348315233
38.40262001756224
-32.365695852126564
-96.95192891716118
-97.73799191327251
-29.692782996871642
-22.066374694576908
94.29709282895661
-52.87622766537194
95.5733981892528
59.787780295155244
-17.46754367581258
38.90629899334735
-69.23439971646887
92.14969949106984
-16.35934121186989
-99.05223349671624
32.45338441086136
91.18062583693595
-47.82239773707702
17.130923560476845
45.15449956097686
-49.4677321006358
82.01551841839381
-8.143226454159063
82.6080494231606
93.81044044134285
-5.631405294143207
-83.22837726822969
54.361280175272384
74.51861701850623
-96.45542133844404
-77.0800516647953
80.77581522434889
-43.87319618713261
30.927494998890722
10.594448233755685
-96.07281199398588
86.01296202171534
-20.952278953642264
-17.062236491497032
78.09011848310627
47.343770433168544
58.20111606333393
-73.42583426512766
39.18654528615676
-74.39406012066996
-76.1548457063677
-53.123560841474294
73.74294269045984
-69.98629699295373
90.49277918354943
43.34971541356674
26.82539601864886
10.693598350698892
11.811105444598866
90.14030582704083
-27.619449266876074
6.663054900855926
67.09875639110021
62.052153055295236
-42.596595442545215
88.79983556712486
-82.50409603835209
-83.53795516400083
-18.485317536708123
-47.77221801116791
45.48141426233673
67.74782809238673
-62.44161359486699
78.81979955141625
-48.317344631672924
34.438726840594114
-27.68475501380854
89.59376538837353
52.88991887288813
70.00033801551405
-73.38047557732803
-78.58490686867489
83.62767009015778
56.82732349712836
-93.90543867512129
-15.69590681080956
87.92494605223672
-53.510205609283815
-61.88329854111938
-64.52464459119562
8.158119290454891
-74.44747865582389
29.843818043433714
37.03704158777364
-84.52850726160877
-37.52463272208071
-31.94153126421469
92.8221255543464
-16.482572336501306
-92.92727658561395
2.2029841915931314
-62.12430431826632
24.099800690206052
8.249778027635514
-24.158942955139977
-0.057703593367904205
51.55001646429167
9.948457473362481
-91.3525840029155
11.977487789843394
-41.06731115463174
36.77741254770032
-88.03052039833253
34.879205836688584
-1.1135867269990172
-90.31382278921956
49.70094034808608
88.07867606316444
51.75950123047184
-79.27188344182407
-85.08057160463096
-6.6033259600284
-76.51232125161908
-75.3100285640981
21.979164538572178
72.54203560369538
24.769575619952477
-56.653303836473626
-21.73199622601996
64.90822368615522
25.488980273936505
1.1040224627158324
-18.68952462565703
15.45023030456585
35.67365541281674
90.79166651786397
-1.0938046875226917
3.59138012292361
44.07161495501228
-99.41821089046121
-61.258349550465255
-64.18141083930102
-62.22384566006378
-93.98337820930331
-96.28373300380999
1.328182785764099
-86.64810920863503
-26.82771075615142
-50.82225232762434
11.671124008633996
80.48845949241243
35.49720281118266
49.558969502101945
69.55904514061692
-85.57845672768927
27.55546739826174
79.20553641161442
40.3040734737973
-73.62923588534753
-87.39639180229108
22.080322153176652
-5.813654538389002
79.7570933664804
47.15434741105841
-26.114839146534024
71.79705730530961
-92.53550357802767
60.81791798078123
37.1706634937855
61.12421627275023
39.753592279741554
-12.130717783628242
1.1664291254317902
-31.43752846809258
-53.09812936759117
-49.010368548492856
75.09935357827774
54.967432462569406
84.14901091973067
45.734076882941935
-65.38835590305625
-57.32188662558117
78.99059641297626
63.55757038904093
83.678134120339
-75.13204814216456
33.88985516369033
64.7227212093049
-72.81907747429217
37.2453046248321
88.2786587800818
-76.39367313975998
60.88559800311498
34.862592801225446
-28.079114689850584
43.39865793562143
75.58601709776224
26.29875202699141
-31.84982544863611
-52.26913390008752
-97.71542688155321
-5.044175224483567
-39.90207958690062
94.57676067331576
-8.72320217879647
26.540118079745483
-78.26834908783083
-2.2714490443721047
41.25732197576309
-70.6651036820688
56.355222180568916
72.32133853466513
15.296043152967869
48.37787642137019
-7.509399691584505
55.56568591593799
-73.5036818134107
71.398171550048
-90.20031047431065
35.72766004224266
-68.30566240504524
-22.5284150241273
32.7810267495436
53.49179316749505
-65.09555167813754
-30.086396560137146
-11.927835750130015
-93.25766239929341
-6.087693972601912
-55.31775244003691
77.44388094609334
-22.133077928356997
-47.84373986337862
-6.096761843113711
66.93107675251261
62.86211683859918
-35.8861704773425
-65.665376663008
32.41945113733965
17.842185242508208
-84.99071294081304
38.64929156238924
-47.858799017940726
-23.948068578802093
-17.44412957435459
-1.7596513914778882
-86.35940285199604
22.950170456326276
-48.71527589470299
-55.14353111955257
-77.60128549946464
-80.22550660350467
-79.704970141744
-66.39530564671773
68.83343194835678
18.261794794374268
-92.58671622030468
-4.0458763763195265
-68.25889709940189
-64.53476067060737
-37.60273355623796
-24.44955162167362
29.536441519631182
-50.58204030558073
-41.331947236995916
-66.45646973232053
14.466884150287655
25.965587639697844
83.09736787924814
32.29699999638132
99.06518872728961
30.118155876335237
92.2118202491159
13.703611405525962
-14.80064980637404
5.4261116627103405
11.872230470718506
48.90578184403569
-88.57557768394591
-82.94685023126955
-27.546269159269855
-96.29298869079041
4.168847797292898
12.84382662758496
-32.943886099692364
20.573763092819178
79.41855386881019
-44.60449845260768
45.86618282025813
6.226740605275822
-31.212138353475538
-44.66438008364209
66.58877147058945
-59.234824183490154
2.5026643659467993
82.33585771241391
86.49026337637781
-6.27491506585676
-54.897110163516125
-32.72704591581059
-44.82325293968601
-16.045931937979717
-79.5189731100231
-69.64165533973848
63.36850721035381
-49.944255974964726
30.46005795050999
-41.37220582992451
-58.469674587822354
49.53215552337312
25.646126934398296
-83.01524371770145
-4.717707898790849
95.60388966741269
40.9050518056261
-68.0761541176593
-30.37721317952196
-18.559620572412186
29.257857871331765
-58.28746424790017
-63.41519447685737
-31.69266467686907
-18.950034148862514
-94.37292651708695
56.587611765540316
51.89837500400165
35.700120822729104
66.32223251077099
37.41487907575399
-40.76384229715955
-62.07894031921042
-46.4186665979144
-13.52896493337623
-8.63300023733106
-8.597342337593233
13.268495485836112
1.6543634572458785
-61.72797924688951
-33.520579462464454
38.66418054070593
-45.593616227521316
-28.69905946440153
93.75143491937567
49.36397157768522
-95.88630486765004
-37.17023228883494
3.948238829018692
0.5587459325615498
19.54928658752702
-39.89525091184443
33.44279543928852
92.21103695813193
-58.61752093988923
-26.083878861752012
-87.83468355465499
-5.763015211154524
23.366448635110842
-69.54494228148485
-86.47172562281584
-15.9396936527679
-21.954132762962146
61.7760027395496
58.198248684375585
67.3275402699372
-40.69440038133156
-83.28178151489567
-37.922736191713604
24.011305122093106
-76.17733507950935
-82.23195444990728
85.94273303439627
76.15065019580791
-52.418448077192245
75.22116078746714
-14.901789904688798
84.24157886298184
-73.774487735462
-10.079800715048279
36.9936776617123
23.462038340618392
-91.67959075312196
30.826100030839
98.03026459551381
98.22208125807992
83.03460088958522
76.50562486203896
-66.99236250273763
63.84814420365743
28.55672853298259
-60.429607852334534
-47.04495161948328
7.886891756777629
1.3750076227447323
52.59465003672548
-68.98558331184708
40.7285597768132
-45.18038521379197
11.628315141452376
-31.04817659937997
74.82469118051267
98.76683952095459
97.09475567392565
-35.28117122177929
92.55018215973396
20.094179957528155
-18.062216387507135
78.30602648564812
20.78752079693942
88.36065950491931
42.21432611919178
19.183139698695513
1.0121831183089256
-0.5644646495517094
30.631759235215895
14.131294701377612
54.342053497025404
70.00035770059705
80.79615887980606
-99.26071103303764
-40.14951326199996
-82.04954708078283
-76.58769922329603
-57.363196764019754
33.97126446648164
84.40791388345255
-97.6511780143543
-34.88249333284506
-62.46397493568541
-23.144614357148257
3.912560598568973
-33.27698441240294
-66.91912961842431
24.00087096688823
92.13182048076311
-91.80483313301326
-54.82583648967454
0.9595525109344862
-88.91112840362827
-68.4389858179816
60.099325467943686
-34.74022871778817
-50.36134934000695
49.01063735470859
75.91377802695001
71.82102787593584
-57.881354529994525
-23.709459628966556
70.79546993706978
46.60155219854013
27.775701139649996
-77.69971230267127
-57.2211603757024
33.14145988863126
-5.163561329333646
4.753375810029837
58.228536514947166
-46.23763145692028
14.436720746193913
-91.0601422042443
25.09914964727969
-51.54432085106067
36.70700578166168
-91.13517108384673
-87.3824451367882
18.962292508230476
-24.35925364725165
-25.784432019182574
-79.95091447365665
-68.67871797592049
76.51084899746587
-53.87968964136694
58.194796706622014
15.953756681940149
-27.94939879332452
50.087995798409395
-49.45311478164398
-45.67566016286093
-11.377688920153673
-14.07392063988739
-62.044610471309625
-65.79388839631717
42.40186839582219
25.543668052047906
-14.049485431037098
96.15009281391869
-92.30285148322783
-80.9699014108757
71.25672681773761
40.45459793815294
-4.730394039316565
93.26427177949802
40.8008144500657
-73.12429201875833
24.01691749908801
-50.70922456672524
-96.87442664725377
38.80315491539116
-23.928515807664397
-88.65118399164692
-68.3946905172183
-9.480545838416703
-81.15113878250197
-94.31397296406207
55.082483153152964
-57.74045416644944
-75.18167522726351
-33.374607076885184
36.64589844536641
68.96770183976918
-87.06717426590997
-67.81788845613532
83.99112428637164
-5.523545036689043
-40.40048318361302
-57.10632403299449
85.73155629989597
14.133287541304355
-56.538190659750896
-36.67549205084899
20.159228762348818
-66.43968497607189
98.11486030893798
50.87993765032897
-2.251120027207577
90.97861127332155
21.795948650846086
82.03202572773444
81.14762041922069
-94.48246462075403
-66.33948419814638
-48.842080772830855
-4.592078747003953
82.90582640566478
-94.26846483625839
29.48803779111583
23.182067208692317
86.60317836542688
57.4282644064277
19.223938312125938
-27.13071366717081
54.80452527054999
40.23492991108978
39.613320803808335
95.45327989802655
-5.806090224610003
25.259122961925613
-95.05450077500359
-17.843819234702863
96.8630065461673
-65.03519434954961
69.11245762554967
22.2841594327478
38.444958707343545
39.80149284877035
79.36640690349478
76.59930226998782
-83.24354866717549
-75.17680507478994
-18.024813950575137
-73.95478172059806
5.969703497259232
-58.44825930100732
47.808340299450236
-80.12746548352791
6.359380463846634
-20.32011601783003
66.10675134362123
60.09070347430443
25.85985499226304
-98.84554057142387
-98.63412985442284
-32.0070807838208
-89.75724149915254
-37.41149542167859
-74.35131994998724
0.820673225638572
26.97268822521599
-86.67122155148176
-69.79445292796402
96.5211316811363
82.4227441954514
-98.3142599076454
-12.778794691235419
96.78553363087528
68.40324679145485
-48.003279458189965
82.76656952649682
37.98768667637714
74.00355717586865
-51.933531171464395
75.34292056713724
52.23511940588264
29.426233013827243
13.46955919368736
-27.41068734979541
-90.69591243551011
64.93590640401152
20.938714079928616
96.79844904433165
-94.02606888633291
-5.215322630713786
-1.5767678731247514
-18.55043866543579
-68.31117486976834
54.88211880422048
-62.11545042928228
-82.97754695263843
10.014882514723283
73.89319318331226
58.38775657797973
-21.663113231020986
30.272044863703883
-52.2971669222928
-16.831317873021874
97.06241576605152
-11.46463207399205
-58.56358526467722
7.881986551469254
-28.523087741595617
-2.09291788494275
-72.15106550229109
-48.191229256307096
74.55390229787318
-30.38837284279782
-36.782543073655674
-21.089575029474588
-80.07440876969925
31.69031457026975
-84.22191662756309
53.50670464054767
87.11938838160401
80.12515106081233
-78.62214273718337
19.327647254276755
-34.696302934834364
62.169817325846
-17.308126335845017
6.420022754155923
81.86058638246863
-24.77701852092777
91.4483702560209
-9.620024485194875
-81.61814968815511
40.49362414765494
32.66013276663284
22.80124330119247
3.755802655476728
31.199632171856138
-0.789846901460109
55.56713943730671
-92.4319126493552
-37.28426504706499
-86.2545332484877
-8.181480516561251
72.61368611683793
98.09127811903846
-57.99885300670717
45.07811884916933
3.7187385562200177
-77.33831733815222
-36.990148235265565
-15.00252519583367
27.662319214800576
-0.8494247003424817
-46.59199174931188
91.9000533067848
69.69317992635035
-33.63300274825943
92.41344519241531
21.537838672885925
26.92038700731409
84.65473289905123
-7.650484814791852
-7.025895028658653
18.15750051976643
53.08911060950544
68.72320117690651
-91.51874941060647
29.100109420048767
-63.48298979018941
-30.646176329868453
-86.8339791490908
-78.12766086438626
-17.183246965448333
27.140828708893054
-98.97981960643767
-26.30917012783553
-99.25434301890412
-6.469272844629188
-92.5269182443772
-6.0024962791258645
32.10582285221162
63.448957152621915
81.20886801131292
86.3666719621022
49.93266856526239
-23.580689857958888
-15.609295461881189
4.2966888621164685
-29.233331313986326
-25.65889917183179
-48.07858437605208
-81.94553284437004
37.212915765722954
-7.310355512713954
41.09402843491915
-0.7426945880867493
-29.862225368811494
-12.980841922124895
-77.96915714050508
49.1868042789109
