-82.0287413621872
46.22016273302822
47.454708029789316
40.01548215368035
-47.23855095062526
12.541316108592952
-68.79487434624474
61.42842698810094
46.0596988261
-39.898404369086514
75.18719914858096
79.12736426086511
-67.1354627190139
2.457653721483098
66.25218501410643
-62.4508605902131
-54.749707351237454
57.0979666650349
-43.82271866960643
4.209892966949596
57.41301706138415
-48.77161817339193
22.632245023422897
-26.331011222100102
70.17825115547379
-94.13770270782204
52.08960058766846
-22.31049921837875
33.467862207489446
76.49451441216434
-21.748418932563013
83.9335789297642
-20.55491482871416
-54.114570637227175
-21.513956875204542
-42.61353619783335
-61.50039866801358
48.42436910082856
25.32910827902633
28.31214464791273
43.32700640805845
-46.73453787462605
-23.271990044273068
39.80822622525193
-82.31574008756184
41.684460027813515
-77.79498897657041
-57.171253004021374
-74.77426490149497
-59.328724739661155
33.9721330759555
-9.751087169353283
-12.444694097431523
71.13413191747293
40.587019655867465
-53.07882923085905
49.1978055350701
-27.934621371968532
-13.88578348294564
14.56136777900177
-69.93701550524263
-77.13919250643633
-70.08463312441854
45.98789896949512
-15.507474536837321
25.946375134095348
-32.303721349462464
-99.88891087975142
-31.305033136763512
-98.22033002034607
-60.13365994685107
34.55447151072323
-52.13590444656568
-28.90868254476237
21.915430819858102
45.94565220324134
64.93224882750042
10.171571294308364
29.844921931096053
-86.76183939254214
-47.31800260933103
8.415086981272111
-61.49106032115617
96.69095574196405
-29.17470867525644
-12.444975614391367
53.49920593814247
-41.6177000010149
-37.414040493599245
56.652958181838585
52.478131942378894
61.34295633711187
13.380257561015569
-77.51085778194059
96.75350402369747
-95.41533426130383
-88.77183150004282
-23.950872473022216
-24.659955303616925
-22.712396425908807
26.518209579490446
40.23508878119307
2.173203884725055
-18.701899971331287
62.023570803550996
91.40642789584172
16.762634859648855
-14.286945243696465
-47.5877593877698
-87.1526205310708
-2.006725063709453
19.040216711456367
67.67397484841237
-74.16700925609241
57.219874393574855
16.92099524819932
54.255880515652166
74.40647197195713
14.916634839920334
74.24131649796541
86.09907581466763
96.19419520449011
28.576153859365803
-36.518783016341104
72.11394717785086
-41.70354772996588
-18.659771954679627
31.80680850418389
48.78765739020042
-0.07781439666023005
68.59973348326125
-18.68156200496969
22.459914871093048
3.022072653322013
-2.2866534348886915
-59.15639144154983
38.0110177161535
11.559847898821388
59.926668107067655
6.731117500542183
15.502934035253759
-6.67151593778901
-2.0762067670730033
-53.61652922269249
77.98092706789973
19.709183682443125
-9.878109741322532
75.68694330152812
-33.48737896867726
-12.296767825490676
-87.91411314209428
-43.54552654011368
-4.038223687413307
-29.03050694812552
-24.149685887381693
-63.651757258529514
-57.38430230120506
92.23623263014241
-43.995848805299055
-58.65473898998816
-87.51254276965608
13.444844066291495
-96.9573871979402
-49.58260753326336
-3.0086951197363305
-79.27583903825517
13.9499752734054
-83.39768026378351
28.575376342836677
-4.966201193861025
-76.34466971542919
-24.506219754768807
-70.46829574523103
31.929210366834525
62.97012913358361
74.74273152090035
5.135309831169394
-55.30963012208267
19.768323778945998
9.866113503688496
-95.2007808554178
50.610482757364025
43.87855608997225
21.347717971404407
54.41953978851615
-8.277284478665763
-81.73151924791128
-7.981753757471694
-41.031930260887826
-29.12482266038087
-68.43937943163678
-84.4081302684192
-36.0686688463808
-14.290379582443961
-48.2037331143983
-3.526809928596066
-73.97585758199985
-8.53308719508206
-8.683944720043996
-63.37781195236549
-43.12777147883391
99.15812473872575
28.62265737285793
3.229220405782442
-2.37643394430485
48.042855616246385
98.87051361342958
51.925229619438056
63.443293611752125
-28.825953552080705
-14.333733725676012
-39.16741463142843
-17.743783968376817
-71.36204651106442
-13.980253046319135
48.13455842587621
70.28980137558241
77.48536176460331
-58.488734820772834
23.75778615989468
-86.75156220546079
-69.50921767490985
67.11501736316288
-97.17071807377789
94.21590707566659
-49.71942231636171
49.150831125939874
-98.83104170780193
6.1153258078056325
-6.5609191223748695
-36.04958221300194
51.49922223474178
-57.52854128070626
36.30308541959781
-18.267656264752844
-55.92589591223076
68.70623431618253
39.98931289862645
80.15257022950465
20.0302904096541
-71.70288564428432
20.777386254882416
-79.19235488802357
-40.51339847555753
78.31945754366868
11.43773621214055
91.33712579434251
-97.16039833930677
-48.972515486852664
80.50406445407404
27.162735296175526
33.85389627596422
66.27076866365948
56.53197918616934
-17.35709670152761
-26.765779377571945
3.167630738579419
49.97272808267462
92.17607910355525
-10.068005896197334
67.39786308455956
-8.782845985383176
45.173335287556995
46.257798063762124
-98.19188871998543
-64.06862219445173
41.043170099120516
-6.895071712265704
76.34713336265156
-42.14203012799898
-22.304224183082738
-0.14667007707612356
23.646599756246104
-80.0600676158715
-76.76917775470594
5.713153881301849
-58.095003452452
-88.47400447308445
95.98262118263972
-67.17677572855168
-31.449999956917708
-95.42054113339012
-45.49341100176678
26.02566417901248
-8.514444864257769
-32.87866911743795
78.3761407767912
14.767084783347386
-10.19261084881093
-33.24293645215913
71.85022748876787
15.184214828683281
93.79065386821074
-82.02103148817119
-3.9021471293543044
-67.04891448835704
99.90891849151359
-13.999177534606957
-86.99648097933411
-1.4761764009446239
-8.48786549534799
1.7726779046946888
-0.19394575471305586
-15.174566734922394
-43.073851127298624
-41.98061303396865
22.816426687054374
38.22780441371941
-83.57389769378211
-12.68320275788038
-91.97783823961547
27.790775705840915
38.20156797035193
-4.516845873168606
27.182139281411494
69.49600440372848
-26.450703711028183
9.223297075595212
-98.8127268370391
43.75946827080804
-71.50039374623414
-7.710374390309212
-71.46620968769453
27.328721748291954
-41.30716945439794
-2.444650222106958
-33.155546684066636
83.83882842159119
-62.434323329548945
-61.81993059705284
-79.19429039015726
-65.19849726328175
-13.272844678302747
55.53193741404016
-81.96384337301488
89.20469306945563
14.91720381480863
-79.72162296023166
22.436288184831056
-22.01418415964666
14.836555808712859
-5.21604526106762
-78.97910283105517
43.67203814250928
-6.240262233121001
94.08308352098013
-49.12531468558685
-55.2401721395176
-28.075163493793937
8.036512090304655
41.94444754462606
-43.4262396243996
77.82700581490346
47.48293600237301
47.81431462789806
98.38311138259343
31.18736532751504
-20.021830082458195
-68.22395253773166
-35.47242631944785
-32.92010494449519
62.32220591855929
-57.507782575643354
-90.55509484883149
54.78637213040608
-92.8953404999904
52.6620844804539
-89.51637028173467
-77.9462437365942
46.83339805077449
-95.47578104380776
-91.29740637095142
57.88133844765596
-49.99750062083657
-24.10544473105756
-55.805550222442335
-45.10570972162131
-88.47665038161246
46.462064485876255
6.3321500765640195
11.51428860924284
30.51436036016875
-85.30856035259558
28.50948618739801
-21.252264641614886
-84.39517615358821
-41.041449086771166
-13.376361478994042
-65.33817757957283
-18.373885500169166
65.87916971078153
91.93215633662857
-74.2155031468378
-84.35727905440156
-18.512243514173107
37.852941057181624
-13.176254730585498
94.06782202367623
-70.52535214031855
-60.432376132631305
-74.92593203278417
-35.389339003084615
-22.021557908893044
-53.77810540831784
-20.436889445775392
64.14291308470666
13.55766348928347
19.9144474624007
98.9945265550173
-32.35684168416344
-13.462963870721993
-89.38019295782568
50.45457817950714
-41.704430129740544
-78.7701856038486
-79.85814155695421
-50.907914809363874
-44.66430889660751
-7.350395702421309
-23.059943453474062
-92.88719004264992
-98.03426083925511
-40.711706351927155
18.883727068526085
-23.957988119516187
-19.564660845275256
33.27669665009992
-32.44526971388247
26.127648256866507
-17.533464936526414
-80.03999341176507
-81.02247777570683
-28.17490130906141
-57.22051187643069
9.811162862712592
-43.8127965944505
85.42855088636318
-26.029183865727987
-69.63858225180422
76.34179669221015
13.444247521118442
-45.136740793044105
49.706272794945846
98.9168799657848
12.939485550501601
-36.64108702315898
57.715963357418076
-37.17558565531329
-69.47431891121205
46.9215104659155
53.52852232794555
10.922009284851939
69.17236526417258
-54.16393912090258
-43.11308902210735
-40.31252964187881
20.238690936514587
-94.02938184183225
-84.36240582137664
67.27690391373707
-70.73027806281196
-55.454958356936324
44.8444131003491
1.5725657040184728
-40.82440526192996
38.43334331190181
-3.0556858779328167
21.188353024971974
39.575218988489496
-4.451877688514827
-60.033704271954605
67.31216073207335
-53.43228624276697
9.09892583845722
-67.21848484914133
61.20227149789463
-18.50519159817361
-19.362399385244444
1.0397798984949702
94.61132739725525
76.69753034415277
94.19537492419013
-41.57499192181577
2.1294107076900985
-57.96308769540745
-53.29332502419479
-27.212530090885195
-21.071969278350238
-18.334675049438957
-80.036818679599
-79.53096730678567
-52.72746572095839
-20.720665263199294
65.59414466735419
-82.05985923240253
80.43692277271731
13.021047697928083
93.954026575467
-40.978194641980046
-73.36862522201571
90.64958143665055
-69.38417528783239
63.704067093788126
7.4206850988221476
29.963451248150022
58.391267479030944
22.865684345849814
57.5449164187294
-41.39031861141207
-26.706525727545724
30.654425362380437
-28.016450663893906
-96.0442243187766
67.44576625050291
37.50556245222404
-60.44794441140211
-76.33934279984354
58.926266398071334
68.46037220580584
14.15661328106377
36.27820123774944
88.89284326969857
51.65214938091751
-5.777366436697989
9.12527584148404
58.54172997132355
-74.07709943833908
73.02357458144343
25.50741925206907
32.03663455834831
13.77245182538806
80.46882776119159
-33.12439996174086
21.464036681587245
28.303732296576754
-39.00183636402828
50.62956199269871
-79.11950655472968
-88.02941022002197
-79.20970833795909
51.82039653809579
21.626019499640265
41.46465070263224
30.53091116495858
96.97832282173374
-65.49183777080509
-35.028424161365976
49.3244441568022
-70.36929902499776
-30.95942269805343
-1.0816983430406566
1.527057132147931
-31.363952618263852
-41.08853561808721
21.076703795638068
-71.30216635340585
-5.954203762545518
-63.13981352330433
-13.712792148564688
-64.16612870212606
-95.6968279890856
62.21966497497672
-49.11380330905904
13.30344928446678
29.587288442980082
79.84384900287554
6.333609055040341
-9.832329266738697
28.6147273697392
-25.3208357874678
-74.17488573869879
25.57294980563354
-17.089663151153076
40.83260626814885
98.64863870237019
-6.4844523282995254
-73.15554504534222
-31.972852461025397
-74.98071622886292
79.14127615484384
-87.29320689875748
97.57759776690176
-55.14937268331952
-13.67989409514037
-96.00023243153657
-2.3154413708624872
-19.590879849006555
67.73634517063863
44.02329017218102
26.254047277838865
46.88342115725811
57.951820150267
-47.49115429162409
44.0477427803398
-46.253603144640934
22.860219453676805
-92.12921511327671
-49.35411877587259
46.05699440789235
45.39412729539657
59.58969948913369
-90.97001014676303
46.470400901342856
-78.47281067955069
43.30672772580709
79.67742892233295
-52.45152989602475
39.20154116659731
9.589837217023728
-57.09681849639063
-75.82103765484842
-80.52377205059625
-36.862527748592335
7.598416997409615
12.954228508757026
-48.55628080679213
-65.08938689270201
98.71546739964646
-68.69487502460154
43.69352707656401
18.201658189296225
-59.42427173965883
91.6619667401039
-81.2100060700985
71.47720216907629
31.406646946674897
43.53620399881609
-17.832206045110908
29.06530849576575
36.7402566945388
-42.921140911414234
33.10516615418092
22.69080521657807
95.98866889665908
2.012062437016411
-59.08517607056076
56.56318786317854
56.126156951614604
69.46366724475817
74.99568401462881
-22.55334773974215
-31.86546924475944
12.943191813407637
61.39547536223452
84.29639516214448
46.81329591222524
22.302634275864435
-25.40448570968894
58.58514569952473
81.93381955343759
-95.97486102632465
62.164793801517334
0.42068347015442953
97.09779719701964
-46.64144326159521
69.78437960604589
1.075520234863859
-74.5608261614938
36.86270243838544
-2.5756405618638496
37.57157321598734
-28.629416054657923
38.42940883967461
-25.055320539680693
92.34834835117329
-59.817317758588985
23.980607438311722
27.722498683056457
89.26217125920218
-87.70624629421599
89.13456599761994
70.87011764942716
11.110214380392364
-95.602106517645
22.591508862665762
32.094921527602565
31.447395527143186
-40.02762945020362
44.671304364604026
76.49749630159499
-4.089353571502755
80.82935012321167
15.973709512468233
49.670730215146335
-75.7159883423731
86.72402806434351
-47.44660370087319
-6.6080573407291325
-62.51053185086868
-95.9472258014326
-16.356879331674847
-98.7890712373735
67.56842563072672
88.37687218077818
44.353048410129276
-66.74979534618528
55.558890149440145
20.176796835171174
79.16902181845751
-65.23671238435323
-42.34406705980718
82.66316329032227
36.086172374811696
35.61776700277065
-21.9167118766282
-32.58389651753643
82.46182290080804
-43.06771515188406
24.52751150456261
3.0989789341813605
3.3055161241998263
-87.3666816728613
-86.56899614082268
-64.51439025545758
61.31261527126628
-44.928404222949126
34.12762687538677
-68.74064533932315
-63.06976400742936
-48.55875095822151
25.299972549322902
-85.69673795889412
74.11466052136208
33.8985976729941
12.541249184395767
47.96519947803796
95.99567900544628
76.59908474155279
-98.0050420573549
-26.78956580290739
15.697780705848757
10.753310294485857
-37.80777799824116
22.327157578872487
-62.1280210417515
-15.80380605495715
-77.232579664095
8.021949375670971
-38.938219492831564
87.95617364097623
79.4527693626857
38.3841050271935
39.083957758708124
57.78147110252161
-13.08854555495924
41.48985270756074
-73.74400993823167
-73.77214247461745
-99.86658392762106
-77.93081794176773
48.460268645028094
89.19698435038384
-54.637523083913834
-14.193349822567185
31.78289680524395
-65.74000602731233
-97.95396053856808
-37.05606692154932
-81.14968487683569
94.20142798020558
-14.201819041936844
-57.92834991270388
-29.006618537570077
68.26331293762152
-43.74715598666239
-13.082371640829322
-78.66912117404291
-48.23129440852119
46.69000994674414
91.91943942509715
-66.70162427315829
-47.29591156917754
-31.996702334990175
-51.28799936140149
1.0686086851562209
68.74081317850985
-34.147991202303245
39.12541095211003
8.068932166631186
-37.28804460566937
22.043040384454642
-12.495057268661796
-77.36393792336322
84.32280649150994
-34.80610576966873
93.09982029258887
-81.34540737435259
-61.95743091159551
82.37165503769765
9.4486044229308
33.96160256389169
-46.2503075319445
-91.81860065767373
-31.529779434674325
49.851644918625624
2.2354316320625855
-96.33731507026557
-31.529752966841684
69.45208660372927
-73.87425891820757
-49.45316177916623
62.95251178484668
-77.50084683877863
-42.53525645131921
-88.52805121370099
-87.85902304910087
-75.5869013467429
18.84072849354928
55.19657880154631
-2.9976402801353146
-68.06596120944444
-3.7632786663519084
80.27319419755253
-80.61720369908522
-68.04906283144099
-21.658583385894573
30.58443111742156
-79.46923706312475
58.673745839374135
69.03943593496055
-66.7424990954317
-67.7260620704997
61.90516361915536
-7.9013611595079
-21.57242852587089
-78.49633690660083
27.45581846927483
-79.8859203519819
47.64227372361597
0.8500185245542866
23.95567004710996
36.8962118589956
-78.98993463901975
-64.81782228170437
61.30353857294622
18.69681745352878
-48.05675205676187
70.82059905023107
33.88639487698052
-12.018522468687578
-85.65294531693657
44.91535159493523
50.94386926312333
-37.340938270269696
13.251661233919435
57.00199147683034
54.89333825324806
99.92435544277794
-41.118889491173704
-69.32753129831082
69.16653242536151
0.3992015901604731
-78.87915750661125
-75.25173878001057
-27.048611550278338
53.62418349495408
54.42801449885951
51.67905332980135
82.85203408940188
89.50414438725053
-47.67425580113414
22.538804848045373
79.17769209094484
-37.90403702990612
83.73915427142475
-78.49351332653238
61.71004170067661
1.9064456643108798
-79.16261929577135
-8.57438054781818
52.57890650120217
6.228725917220629
16.11771085013156
-49.20821053267288
79.45732275696918
34.14394485008876
12.41388670884676
-85.58140907437573
-22.654367092058877
-3.9310679973298477
-92.02684716413792
17.18661856284274
-99.63084079383857
-26.88924346767962
71.23496674216338
-74.80301744091847
68.8501516328844
-71.97701824605053
-88.84497342687206
88.48062251152231
-49.858328505073416
48.495197063934796
-70.09285114520046
24.527459583628982
-67.50411070056708
27.76599691261528
53.252793448522084
28.956753586648745
9.541270883223547
54.394128084643256
-75.22531769641779
-30.59516180048081
77.98211520276757
-0.6687712674456918
78.59312402489957
-88.06327739665379
61.35764832814684
-32.207046075436054
16.99192927920616
-70.18830827601015
-42.22331949785203
-56.27089200946791
-33.990711237667554
-58.77812023518507
2.5875347875202124
-86.27290481808399
-32.45072084638548
27.98008575819341
-81.57710692496094
35.98743821765885
44.20907768389793
-27.909803013153507
70.86598939714167
-4.115914683435335
22.13035894871362
65.16293234469995
87.21464588360837
46.60336648821911
-44.86818690539776
-39.57502946614082
-8.13597279951226
-56.391200881654214
-21.120395492470976
6.133176998241538
-36.16926449189697
2.68328026784188
-46.25860200484713
84.83719858745579
-85.34561592704924
-82.83555926554529
24.523961212980723
-77.07888355714097
89.98932290567961
6.694153766758262
75.23187766854608
41.90705072603549
-86.11885440324406
41.42304398988682
88.0576053486441
62.08219982567795
-49.120824151645515
-0.5397844197833308
28.13217324934658
71.63663903738694
49.26239643364485
-45.73121439903831
88.68872240412438
-11.640449112294363
-17.231204007750975
5.8604056036502215
68.28842452641243
-95.34067377684173
-99.58048179331469
59.7952650068967
66.64071412252434
-13.148616549510095
-55.498456582862566
-68.59165350151585
85.07293370618527
10.623148606016628
6.481765484253586
-27.3553190378407
-95.12860207756009
-3.8444290458243984
59.42369902622099
55.56447030374309
8.327496189270306
77.65307071778423
20.147873445998783
40.80535647879461
-42.64972995793175
34.463695561256515
-62.27941323572441
-47.499501016522075
38.45560113514128
-57.415105886298925
98.21728673815343
-26.668512509768675
91.39291593859045
60.632049884360754
-48.62924015527277
48.277186822345385
43.603050400221406
-0.05130831485715248
98.14090562990651
25.052242366131395
-64.06642265809822
71.81785413474685
71.05718502359665
-35.99423461034431
