16.040110490035815
-28.872917616238908
-77.49288015734228
-13.170628579744317
33.999779301078746
-28.058845988867702
-83.2883426628964
-54.04507306784942
72.0331969664324
-64.1335161066717
55.37373255557591
70.7628544360341
18.301537312405046
66.94009850438331
15.322448589426244
-97.35306430787342
77.66708876998675
53.348969110467266
44.23223446669698
69.89713338907134
-45.85165602598635
-98.27038766622502
82.18521729557636
-64.65202376368677
-60.99601437680011
14.290823155081654
-2.9305961717968785
8.885892636109645
49.37736249451689
-57.01118918368486
68.58094650675642
46.07706894631963
-32.99052109002827
82.25575120836066
8.915650929889509
19.479152900269185
65.27696018904052
-50.11891811877858
-75.63183562969522
-83.18759408898302
60.92826158784803
59.632062364508045
34.98191988956407
71.4734925822402
-55.22051239652548
56.67772475477531
8.115964770219648
50.848465879628435
78.44609409316601
-19.205478192652976
81.98379526116639
84.96475136676571
70.9269008639873
88.74484983195839
-27.495426362960828
-88.295086937914
-62.095094446570506
16.760668729069963
52.60788429955062
39.80204124776401
29.224388286806146
-42.19813609796035
93.64729009930491
-6.966625076475921
-61.69590054819276
20.284324725943748
57.5362691071428
-7.071750104878703
68.68298105137671
-64.21334013256204
66.54263796647231
-81.91278003496487
6.026544533382761
79.37071222908506
-77.45302824035072
-11.798094324203618
30.747511992973983
82.82654825285476
53.20154250167778
20.543053702790388
-63.32365460937355
-53.360723817193346
7.760150018516512
68.89507181446365
80.5769477961984
-84.54548995642355
-52.548153179215554
-43.567213062620084
19.688334356507184
71.38640325021862
65.1261566804911
-83.14545075480886
2.8353174004906094
-87.10414032501316
32.40436910180159
-33.04438616581868
88.48952783913327
61.80128721449083
-24.008305397423385
-38.65945429001903
79.09400297485428
-50.40246579804209
80.31926870471347
-89.15453911371547
-53.87512433270305
-38.7575887909813
-71.99555509453752
-49.57358156592689
61.82018278838103
-30.028105646361198
10.812271027838193
43.9013477100263
97.13628396840488
-47.713819640356526
57.02217551267498
36.73894029947377
0.2976247270517547
69.28233106549791
-50.11558561240159
4.224165815171844
42.056726028479574
0.006126064357943051
87.64239287775081
-30.82740075237369
48.900216181455164
-14.387940701945197
-74.88817005515574
39.61163319591131
68.79955336740912
52.55033565723738
3.5043161063753416
-15.682397992679071
-93.53620294275204
-77.37619225735875
-60.624390447169255
-75.13340369639042
-97.54002309648311
45.457443418302546
-99.53126890034625
-97.39127013787999
-26.04454623403103
11.630352835965809
38.49399316339773
27.331826075431962
-33.64841122865644
52.06154558067274
-66.47093884230317
91.00379865786272
-91.99452891595526
-7.4073513730806155
-22.105566569974428
-38.93662605175974
66.69617499709165
27.194008683758426
-81.8049247913139
-96.64963105886548
92.59733118550747
74.6610665061799
-18.3773370081354
74.19004019141244
-72.51174475674722
-58.33470593791588
-14.945763851155164
-35.72249009533638
-49.847185878931064
-97.51324342423923
11.423055027069353
20.29353234857652
-63.19785750546338
-67.47046383327044
-29.461623081026048
45.98206871793744
-91.64330431757466
-85.4685247764579
-40.0522910106595
-21.87399957491374
29.72238199269904
-73.80029730216613
89.83949133105202
-7.664720945840301
91.30291941995335
60.7537901273387
47.19404309243038
44.76659693853307
-16.375837981217416
-47.38729831851454
-3.384639076246728
76.7575976325144
49.90185759886748
2.762474028373731
-86.67386664406382
89.91382533316752
26.640162525199656
-34.228663990184586
74.49009315836207
-17.70951301620471
63.579570952079905
-31.282074475681227
-78.26968194706095
-57.86131446287015
5.394962420259645
33.79149978841568
-42.30377471452886
29.022643525188528
-67.02832593067069
-14.473087118581248
-40.07985103366598
-89.87055175291665
-10.807044616380551
-71.2986286407717
-74.75852702836359
17.93869775174899
-37.678760855538165
-99.18115628121397
39.913214711446955
75.26359411449408
-3.713629117987935
-86.82345137248304
-96.01607850543736
99.56600064544554
74.44663190453994
-12.065637818923733
38.115583270348196
-95.83985672366492
84.9496939605394
6.235628238309275
41.488812220785775
6.125188211807497
-50.164078308302294
-55.853251408626356
49.948956443404484
-24.43389417582715
-93.2873633220928
-24.805721276567127
-90.33960618196878
76.48328964360178
-72.14672537490605
42.21408802362487
72.88053877303636
-36.54380237409924
24.14940273842865
-75.80214676079989
-54.62457657116444
79.96458154217595
-71.02865735046291
71.71917086012519
-83.9998684713182
-63.41640857206665
-91.36309003099963
-33.14982640534801
51.456517028136375
32.74510532285859
-5.138935254712635
-71.35998820526122
87.67299935372543
-8.265861248191086
73.16252411818243
-38.58519579110242
-30.42220823992841
-85.8567000305737
-49.38697019312457
-79.86570326957434
-36.034223290549946
-37.230790175958425
87.41692706107074
-75.53201469257132
-25.872605037623586
18.047004230125637
-80.3462565709598
-3.3106193778377673
-16.217957792783253
57.03183343391768
38.13200401679603
76.54204796931077
-45.97809971117817
-0.11898954755278623
-33.52472568379636
86.66440418184393
-58.7232124403118
-2.965469733625568
-21.035412925036596
20.041148631060523
93.30237229651112
-86.86324887850434
-12.092739885440267
-80.17435435132107
-3.895204081701209
42.75001797859511
-1.1912761817741284
34.0369710100058
92.58802168239976
-34.922543156886604
-11.240646469496767
-64.4656399468201
-75.16626984171502
-2.2422832425498314
25.697924844915065
-76.08937538303921
75.14696259873025
66.94184292438746
-47.94853045510998
26.64830806442724
74.86203827023209
-25.457184896487405
52.78747924898522
-20.3199874661762
11.34614627576201
-10.612616380509792
21.291650445841555
88.81531813977003
-44.6412946636517
99.19912521555858
-89.07228541813141
-0.5349577166224577
-11.197428216994126
-2.7118556667660982
78.93528759202229
-60.586411198388035
76.84298582891901
97.59124860425098
77.7160644565335
68.01559146410884
90.62640501624293
0.6050598552028248
71.48675591902756
72.0022875453374
-79.10605077025625
-57.31083033398081
4.3626463440228065
-12.976545539049653
30.87842038183669
-47.510804265187275
-2.318153217797004
-16.968503220554297
-8.347764636183697
6.262870185621864
-88.06203001609401
-93.1056990902891
-44.185179285983864
-97.66495315491592
9.626719026296797
42.1733799218635
87.3070329371163
-64.2682187895855
-33.395160480957784
-41.12547406940159
-59.30227537118433
21.398467404979925
-1.8066247520424952
-45.492584207379025
1.6896176159583547
15.701945805635049
67.42817274926992
-37.35539255148175
-67.3045438671887
-31.021991178554444
82.68923907626373
-95.74326310369014
-28.01536850295676
-33.26741680032954
-8.314143058036791
-56.030925893475136
-40.92392573788428
62.0376583405594
-90.067557581697
89.503780776241
71.32126507784835
-42.745373232294924
-68.81081071976101
54.897799526451365
2.1665583211446062
27.432197525297425
-86.49686152936256
-61.927185897303886
-2.9257342837095024
-0.6084918809645217
52.31666815683806
87.82271321221319
-45.33787837215997
-35.589942439411445
91.68206761229146
-34.82121120554518
80.052106645082
-81.2004039765914
80.15202665967419
24.93778971686669
71.90097190795328
-45.46421329502917
30.246889051830664
-55.68637663541909
-60.073586438306556
63.631560451017066
50.477881104639835
-33.54857667615012
-5.178204250563212
38.46544004985461
-6.999517729618603
-45.82564064453831
-44.737580860646034
55.94695218070035
64.7324330346004
-29.532997800731422
12.824074419947351
-48.25409586880755
-11.70085118844284
-74.9567638574524
95.76105573221946
83.4979627987172
86.85626029763716
58.13549269354391
-55.553635263185576
18.101471371343123
-58.377517697063006
64.13758030552944
-38.129635290492224
-83.91171498698351
22.05947119014398
86.3781018608542
-86.66737951785781
58.66809867036412
-71.3984119817535
42.120860237891975
40.2602864306956
0.4370964613314783
-39.99800272802558
80.18228253191225
-14.21849121852317
77.56700929178294
44.531594390395355
-76.94304423668234
-0.30566957062828237
-56.28640318995228
6.040440930606536
-55.130980929705785
63.97860221799107
-8.22870021217443
67.42185683029635
-47.834028514496985
16.955854262703298
58.661158269422714
47.11523415584901
-94.03063993988002
93.44954156690179
-44.47657703826646
55.44420778411222
14.114164687986559
-68.78836187351702
-21.03318882579906
34.53433440171392
-32.148495262818216
4.526132590848107
29.98231345115309
-34.503359351881045
-15.311060896322786
-27.736266889900293
-37.51707206066413
-27.958842420440916
78.27732398773625
-74.9032278130682
-36.4351393634496
-44.11461758329591
-66.83091091902438
95.48116738091318
55.73745249843364
-8.302678467055614
81.9865104286884
-19.997430011011048
10.816585803119068
95.46473192655333
-80.96787011900744
-17.942520548256
75.94539749488399
-83.87488973564372
-38.66188377954411
-77.09808459892828
-48.92351485233966
30.300095229151196
92.95199752264526
-65.718659981449
32.97721513042279
-13.515800139700389
46.63628852759882
23.43254634085963
-1.1426746006251989
-67.63571086453447
21.347976350102257
-59.71438432130469
64.06756334760021
31.012705435384646
-53.243472294805436
55.5318671577416
85.44647499111645
-99.41502589985885
-84.38792451129453
71.35343243336783
-39.092557432217404
98.21720580669606
75.33305421666336
32.840886434251814
51.49268781654936
41.14442508817814
44.10693267315088
60.16418893846384
73.29192798102642
-26.741946542822845
-97.17997435337129
44.451274461250705
-2.933890693045214
37.939353626057624
-4.645873744617802
-37.33038197135525
-16.942638936962837
75.76490310741326
-19.613377439340155
13.786203944428749
11.4436547190911
46.19561430805672
-8.414515935943243
-96.37838405871013
-80.36037379769752
98.327371503551
80.7807264806668
-17.498458900540783
9.919922631178395
-70.07358484633687
-34.43648472296536
27.172056446398884
-97.22243981221222
-4.43551554469073
-93.88601276407213
-72.56542994642544
-88.10584145994487
-65.3874766315894
-67.8717984921601
45.746916887971395
-31.908830852082232
-75.82699249294885
29.900988270874905
34.48403704633131
4.484344536337147
-41.67940275675903
14.87373624564124
-63.97820914497498
-30.05120401617505
39.31529947879696
-48.85746963232413
5.2527762367568585
84.80565544010105
17.00296636794529
-0.4933301018763956
26.08609162060796
-2.558577127596976
30.301279250546827
-44.79257802572825
-89.6612385533529
20.01719760498193
-80.29952612724456
40.68997475531273
73.98578761032152
-6.711378107377229
-42.27188955970711
95.31669430425492
32.43610582948449
-35.13293265819357
-78.72096941081364
90.33106778939703
-44.25739852430686
79.41336540728935
-82.0557052426315
-62.111795939944955
-7.873174397114298
48.60049577825441
-67.17850139642327
92.29250224828863
-15.41818599576213
-49.26159479905188
-26.955131797876803
-42.42321799852229
57.44153235111335
17.42582808215991
-70.56079979225636
48.08060524929431
-36.704014352625
64.15728794076648
-88.67031839471862
-56.48006749381782
39.80319114360654
75.5531714787198
-97.2795505892344
-10.438972426794464
-76.79146335483433
-76.48181544922849
52.99980372021648
-13.526356488181676
-18.744752891906174
-7.74685170045602
15.150611443532142
-69.54374410986644
53.9831269728995
-73.9019062849519
-64.41004671114314
37.46771427901848
-79.49636392566566
-11.679943253760356
70.78554650423615
-69.66876635249524
-45.45902718369537
-48.42334366543213
72.46031633942127
22.200728883789907
-33.1667826424858
58.68305582266407
51.949923926690815
15.151733622764212
46.117770839630566
-81.11180593925722
-67.703842857836
-90.91546192658342
-51.96985679318662
-66.08012583109956
-66.04816966662614
4.377127518921853
-69.14518947409593
66.13636367082754
16.68020789188165
-81.38605570749533
-44.803341447966005
-78.71644017144166
-24.96844532922246
5.595844248652952
94.89777485974034
43.00845780357275
-50.862551503654416
58.93875243605734
-31.54601617249824
-74.6379376089392
32.946711082347576
90.20605450113518
-94.62188146499624
-53.56856297907298
43.96624003105259
24.430285960728114
-86.72873350009023
-16.907287298182922
40.86769104834579
-15.867461627950846
15.289303881546772
33.479821765089866
63.98035849197382
-93.23525260826511
-1.5926347191011985
79.99645657238781
42.1497221288312
-1.1525051611089197
-18.957890992752183
44.05578956219139
85.79967906017589
68.69247287435292
24.652946488327828
70.84332294451127
88.40264265071897
71.15005912824387
-2.789284680571626
87.79494787489176
67.60668472330133
-1.974397803503308
-63.58448872863249
21.262840822808116
71.63989631953686
-33.91517384657344
-82.92862903943663
-39.491739533368445
-18.078080560770076
-89.96893203539737
-40.64931364608508
89.10973117779315
37.1828115067124
24.77288342698658
-17.91390363689389
-22.443139381855318
-96.77941027283508
88.68392968190705
99.55980607058342
-5.8543678170239275
-71.2913922117229
-99.40735327687402
-69.03155641058612
44.85000675496039
-29.721998864267945
5.706115553866468
4.2998222621336595
-3.997404410743968
59.57783535501801
76.70364275248014
1.6105924853488887
-62.18352321757792
46.52710979655336
11.85066980575256
-54.50067567864083
-32.84843962043324
35.72707258337775
-82.67004796918977
-31.514634031005897
-98.35792187822862
15.547013427948286
81.36019255376817
-41.144163494428
91.66446409834819
-61.779373378163285
-99.26674823255594
-16.68185528185569
-98.0822296426416
22.73538301714288
-18.63954312049161
-96.15174419389183
3.1048218387653463
-12.008600397267472
43.26754760044798
-6.155532552688953
57.68088716285115
-48.386078208120395
-63.75785177320581
63.69121495575163
-25.78023676365389
86.07077485671658
74.6051577601132
9.343649130010448
-19.730095062242526
82.028396091827
29.931233589919515
-75.4193059423173
98.46222379690818
-26.26571514186324
-16.17546411632445
44.28330914543045
26.351193928359848
-65.29552456773669
-38.94640828571156
-86.15313969039717
14.052707721020013
88.1263328766957
96.79153804538595
75.28406273018248
74.39324445875013
-84.49707587831954
-48.94917534027583
-74.52085817591698
47.39166880100777
25.545392818132015
-77.51790802206828
70.1321066718609
24.660950347342123
33.975268522227225
57.38723277543028
-4.835769785794255
-94.72321733884945
-22.076759310085592
97.25198051284815
24.7729091253194
-55.62117977538197
-27.402165160988375
-97.98653149667666
-25.12846202502479
0.8813680109805091
-35.43523526610126
3.0581636444129146
77.26739731723384
-70.73230628749671
-29.916359893690412
18.988844296964587
27.55860439980337
-69.53538922718512
-71.36596515341027
67.8923720577738
31.475930564192254
43.090333779309674
-73.85049956542656
-60.017833393771426
96.85822323657004
-20.126531140538304
-11.804327709513984
82.45534808592316
24.48151298058363
-0.9370597953513027
40.279108742918936
70.63610330519259
-52.97682914819044
60.67024621904176
30.030527408862497
-63.249777270217855
85.3362741122288
-46.102211690616656
-73.02008146308654
90.59143488347738
-7.565175678132391
63.566007585064995
-3.8579126609146925
41.73692203119944
-58.02674191095372
-28.161160609489585
62.961299488178554
25.623557443043694
17.016716335561654
-66.77068705238335
-90.43968669008305
78.8394815008877
38.155426283820105
-93.53222211067545
-70.51941937265774
96.3302947622411
42.58717603356317
-55.41184852298586
51.13651678184047
-35.194490002106775
-27.069649168902203
81.43874878279189
-49.981761679459204
41.14501348205516
26.131940811009628
-19.179001395979483
-31.746017457682754
2.31069891132951
-50.10033702753076
71.92677279563463
79.82018257056583
4.972974739195934
4.651574688360327
-34.817420608321186
74.22922958212746
-78.53987518432473
-49.273124161999114
-16.014525039694448
-4.417837983998865
24.83307624911923
-61.612713591523985
41.23565519351703
74.03771558268585
-59.4152935876358
-0.3723641392193002
56.606261883066
32.298379980237286
-33.52847303997753
83.29276861595915
51.194351605975186
12.71879459243847
-65.81368669001321
13.150495927636925
98.86668482092944
22.769244256362526
-54.41100566846393
14.86529702058263
-96.77618188997157
12.711474608780321
-59.38915192160361
24.12837077485665
-17.390716353099677
6.12723275264473
77.26106681727558
-45.025059020557045
45.49899975899564
-38.46345662791133
16.26704743464215
-64.0292113887347
-28.66655463603081
-22.672032021302968
57.16339324886849
-91.32126426623248
-47.36275759390871
-92.48040975469046
45.61978138006208
-32.52664268076653
31.69666055908499
-18.106682663554466
79.4509798123726
54.46962341566373
-62.406532773102555
-39.00067917169512
-84.57078055494418
93.04850608353178
-56.13598524836421
90.302256142061
-66.684227686541
58.59589349645782
-80.31283930947149
-57.6691642369896
-35.87426866527623
92.96769280825711
58.988053938502645
-33.083564647593874
77.60466556520507
29.23515198717658
-28.74633434048455
-22.01675333087067
-71.82351351024579
23.975360303008202
66.26500373936875
31.710380232748292
-15.793234318749754
-17.048325987799217
-0.5888624693752149
-21.918073631956744
-78.5646844841456
-75.56821110515611
73.08528434314493
97.43761803989679
21.592905521565456
-1.1140307016455324
-96.94099548844545
-47.428570298540485
67.00186049509111
-61.79810805450159
-38.29613290820739
-36.47192534523644
-31.55247451550693
-34.103549346370414
-44.939390384242685
55.254224398224295
56.72464374304212
-57.28466598347654
-17.518208775114985
-98.03077942718797
-80.34749900271657
-47.047149892947516
36.82659018054747
67.33311056495344
-35.507854442947064
-51.22466141908226
-66.24154891400013
14.620202526527422
66.94062291553999
83.06555611105239
-37.19588655032722
-35.73389439264207
-49.175246112736716
28.162792373121334
-55.398321931264285
6.153130565549134
-17.116980553577037
-84.83002757620267
77.88630019979055
15.345154681929046
-55.42962441754169
36.31448434275194
41.18480445100215
-16.71213347465634
82.33446123179704
-63.10832066089134
-48.95660741234471
98.76490415285096
34.75249672352635
-86.58509732015382
14.602001975735007
-71.61473283709437
-92.93811421591569
-72.988395702669
-9.981819946075902
-79.54462051279903
98.9480854326734
95.9299208144113
71.77840914785611
-87.67746607533755
17.451628570387157
87.64973664276818
68.12909745304873
-13.81586379149735
68.40060078386682
94.11448379418752
-38.230040130464246
-23.65636436886112
-69.38616604204049
-33.78854562311058
-49.08604801658869
-98.35524721762576
43.615937590068
-52.88649613773892
-46.79357830449153
-0.6752407753124459
25.924198356640844
72.1233095555624
-70.53952973593367
-17.01160985045442
30.75905354420479
93.58067338409336
70.78773501428418
-28.586228351001125
-59.637041810446775
-5.535115816423058
86.8394980732763
0.8898685701514495
6.737208827831864
23.701518241630623
39.13708005949968
18.99609829281465
94.52015120978444
36.38043681610594
-83.74256025430512
-22.928382228433208
-44.83862440133657
17.80752004705994
56.195676399464645
