-46.404120161864746
-14.565593719381994
66.67566646228369
3.7638014119620493
73.94324385270176
22.172157103671438
3.9620299159960553
-45.4546934846003
-57.58512810467762
-43.76316785821568
98.19234039979
-95.82523527244722
-39.41165227803074
80.10338648731388
-86.48946422963384
-48.30853390883212
89.01236472982447
43.92855318532679
-12.721164155246555
-86.74265774236395
76.46135336992035
33.22185613211687
-79.48636469972058
-20.120894264812875
-15.564264175723892
78.98239439884736
36.76289567088219
74.28333474951637
-71.94089540158863
83.65610263644433
-95.80401316786381
77.03330150510581
-97.56123694298992
-93.02568640689101
71.06085153348033
-0.5725363839663657
96.32144963742098
-27.163412426446243
-86.86456925900691
-40.38217983400465
-9.68402303840692
19.257054919316346
-7.214196009864111
37.05890871233669
87.48333317007106
-68.32787378270284
-28.073957352753325
85.5326433464081
-24.30138765274799
-93.91320566971397
-96.26234941072036
-96.29603834561378
-73.57274628176464
59.95158223412457
-20.149248234525018
15.560803214543782
63.94640610785183
75.5802667247599
34.09383775779921
-97.45055342845541
-60.81585943795851
-91.07509294123066
-47.69975612804751
75.71806878100128
-91.06574484619068
-94.56208315443291
-22.321034201696392
25.689411808158653
-36.35029096708615
-24.864659243157078
-31.78960276739504
-27.714829417692528
-25.06496833787881
-14.912965917827734
-93.70289998407297
-43.58196221710089
20.100504303761042
-73.79658220330214
-68.6475707828344
33.41863779076465
-73.99536884253526
25.37023572612837
-20.410827976628894
-96.81267649555862
27.54067835717248
90.64971362111413
78.51831318492722
31.105081194952447
20.47324454193904
30.91006555017782
81.70577411092225
59.60917801555814
-37.93263707581465
-31.064328671436783
-56.0671488880419
-41.59636024857063
9.05468540176841
-77.2911998379314
66.63719622697374
1.085397523941296
75.43665900284674
84.10755595094278
49.77372041583678
-66.15366300226368
63.13647549923499
94.44748124086101
-32.16403006838664
54.55550699914991
-49.09447122371906
3.9253231524352117
-32.78570747359035
43.41070411335315
-49.4181267806971
17.005595311973565
11.128368000742242
51.81257133114738
97.93548861282028
-53.81028197785509
-20.02252968814173
73.52210911669675
6.864742128968587
-34.91933657600438
-27.17306707163955
-88.1813580362931
-46.72290960101992
-3.080452451333258
85.49102257579975
-17.43277093528981
37.81231160367719
33.013542605449345
-68.96853971420302
45.09773663101504
-24.287112336061284
46.097293434565046
11.291274863715344
44.66351640726168
-36.94838847051349
-53.75076709416064
-81.99600806409148
30.822452841745815
94.20190041577047
81.47697638955609
-81.24158889235514
5.423799124120009
-50.840869964808675
7.311104623984093
-31.72193132135976
90.94096002577007
38.83353239337012
-77.217597709697
-72.38824475682928
50.73790184774697
43.49890706235976
48.71700763375685
-27.185675191104778
90.31315994896653
77.30497073415313
-35.03753347983276
-83.9134724658839
-80.23613020835651
32.61673092287518
-96.57010301240621
-44.96844382995553
36.97676538468107
-19.46761054415545
-81.63242311868271
-13.487696552008188
-45.86719733821927
-92.03270112268498
10.161141199016583
40.47262209508065
37.265376422768725
-48.53872196495024
51.05684946129483
44.41182356864107
84.91886901029088
-71.06580080994456
97.4937520503752
48.07352667404186
-9.111382692577877
45.21336387536513
53.323282608160156
13.97198522167595
-64.89047902924628
-87.47025731171736
-90.58308975165885
73.8719499069201
-1.1141784851088232
33.895446256084796
79.09938188978373
-24.432945951105182
80.02287594115259
-67.27476165455883
51.33328487136012
-20.226445243168328
-56.1105006560789
-26.16994907999893
77.66917430645671
-17.29848172205402
87.55747139378317
3.453707472975225
38.942611077700235
-79.57660338709587
-13.19802402842538
15.131441508123757
-13.046575803552912
-58.43260194038087
-45.72387511983034
76.47979206499588
21.25502867575196
67.9555874914088
-65.32126764823025
-59.33350556710082
76.48671694370171
-99.05013255744618
-83.9271757389313
86.8737661809975
98.31290920644884
53.12217441268754
-24.370203017273525
-93.25233714110468
-49.941273238424614
-42.15164688066175
-38.167091849474645
-59.26954487182694
53.06152667094622
-13.35165898714908
76.41398221466073
16.775578830677887
-66.83694374586324
18.957881895812335
-46.89562371987126
71.2873367778009
-52.432286629033655
-18.074486585934665
79.47389198938345
-30.122278063861543
42.61946586111546
11.458199253972069
-41.74174080712789
-73.00881537435609
62.033414154465845
0.25963580548558696
-86.75392925641808
-83.32222014462916
-62.27754314261447
33.53641696325741
-52.368634014870175
80.32876473712608
-1.3888375976958542
30.63384182447814
-61.906046554730196
92.22035664079957
-35.963191639373974
7.874708266210064
-10.331305789125622
-60.4192282134433
58.99680891105231
61.598321703331806
-33.56411304123267
77.42646666789315
-89.88607381336368
45.71607088240151
60.37255515090533
5.297342018858515
94.6041385319441
95.84405057301944
-75.78069544806189
-6.869289516362386
-45.06020137630078
58.19647744299675
-89.61407740816445
94.06007371225971
-73.67827254155571
-57.88762619365515
-67.15109876487867
68.30616984248033
-78.82989869285223
-75.1619517776422
-86.4211863305103
-52.57051132325452
-12.993951888049168
42.06696776535347
-0.04922382064276576
-26.392644228561906
9.301357866185867
-4.257196472934012
54.55247148541517
57.10835337988661
-86.31101540035996
-24.790053991212588
88.89351811408531
72.3431680496991
-94.94431517149103
-83.2278364974542
36.571205199384906
95.2496986882636
-79.62278189924584
56.9438575221329
-16.52695444856205
-31.762637709044213
-34.79230897558543
-61.17581861696051
-59.01395780399768
-73.112930741194
29.914335372338485
2.409224971716611
33.50141232550686
-74.7546077136004
68.37291047692568
-85.128010649537
-72.83519501311027
-11.436975888805748
67.84190163927656
-11.284840927063428
-76.12376786114311
-39.62234609360009
46.06922680412663
52.990967883676404
86.04170694053172
-24.68326005736887
-58.30213631881169
30.05997712044379
37.18723206390729
-34.09112903016778
74.01906461806266
-93.6902613276079
48.6424012542474
27.981191531329316
37.74674654819529
5.8014443052332325
-76.985659339766
-60.56556841815066
54.11377314665208
34.07565363665316
-69.14654615086924
90.61343235247844
-85.25870504351474
75.93920542695619
54.17909898965627
30.720993788136667
-33.61456519855372
-71.36640457057754
-56.92881125195808
-77.85654221261764
-14.618997659001053
62.86264501656362
84.74127955142197
-15.52656054394393
-62.37536848115675
0.482323796911885
-7.143304800076365
58.085057721085974
24.245070154250186
0.13578228699621775
-23.65938622341679
-74.5428558464363
-81.42145264106561
-98.70895801048314
-24.180023643887964
-29.944512249255467
80.83474360287227
-89.22211685056251
40.67670040997214
-45.451128877534245
59.53120705396057
-17.75984747849226
10.397071045687454
-66.90348619137252
58.07412776587691
27.099335951929774
7.457253848995677
92.34105676229115
-83.64825581434587
78.99113900600494
76.5046473550108
-62.284563890015306
5.503493073081273
51.453904938827606
80.34263823684302
90.80891631166958
45.56502716073112
13.957533409904556
-91.61086607575373
36.75718358597396
14.052750881355976
52.0958438538303
-53.75811073218208
74.23571885908902
97.02937038836524
56.22869384971341
-11.875774772248576
77.50938272900947
-87.81016161364607
-80.5262299873366
-23.56128346801303
17.32845128235357
80.59144740087157
5.53159425639096
-50.1869412254635
13.963190292245159
66.8601002677797
47.07224154566768
63.3472314202929
32.11837832578661
-20.678608775221846
28.818410082144823
2.497547878335922
98.9137403642303
33.254107402975706
-56.955807215845056
90.56778737048046
-34.825925891532464
-92.6247308300786
9.142617208454354
-73.22298562521827
-87.34424108788119
-95.82086462697828
-73.0084124098752
76.57151734712338
-39.97458147019468
-65.83739128299885
1.4451636852928544
34.213340070715816
50.21987119851033
-98.31776109728752
33.09760664478557
-4.706056056563071
39.32693964110851
-6.108662973393365
-72.15128778155261
83.79766540014398
22.989337803974877
23.53990976259928
18.64490815319411
-56.74176739952301
-8.789621426910003
35.81042621607219
-91.43763450515596
-82.41579279819149
-43.6070057457496
92.43827776372692
-48.65707185704549
-37.49035568384003
8.788585699937414
37.27578651852747
-50.4426414521494
24.41234627403206
-84.47962161272828
-69.07386785511842
-58.37487827906895
8.45849526901496
8.404008599775722
-76.3745459754405
2.7114584236733776
26.93550265109728
84.52144985267378
87.56122928747683
-87.02259999319826
-86.53302109465486
-50.28085271364793
-94.68704670150912
-8.604844165946517
-89.6605037055794
-60.39032505607158
21.69968571497145
-21.758954256749092
19.898850921050837
99.08854417490483
-3.3440406787440793
44.38065923174199
93.40831567611679
-7.939519944783456
34.46036187227901
3.2258673143718823
88.7785545075179
58.196894512205404
81.07719259856205
19.747326468943754
-57.878596108626134
-28.28231507482191
-94.97135315204079
-57.39106930025806
42.0420787182463
-11.493047783334404
-26.194830770766544
-79.49494554841341
-39.4071400268811
42.4357118003623
-71.44216327560449
-41.612155107862606
-74.33201974668064
-66.62978306978653
42.62429343100956
49.880772727335454
49.578892128426645
76.59125228920124
58.132541742290954
60.07760912680945
46.502535834283776
-33.25307872594155
-36.13450522950619
-23.9656555402145
70.32566454418182
-39.97974424776609
-64.47120378184536
57.80739805887541
-55.012683162758115
-98.30451825543862
-76.19133635805764
-48.646346620557715
-10.625945707183774
-83.01624786033834
-55.52443945581187
-93.56776026475227
-88.32213310943351
-30.62185955464227
-51.53918905297608
63.71671243485727
-61.69306464573252
-30.07913557010953
-28.70285553069087
43.76813570802037
13.698650997484123
16.53617323988476
10.497502450318379
56.4383716499936
-52.92177933694293
53.65940228144419
-1.6483442330013105
88.42439477437208
81.73465876164317
-53.95529051241961
-99.82055571655337
-51.530340486839755
-84.73344293928875
75.31215559577583
-37.26933154183945
36.885248307016525
67.83584780839973
-29.35604064472335
81.96447256749624
49.63797646547468
87.42600436886008
43.14755571466836
-75.65174910256866
-72.4170835445959
-44.12293158964915
66.91087213949044
17.590088174603252
-23.829532396592626
-93.9683291660063
5.076799276742207
69.66625611946321
35.55463206919438
-5.879767431036484
92.70444980395536
-55.51356718784457
-91.67225956179703
38.85194332034999
-8.897244849961055
-21.70887190259721
73.7865785841619
66.8224615804184
0.7865639736434673
-49.030859017627584
-16.47340283326521
-30.985030677153063
56.78430156907419
-18.2389398284097
-89.8712415672762
-98.42343504355478
-74.05834996317893
76.04329629031642
-18.93018642801418
56.34432338320906
28.82862671597141
76.3886728419458
12.672220079319857
61.78686863158421
98.49063403881934
-18.750134426895798
79.70462123989392
-31.756485587527663
-10.961814185899726
-64.30097976365352
-19.29833371303762
-41.526173563448275
-27.90783380256579
73.82761818232271
0.1255245530912248
92.88375797939824
5.300555112737015
86.79742838462127
-1.0803727521246884
48.3405936007932
-17.508002625267665
-74.25729233676634
22.709942956025102
-55.10778251161654
-87.63455248153433
13.07566135050628
-4.559271997037541
96.83466003542242
-53.58308259820539
70.74978036474062
41.57093221947753
-56.21288465033138
47.20077224761454
99.79162872926068
-7.216780346880753
97.3797469158323
-14.73590580142259
-99.34742958986578
-34.51937265342167
6.221330946578433
68.83621436352476
60.716997520234656
-73.56991617380093
-39.115504622223504
97.61286107065072
-64.68632276826403
81.09643982571794
-20.468561850918547
10.485625927363017
68.5441487256173
30.12934983169626
-90.38090262858023
-75.45137316796382
49.44601779534784
-67.36323677747575
-63.964050791008574
-7.296811586431758
94.73590975318785
71.40687241386755
-63.61361446272187
-65.67980885093512
-55.33752547330963
37.933473313292154
29.877964860108136
87.43359633311113
0.7512436707233405
79.9308515777713
10.930667073976892
19.61702585180332
91.42398613761281
99.93222493774601
19.258698448242598
-26.32899256814447
-52.74132781138021
78.77919730507563
-3.1093145038741454
-78.31281573437667
-14.46874381175445
69.18281155596804
30.173956398638353
-4.684378416277241
22.432092893044484
-76.41173127800747
-78.14964737629637
-54.8814488104314
-87.34617730964126
-27.992606317143398
60.12041624507248
31.889564158563587
-72.87249985435433
28.792654091406604
47.326763097924555
0.6233159856830781
-39.63929830974928
-38.367516326732144
52.044442319720275
37.896587293246625
-12.86227633793753
-25.632067278267684
-54.73235529463032
-89.44876359656134
-25.094974715047826
2.247163481984458
1.548433113560904
-13.740538627534875
-49.4859408737852
81.6802910144375
-46.25784000495423
-39.327895235152496
-77.30234263967135
90.25703798887258
61.333261544165566
-67.21543196367202
53.12532778972022
60.37237803445774
-62.11729149724707
-32.22058585348452
-18.28364434221095
-85.2162988864181
-19.410442949235247
58.63811575442051
41.37633350757207
72.77400636377672
44.5499492202666
42.088933777181296
0.38575463638483143
43.70747239761778
-54.95212380125969
-48.16894886242178
-29.798541343308642
72.16075932459486
49.215352524195964
-70.34876554024079
56.1509559177824
74.39321375135592
-92.98760488601776
67.56403773594954
69.18913781533576
-92.84452442717294
-16.471249155380136
8.283265748933744
99.44858556310714
7.458383821702853
6.7992135413105075
-77.38482942257363
-60.12971959563493
-74.76414517821554
-15.516385314081177
-22.848875651903413
-27.56280058825486
-63.58901576047516
-99.28877966265655
15.643221198321271
-67.07412251802809
-14.712929667572453
80.31657391052701
95.87998940737072
14.78847273673398
-39.23991786804919
46.83995897020367
-74.10177523041753
77.29729525848143
7.182630182910586
53.27042170600751
-56.06834048612961
-69.28669004781074
58.36889879631718
-44.47016125536813
-97.96141196111476
52.2708776091504
44.68431558069881
11.314954159534366
56.81879357697463
-2.736883898508168
25.84200374339116
55.758158639603806
-53.368130930131976
39.43985902615725
84.33475126161818
-75.45770503443998
88.32838221622475
1.7967732918830848
92.77134155219943
50.66802056515735
-77.26385206850965
57.14982155390908
61.640211200953615
7.439736003083226
22.114230562725908
75.9839616039263
-20.93315990438478
-51.572853654834994
92.57556034864697
72.08206237718741
40.542514705519835
41.04120371453121
40.520080522077706
-21.809456435055836
78.7239309507518
-43.42573649019135
-57.65163645288989
33.31023068426015
51.891818357010806
-50.33667636520762
-54.97444181513076
59.70327849736745
-86.89553761402715
-2.616987428604787
78.05949011532348
-51.03715910059661
1.2814297185480967
93.83413049668897
-55.12975605488253
-8.334865079167614
41.99651294365856
64.47763841508595
3.08166312233287
62.452267104574844
69.34935544710899
-23.859385372892532
-53.56599407378992
-37.213721497899854
-88.85116318119302
-11.485184925773666
11.711537766864865
-51.54024146675482
-35.0812705488714
54.961286038121386
39.594662535259886
-69.76534281762153
76.33888465735544
47.635679090709004
-30.241129544392436
19.999994379424805
-66.54910565718168
-61.999669214067985
-89.42612972745445
74.94999007246122
47.56214405940008
-7.596954722809073
-7.0003938053719
-86.73400191530132
85.48303043033738
-83.37113395655302
-61.45309955170086
-57.92215709996438
-72.62990235888427
1.8797013937274585
-40.94199517715267
0.900359155004665
76.51885109628213
-44.193376017701326
10.116745742522951
67.10824267903243
-29.310175238386933
-6.8977190773848065
17.47279934009181
36.54192876606305
-9.84037865450884
77.44704571153952
10.296509813272877
-22.81975712102681
33.227605177544945
49.10149276657302
-51.88970633397185
44.142917987889774
-43.406888822177315
-27.879507721356944
-24.8556053741694
-57.16341004541108
-52.626152650436374
33.312065563919816
-48.119350183601654
83.52668009799186
37.882062667453795
-83.0320533137853
70.18339393434019
-67.33962508001446
59.771855948618196
56.48027839176615
-80.295756839567
-32.1116177541153
25.61087650350713
-20.58840057997655
-83.75240650278391
-60.9692955253398
-61.41655444885323
-17.30704839375197
-2.9795623931313457
-77.95828299423223
-37.66675719904378
-97.87009124311297
-78.24134645181252
91.37468000803233
-87.25107577461011
-67.85080181216566
-44.76832640816968
-51.11270119124918
98.12546904867452
-8.003269863842348
-63.67687626803495
-10.490431528424992
-34.264005998383766
51.87825409477247
84.74386339678654
-29.465252731082913
-10.298238379167103
99.90200585216763
-34.83891934872025
11.24595341269388
57.38972370306587
78.07912040513355
-30.193318199123226
-52.27065203910903
-70.86364899984531
91.27980622471435
36.449830883546355
48.55857087781132
19.970771787049713
-85.94469276190901
51.50629983184132
-40.06511400532795
-56.72636716411166
60.81498568832214
65.72012861967642
-49.87679942216987
83.38564204030789
-14.561160052685722
-90.47100242404291
95.63028911659691
55.67779734255711
-45.72696233822482
-77.26414697441689
58.549220613211475
-18.943521367901766
49.05974885984952
-90.21557863971962
-84.3210384805714
-32.28015985828456
37.524896511989226
-78.6261963566764
-34.4106882988829
-23.818623845180838
-93.42586258356384
89.86040702616438
-36.09845435900514
26.81119860662784
-29.25753436638672
-96.19665700273782
-7.086862251389661
12.299332251702054
36.313419136950216
79.70646602357544
-53.12073864287608
7.1092266055843965
89.18311676089803
-36.125715344447926
-44.297475543005135
67.76796949686997
3.8213948764853853
79.36419564658459
-95.92785176911028
59.33173388749239
-45.52772376687493
-44.48506640328284
-19.74718847571168
-41.01742551607978
-41.09261641599535
-72.35021055081525
-8.363070820449508
-9.91155963163908
45.657024328246195
37.48012953815689
-95.97170067063135
-43.654417578917574
-60.54741106561246
-69.25734123482576
-3.750950968132358
-84.37186589454984
57.24730962322201
26.638158173693554
27.182143907588312
35.84185997344801
85.46736083566026
-83.10437788720229
-98.11569100849933
61.38079168655551
89.11393987564557
75.37396701719692
-88.16522180678936
-62.69474776488082
89.37005528464286
34.74710532407869
81.33080388716121
25.217895998808075
34.1794998325164
-84.88150720793767
92.13023858998108
-12.557796052649593
46.178221196190805
58.067953109932745
-0.2623928514725975
49.202933551673766
-8.90677296966247
76.25746008707708
3.2684341417012632
50.59003434572273
51.68629901162038
-96.19966737032735
56.96764099988343
55.01957496527393
-25.299488443436147
-32.9521947520015
26.78622605938405
4.060810792939449
47.16551640930996
-56.812385041083814
9.07975304026256
-30.884149479178078
99.505581552904
42.74251372756029
-22.60091338345805
-18.87951458010187
-2.9677524330041365
