58.43171388823569
-79.51120372112214
-85.57611771903382
-24.3991833254195
-88.66403012969006
74.07617633189534
-85.1955506054201
45.708776740427425
-43.575011284435035
90.35070019725174
-63.798606530777334
-5.845447253315598
-74.0714337090663
71.25134829086059
88.85644999849256
89.55480958232545
41.6103636707397
35.454606262006735
13.194601075922876
-43.05794896808097
-89.51105467972593
4.618497162697423
-25.316054070669367
44.16505072053391
72.0004735859116
-84.84168224538409
-98.42503197724125
98.39582583960137
20.731149219551497
46.330442739286184
96.05259323539704
53.830489151683
-80.54660628739138
97.09595550191631
-46.50445878670484
-92.0117723830567
64.2945320214852
82.14573232104868
-6.375036878224563
31.676285323650234
-49.64647844612513
-22.332012595052134
-52.25539900192864
-4.3777962166674484
-67.80989177696256
-86.8300201085765
62.734407526263766
93.20648115297172
-64.9878330934815
-79.96975064358904
-7.872558637812716
1.1777472880958157
-6.193940270908456
72.06576157783462
-82.38400306105868
-45.846868455277814
27.38760148115655
-65.69597560933389
36.988645585547204
-73.03282187879782
-6.769880918988818
-37.79692286343419
53.26422291798423
72.19868173589671
88.39683234534908
0.5170293473518086
34.4081269198856
-50.93959919850393
84.39770602811052
-97.93957322510494
60.84455067223291
-31.478517313321433
87.28565734192273
-34.65919581655423
12.149543342356779
-46.37855557922697
2.3250998397083436
-45.948092336230005
29.802828642163774
-6.367051778923539
10.410841128476235
-16.38544671712694
10.223100683133254
-21.35019642613392
87.50493151285028
91.05337538921486
-31.035967320496496
78.73616388034893
-9.177085484266769
-49.13331856456446
86.78557228132192
-33.61740334163787
-15.944258392896188
24.43539478486592
96.94943711496998
59.51210719126732
52.08283877602108
-82.88056910623035
54.97339073460776
32.043949883641886
-5.270853451665019
-46.693234897535206
-85.2839283492521
-68.44950730400245
63.206940541976564
21.680800999393796
6.476659330235307
-34.525636570188496
71.36336527719064
-0.6669784260818972
92.88999986098062
-73.61538413565371
5.304918867185293
-15.306626363821778
76.06172770724885
38.523775795719246
-56.52289812343552
-12.503637959459724
-20.399169614015022
1.7608649984144193
-82.2907143737651
17.61514911370432
43.03453804248932
-42.19859215644151
80.26410723274168
22.83898425221949
-16.304070009578055
61.71474028818395
7.696738487518928
76.9043266291635
86.14006753958799
-61.1244067643685
86.52115531552712
4.271148831400268
86.08227973157261
-97.08399263310265
20.591264884372023
33.089305796812965
-68.96767926881422
-93.20262857376326
-47.75233494727422
-7.873637320747534
-81.57929875420288
66.24115983221927
-0.41743626789518373
5.672375351494537
-67.89224338085154
32.123140715222405
57.50531405566028
48.84685370732271
16.673889832625036
16.792718892930566
11.857899584683778
31.884922507826758
-54.15465048325743
-83.59047439993893
94.56651393849023
3.4220969319918737
-28.870308116552764
61.41151863581143
18.44485045576954
54.55208154777284
-51.97830833796311
46.34769103446061
-15.770373104144355
-81.8480031952025
60.19712612325495
74.34105432385562
-64.63226839611842
77.15649197385827
62.29968921681717
47.56944585218139
77.66443360851406
22.799185572320653
-89.98447229933379
-69.93443371458197
-46.45230061126178
88.89291537362885
50.727048590413546
9.053756926447008
-40.106261929281416
-42.97121998643525
59.238461825262306
85.01608139454851
20.564097237020903
-71.38141417403381
79.09065783268542
77.08985609384729
-10.08284458583131
-44.075631631235225
-50.215036004492134
-43.51907824339567
88.51061169191473
49.780215843719304
-83.66861307269502
43.62564517815869
-67.1835264681755
94.48524829016887
-61.88287772685304
-1.8921275182394766
80.74110259247092
-6.935143396333629
40.11336691264705
74.68514623195327
-55.69190945582907
50.47067925273714
39.19145299489898
80.68986630428853
14.536941929812102
-46.95515103916472
-10.686341818050877
-13.695740507921215
68.32583121746862
31.210735836397077
81.47410693787248
-33.294591360959586
30.35602148072678
-77.54143396311164
12.345839796534747
-86.69105701540754
14.746303456896584
-12.93520237182129
-36.31031861629488
-64.6008121418606
-74.66659736214851
-80.99944734210654
-81.19610818490972
19.378972048947674
-49.412036383307154
19.02639291896257
-96.77167314553789
-21.108391340731416
-99.49795714008086
83.11161311227158
83.0562797936932
-30.043255518060377
99.48361750847573
-92.84892110139873
56.64395946670794
93.07315086314549
-11.954555230982479
92.93942723513072
-27.243885374444176
3.7508745075149648
3.893893298701798
68.31041480319371
9.42417265544941
-30.444813948977597
-10.237698575807002
-1.8483724898122205
-90.75754174287329
-52.5630623862203
90.08205686030257
76.99548240441035
-79.33499321946435
-5.789726648099673
-76.28806971823631
1.27270033671725
-62.98613624637066
-71.96642851665096
-9.04683240974002
-71.42472579285734
-87.6198930857908
-7.144060846775062
-77.00740435957007
-27.142787506162364
-20.374112304290264
82.44556748730588
23.51299074808138
-91.26231061667656
-68.74503539425746
9.89442159842983
46.91167540537637
67.94302390761194
-82.07558206145308
34.65512449007855
-62.5330681519286
90.37513385874874
37.70570209598037
45.31180727657792
38.18628957430866
-3.6484490072166977
50.23388374728833
-80.50082040805802
87.12392209661672
-35.28968661242379
99.30349966071012
9.936577052313254
-13.059847778560638
-57.72980395089824
81.38988219845459
18.160952292729164
-52.50934978768309
75.34232627669658
-99.06034138341636
77.74617222732249
-22.423055645967366
-74.77910561367878
40.31764110090273
83.44016292102066
-16.251278648151015
-33.16784732280152
-71.35398067412217
-44.04752431956596
52.02115685670782
12.579525710079452
9.624293242599975
-50.92556774384636
-26.258267103894013
35.75558881928529
1.5992476917374887
98.57472543467901
55.90860631913901
-6.948639344981373
54.35861678874747
-95.39572857832898
-38.11997184364271
-23.08798160856699
-57.5933759333535
-68.37959642762942
-32.15515879008457
25.656708143650064
-8.221681722464297
60.176849019720464
-38.90595747120151
54.299856495309456
62.34132807681411
47.12283435570217
44.45917699511523
-50.775734160367314
-42.52648737809048
-73.45975171739094
56.68043278184669
-86.3442086206717
-34.81215964242621
-39.65902735914057
42.9180027227967
-19.766353497817832
58.01173036819972
88.2131224398563
5.48929817882096
86.38600330796748
-99.16443655227984
44.7930322779475
-34.200978430117004
86.13960308159125
-11.739741834785875
51.36019136291728
-95.71973565364299
-51.0506752350155
-30.174438969673645
91.28649623709191
28.345892400271822
61.588649768145245
7.559336604313799
-97.24163116264053
2.3747532127026005
-33.14963529394434
84.72763984942264
98.6459524551133
-55.84063042804832
9.838736221273962
45.72072595998026
66.2122632618227
-5.758675149970259
-56.83418914524101
60.669344859694576
81.50783241688436
-83.32370360894126
19.216544937910356
83.83425608800971
-98.32999607873145
-99.37102164476363
9.776329850934886
65.87298622752687
-55.2237226257122
83.35225517896504
-86.5668346248812
65.69511922131525
-53.15043261919008
-86.6597854710584
92.46579882114838
98.50414014145451
26.35408536713051
-32.336043296713754
-72.57566942940359
-92.32865498780882
-84.29260409534896
97.95683066951506
67.52755808235045
0.8975655695004292
50.9678405656021
-26.41511573613657
-81.64032989887227
-34.75269374012653
-11.797979120184635
42.48559818677484
11.595538130248343
29.823376524332588
-24.73260997603684
-24.61159367530668
94.67804302118245
65.14766006903855
-53.11627494444413
46.24646187740561
-94.21262113310154
-62.14401968162895
55.69128112208429
-67.47808553686872
-84.08547727665442
-17.921067889213106
-39.42092677320757
4.890955763546472
38.14766690696402
-28.88923524058187
44.955623286121124
52.6566962900863
30.617304111889865
59.04525326202159
-97.19319651550049
-69.26371695865888
54.07855581060363
-42.40219902196436
-97.47360179516387
74.42553573643656
-16.570069643379213
-61.66147543357376
-87.19142909259057
-94.49267860055586
36.04069844365881
59.5410754360681
-30.846145020058444
-51.686288176568794
-61.33884849288829
-35.01643649902854
40.42611191922046
-94.62881147769677
-86.97862300868213
-33.638180122270626
0.6589312527405013
68.39113379548601
65.86447050429157
71.47279052350731
32.05363901218237
17.984989174134313
42.59893408290225
-88.10874556412989
-76.7755448065499
18.533045204067378
77.49315442972332
-91.15176375183364
-42.749259120307734
47.02017455933131
75.53827203228084
82.86179306794611
-65.76268970311357
-86.37880312017543
78.11955952090003
-31.809275288624335
-27.171507364664137
-0.6868432550449768
23.735350957839557
-87.71248586324813
-55.945499613744374
56.59079867556463
-85.80403733517636
70.07446482292079
3.9902213409935428
16.639148674678324
-50.69270839388438
-80.19359159950419
68.4626490917467
-17.457435791633188
41.623619901673834
-80.76462058487755
81.21570674849607
-93.65844369295742
76.19114030572197
-8.461010656227728
-48.78906345399936
58.74159422859526
96.19890746844152
12.114147922411874
-60.461388134138396
84.44149449351625
64.88604437051353
26.38463984876533
-65.97793962513268
-31.26631596275098
89.38789634574923
23.599260998217744
-42.53498974138825
-93.21467481234258
21.42301935446052
96.01264629234225
57.252046576300785
72.46871703323802
-77.99190795274666
-94.58782919121698
-74.25581347713614
-81.82443880236995
72.25632301670726
-77.09003084672146
-12.629898374968107
-82.64932906194915
-63.76377716472958
-36.04254454059757
62.44139793095894
4.473115765497894
-34.41701113670277
20.599589670089173
-80.04961560728276
57.41577748937226
-13.145875851044337
-92.7170917922639
92.68200149444775
-36.635586307405376
72.8184517067061
-43.496995562851204
-76.30257850511592
-40.086664393397875
22.115668914994146
-56.98167415613196
31.114903646982924
51.68251136828306
-69.33301743621368
60.94969325331638
36.212096856525676
10.177623520036462
82.0118952860334
-8.507012158465074
39.17702253360099
85.26040215068065
-34.2371588920567
62.471362659711104
56.60924385716183
9.885343740136648
-91.171791791023
92.22308542668563
-41.89752666290985
-64.29762435970945
49.63128494044352
-14.235124209079217
65.56655984477172
95.32190668162167
-68.22339134068467
-88.25730617830527
-14.339692090677715
29.16451106932709
-12.702847805868316
94.32207730383558
26.128764431899114
-77.67223050702094
57.835970882635166
34.28291243613509
-40.407303847696156
7.6498219561052
28.54866369284892
91.51291213981003
-97.2618720071664
-61.78340756342069
-25.027085732289535
-72.43553621038654
22.4860942075438
68.38857889971723
7.097015943453002
28.033548801316357
22.0650397607546
-78.93717599363652
21.66128023928229
-57.634259452194094
17.755961101834956
-92.10844505611095
55.60948555673454
22.017188881551903
2.2467291387361428
-81.63410462821071
-11.82552296912587
82.01522179181197
48.479472533267085
-23.480462264930523
-48.74710890752934
-47.43933509301434
-88.8148974166882
25.09925450362593
79.48165912027855
80.04708195027351
-85.64229137052936
-66.6211217515341
68.13754939507857
-25.006192918593825
12.370885793126178
8.979359511442311
33.93678747848506
-4.59554647285367
-32.59501111304621
-36.69630120744047
44.90746088745482
96.90590640722311
45.08358735952939
-68.3569619058114
-1.4653890899896993
83.05541344133997
65.74225695765753
9.38507110333407
-98.92492418686602
18.235471685184848
88.38791906180384
52.66700026470113
-42.61791274573656
-53.63222595575687
25.01603741889828
15.005517428224778
-35.72160585633317
-60.06558869955212
10.207593907143448
77.75396600052488
-23.873271998872838
44.69920077620901
-64.29354481743394
-64.86493468199797
-82.13998199709812
-71.59731404430514
59.341645960243596
-74.0075485745646
-14.58371007372834
-86.47489798194611
-24.7354606461291
89.19230057790858
61.9720612824633
75.11326594644245
-70.75680549031986
76.73344134128882
48.81615866721626
-52.533188359748785
45.59005980848454
80.1331910970589
42.20041976713398
-41.15720212988836
78.08304714795119
13.894724784191354
81.20444708046992
-9.406833348122106
-58.47256599653037
93.55289964641963
31.18272994657724
-58.27259224487198
-36.06596470115089
77.34351506166058
1.870317187115063
89.46653492472566
6.641670680046261
-53.264680920335806
86.90205620405436
-25.78574774980558
-84.26289760845435
77.97728880609398
10.339071291221671
-64.01755869845175
34.73242871546475
61.28825869996953
-52.20853812619526
-67.39337363175284
86.10641293015931
-55.83159146408172
-10.625252832883604
-55.99279242782478
72.60128615743866
19.306528835377208
-86.6991500390996
66.02706374107257
67.92282958906651
-23.796476895289985
-5.042657137302541
-16.91645674700743
52.6837908819206
-81.87866847706282
-63.199774794650864
-33.80018533461025
-33.78014056886268
61.316285399860334
7.461985771626601
-94.84838429274652
-26.05208225728039
13.476045822419763
63.50823326256344
85.24326621879948
-91.95622333933369
-92.54844430148013
10.363013587834487
21.287279211198083
-87.93392921113879
50.10082540400751
-96.38341995024196
10.170869545651456
89.3375666006551
-24.47383492036606
-57.97664834440439
-49.59086787887914
-90.57784133225202
-81.31648867757491
-72.78693280129687
99.78072126646461
30.11607451789817
39.61702864634839
-31.730544701361097
-15.809109024260607
-74.7240181228424
84.13747393046347
-66.09581747301564
-19.199921431284864
70.02168155331907
-27.054284876537537
78.21587361116784
-18.454715877089868
3.641831748144014
-21.057371345458066
-7.332053860606564
16.084943409462667
54.64160797131055
78.57698648186255
43.33358295351243
-59.918995715677866
93.57974492853035
-60.262447473503485
-92.90267594625394
92.23462403784856
-91.13570278703533
79.02360458933114
-36.97435473442003
80.56708984089946
88.64062834496283
-12.000400665029147
91.3116391422964
-15.247283758771431
14.21296492909508
-24.276292219216273
-30.142733918585947
66.83626647022086
29.259192455435198
-58.45288407208324
61.06237068142292
67.5256732249799
24.333985734180175
-42.89854311313066
-53.02623665520294
-41.64974742958887
-50.461366180984356
37.020639086459084
59.13110192216638
53.27702639095341
-63.601727847888334
-77.61479307225947
-43.374508563694825
-0.7667558473615372
-15.657210942247232
24.091670585402184
77.29143329232781
-76.79044961949472
7.05689674991423
-84.96155858648096
-45.35125003405729
-62.60577044765336
-46.109994866834136
-20.973999977446184
27.351932574772846
-42.50443307593894
-15.096481821520854
36.13376073246769
-47.06890549701521
-75.84489105299197
-42.15782187779713
-0.8999526405181371
-83.89545610518215
-85.75491690780623
-55.74907538019873
-63.56243745765906
35.8865203823116
-22.984622325570612
-32.65492126458811
-34.5053521181716
87.68295756292545
-90.40414424934337
-77.89371659199604
-90.8626943637305
21.322853113700674
-61.94106014663576
35.84410571245007
26.767524152416684
-67.49183346935128
9.210056814908143
-49.83752962672132
-89.90458626378069
7.6945231132927745
8.926222688689833
-66.99110782198812
23.12708096150932
74.71051976253943
-19.51428822230929
-5.885120427548827
96.90649403199663
-1.3286366084865904
-11.775554117027724
1.6804770446192236
-84.22305063413032
-85.40868054645729
9.663503385569243
4.772451966253314
-36.779343263411455
48.16098601052374
72.20963427498677
60.94771348179165
-28.39528353815723
-31.19407311177467
-32.679546677869254
0.08141490082790881
92.19334702228929
-67.99479055988456
-73.94683173318609
69.17960326787022
-82.84943057872502
35.59205464277767
14.630301972367434
60.25451833364892
4.191202303988533
-55.87814195405094
88.39213311598732
73.62395685898866
-84.72561172856472
23.722931405999546
-8.251762490890655
-4.744873085295893
62.99470143144913
-49.113091296284054
5.737158094611331
70.79594388868585
19.06371443096222
-77.72115146390999
-30.98304374391614
26.493896489758967
26.691709615048836
88.748282662522
94.58021851030972
-36.988016776480734
-74.49269977321298
-66.25955220976986
-29.072720877581816
88.05222639125532
-19.56399486394929
-5.2685405221860435
89.29630714325188
25.911371030085718
67.89820086532771
-42.428537434612764
37.74118348617509
39.75334216274908
3.759838887160896
-32.52297685113142
-82.39066634141639
68.37677406071703
73.81906800028383
5.56051421417871
51.73632627428171
-15.431679235349634
-68.23709124001161
-42.39603913439964
-86.35559825219379
50.91605174655734
99.42244577873944
-59.277785485576786
67.01413816043828
-94.48772854968664
82.72761783271275
57.47144971248605
-86.29075355495723
-39.453560438762246
69.65927650975829
26.962388863052837
69.23343332251557
-17.486528148167537
80.21471511612194
67.54032131626536
-64.22511250711074
74.81595821779445
66.35908506163034
68.62386402664276
-76.13539022062201
-27.26584144556152
74.90271968424682
-36.26563006310333
-73.6608717982288
69.54381454730657
87.70058898385281
68.95092760987407
96.11942446295168
7.9323956052135
61.10279572069081
51.863085875725375
-0.5885960282044493
-10.394200893809582
49.17346037950682
-14.547582070836413
25.284110976976535
-60.130238599763764
-83.72371002523823
53.59222905354767
-90.74579532715552
31.96633547279734
44.36400841514302
80.59561278739676
20.638978532242348
22.048933546423854
-84.42279074972492
27.982940011062112
61.165917094923174
74.68256218723434
95.65891778584523
34.71687267287538
-44.339788243158736
54.1598311683008
97.01356915328884
-56.73325964073168
-18.06906111949968
44.155616641314765
-1.0754812505870746
19.632935810541724
79.35295170829599
-63.87813347762466
-91.86410795343392
92.22826737515226
-70.22864693971749
-15.232257691350753
34.10400560236758
91.38269675644318
-22.420348155531244
90.46630369824521
87.39200457140623
99.38501075648168
-26.247619145218266
82.8072527452369
-85.01017085110571
-12.474929536257463
-29.952302495074832
86.79759600923424
43.171114766838116
-34.56149806713074
12.552029792810472
12.324085650991961
-60.177243059377815
-30.008846131831902
-71.5062760943651
45.38362175820609
-1.8203215989914412
-70.77345609877224
94.94845679050695
17.230663335064108
48.00107464053045
-28.552362553366706
81.13914610491011
-39.919592902910935
-31.47529047005399
-92.42385287679295
-17.774666946497547
-91.84246882363472
-32.773762214153976
44.91068415612071
18.100028583861928
-16.830793574793717
70.282550614906
98.53696139026744
-77.0115534644571
-38.22411406721049
56.197614939079074
94.82148252898978
52.185415186761105
4.887936960392665
-4.023333820914814
27.923890255914927
61.380606022416316
-77.8124178225815
-25.98828398531296
-64.75132186243331
-4.059642317554875
78.18554654063169
-70.10263001759881
-20.428013165916155
-95.61681614176167
47.15351710092804
75.01835639421125
-53.2612650184642
-22.611290108330365
16.922093983955705
-66.8144256795882
-9.702127719771198
79.18855692986654
-26.14767683965782
43.384431034981645
30.720834933508314
40.62961804594107
-39.742658889197436
