-12.22827677944413
-64.46793482285426
-95.00710964833061
-28.579781880790307
67.77274123974058
49.861333275945526
6.987359544556355
35.73262433275826
-37.12731674606928
25.629254227556643
-88.4166378578573
51.58170802193183
75.4330847154024
-16.291611596922834
-49.59009709864053
-94.66273483004986
-39.764005793534984
-43.64574106810426
-87.9064532357124
43.195387804925986
2.0751969378534483
-54.320734217014596
88.63124119044377
-29.199299646366867
68.41941621773341
-96.76538652356813
78.22412997466239
78.1605999261123
55.07072141005182
2.1117321451346953
25.735766110765738
64.62997233503657
60.94261668329176
30.72788022364321
93.55335410745471
-49.05994444624435
64.13036335175661
-44.63465827523483
47.55978164820084
12.90643629727677
33.22593157243489
-26.064983706712212
-12.782664475908007
-81.66481483124907
46.667357806676534
46.27251505177696
-53.85189124967098
70.23223696632118
20.619963881780137
-44.38240682709365
-1.5898411846323484
14.757595986938782
56.97859563173745
52.54650118257996
56.03878105333578
0.7665464602871737
2.940690507697667
63.14255529722897
67.74953171158373
-56.04092416929649
-98.74478853544728
81.58515018815592
-49.83831882593628
37.16865460115619
-86.52894610361321
21.999575292855283
-70.11991643105564
-46.56647309130051
50.78715248727616
8.29121306601391
46.585600037833416
71.29620389194775
92.15934396243574
15.411284385560649
38.56662632222
-1.768873154698781
1.606128100550137
19.148319000164165
13.169948652209655
80.35403042825533
28.841058374386222
-39.83190611956147
50.38733891236555
64.59203876441205
-2.7675694478811295
-21.615389957165476
-72.46717283455821
88.09437828170798
60.96794845072898
-58.80018596117003
-27.19149106617367
88.06472259998307
-81.0308854508732
87.72489811067078
-46.21144516950384
27.49984315401703
-96.68544521234375
22.112146749210453
29.224923375081715
51.18235553785266
-56.44434080959453
-29.119059272599117
-45.78275867087238
-41.32639575352428
-80.79875712489812
23.287507728375914
61.916238364447565
16.58559985023558
10.334815924884836
81.64431333275013
-65.43572362784712
73.07608804328169
74.57955576980436
-28.725181926834836
-1.661312651039566
-76.41492774727112
-72.57667723084464
-62.804558903841844
44.48507616366305
-23.803384731637593
93.61548878809029
23.08316211724268
-4.101812024916512
89.56758338578618
41.67428143180865
79.29021749555864
-17.47015613966441
-96.79609215675012
-88.33600408445712
-46.872469565337305
68.72018286923372
-20.68514846387805
61.97935517577295
-31.214873251915037
46.71717321138743
-78.00148948178554
89.13034574919638
47.74619769069267
96.65050088261299
79.58322342552606
-89.0569765795893
-97.9161769253926
74.40958227382083
-17.062738310948063
-74.12398798307625
6.2231981040707325
69.57764295262567
26.085772181200724
-76.11118591813371
-57.46596620448621
6.640622722730853
3.413856288758126
-5.718139077388145
64.72684760448661
62.89201348925641
-59.978280900245664
-13.513093298755166
80.31969851193031
-78.18791012694936
25.112683840517164
19.709737910640328
12.244292174698998
80.22635018812349
1.4493067974424605
-41.97280081077843
-68.27144618079703
94.02272009390262
82.34911814808933
-0.4426200513189258
47.41710888673819
99.8472134654896
-24.234752874822377
-65.29516075018387
-97.71363420002734
-91.38702429400868
-89.89433790452523
91.45754057476853
9.452394467719188
-16.552512680999016
-99.02213698184678
14.4121323988129
-17.939857347143345
33.748816679243475
-40.060906978027646
27.41134447027342
97.38489995244336
-9.907432192227844
0.2799640084871129
-83.50854869997353
-80.31700955498184
21.980499289864667
91.97554812645004
-2.5166437682125604
22.16931969417861
67.24791754104501
-5.067732627531086
-0.7192823724034412
40.61869501865556
-23.443275470232322
-77.4579843963953
76.91257166497815
51.907269654046814
46.038334261695894
10.59501604756376
-99.5085180078075
58.60048047628996
-21.85204373306506
0.019842423605865633
-54.897307194050725
31.407047794537192
-56.4829533938118
78.04058915933763
82.65313047643698
21.5501347623714
-69.45496928425929
81.7338315341629
-60.00323075688665
-97.87025837400381
95.94070865587656
86.66224692603058
93.16907287615985
0.8290904532640297
17.037436796417822
-92.44803291960137
-84.44801114393697
36.04616909906986
-78.13782120469239
-60.16721753921974
55.66647066623992
-87.22279863138206
65.19198218856687
-89.08990698818486
93.6201963841456
-46.681847258050844
48.728132814581585
-95.42194349240793
-9.014135347008661
40.333042750032945
19.184495533735358
-33.91844895304355
-32.84350398514637
-95.39906219222051
-91.77001463325347
68.10126541666307
-49.017954591094856
-44.95226584861993
34.304025149380294
-2.1897840732596876
85.05892954815221
-79.16998016257062
16.279079716838908
-24.895399522910395
-68.54571649060428
77.86098550121028
70.38341791638172
-17.34297375589729
69.71130309709707
13.067955016070869
-0.4904347466466277
-58.531164948751545
-51.07970366373369
75.1898739446444
3.9072358646241554
-14.461090559944708
99.20313620853739
68.93449510497675
32.89785936361838
33.0297672489975
79.0118120375943
-90.07712452549099
41.26003001332455
-1.415250229265851
13.499106714244746
-97.51616691279142
13.309520159992005
-27.279259535076818
80.65105627750864
42.66900143465517
-1.367576206569268
17.848508610209862
-45.996533058148145
-30.730648453050023
42.213345238081956
-30.7334352149975
31.34302416969362
88.07516913710026
87.08070481539508
-20.552485060528554
58.47990672601355
12.043535843252613
72.1716437955325
-10.465181942451807
-90.07971558177958
77.42244951274918
15.504130462035732
-21.603296192096465
37.63412174984083
-53.280904565931664
-22.321605147731788
68.06785656434522
-11.096435704362918
51.001866754439135
-57.69731002619076
86.22911595964274
-11.495349260363525
88.85562087028927
-90.83424671037193
-71.15434389717291
63.39162817168153
-53.91663653383772
-72.56872084888799
94.18323368245046
-96.98283180748473
42.405768078531395
-23.33656738413694
54.72906225342629
-54.29186662741796
-30.70194363553516
60.65797778867966
51.459635021988504
-46.04261324827712
40.31573751071949
-4.422285897564876
62.92553941530562
68.28778400105406
5.096773847581204
9.081932051812942
13.856271198031251
48.80029632744842
-7.202960467674842
8.743948386222826
-14.46328589977422
57.705709946672556
-75.41063171198456
-73.31250761022108
-74.5696407788564
21.773717279311327
-23.48819426394806
90.790575665848
-83.64317535182128
-23.69692240298717
-29.698486461409516
-77.68381141437129
61.68528296650257
96.22967286469122
-6.086299942014946
-56.866221647283076
-94.67195400480122
45.80130788590776
-28.960318867843142
20.41766614561331
-35.120476884240404
-66.41508952871936
78.92679787621469
-61.54124844167288
-62.631842226543014
77.27336940016508
-41.41769321004969
-78.1450084179481
-22.4091691825723
36.81813783973712
-36.262108210661445
-90.95509288175163
76.23590042070748
-77.8102276518958
-6.964349935958538
-35.422392789403204
41.27264809253032
-67.13474869882567
68.34063430709901
24.837966336655853
6.53901096206657
31.89683925362604
-31.464906193975636
83.36037279607402
-41.417515587866326
21.738957020631574
64.6166126900765
60.77132547538443
25.063545712021764
9.303712549699043
23.102405587648207
87.01605882233468
-18.060019748642603
83.31181969927584
-69.75537239747598
94.71471192351407
40.92925915617528
-72.88651808794107
82.37382747418275
83.49699471410813
82.85887832545637
-4.711090483658921
-49.83348483895795
21.039225096246852
21.577381988212238
52.7548314432166
-39.43133779285872
93.01820696662628
55.61329435419938
69.54232552147636
-98.02569096675245
-37.6205147171516
81.57144856563718
-21.765798909505094
-94.49753892686388
6.308695577797252
84.44723995986587
-76.89359927605622
-20.57038062427172
44.91015135879772
96.34160333699384
-91.1813803730094
-10.621327102395071
59.0045614102018
-5.888378313661974
76.71429635747964
-82.95560841154814
34.73658497068902
-92.98306971145738
-52.84183102931477
5.667744082254941
5.857568402707173
-68.06119947930287
86.58637704902057
49.59927484400765
10.887944040573473
-67.59194239079096
2.143693948581671
-99.5183992870307
-30.613243272882656
-12.073686362279375
86.43933451404456
7.738142941510361
-96.30837962833559
-39.335517959135835
83.65880577727413
-40.45105527922186
-56.16764372739562
-87.49717553631355
-78.9167649184186
95.9968404905238
-3.5049314709020507
-33.8316199151777
1.168959692320783
-27.689032392073656
84.4305700873098
63.14810235504953
61.68737400493225
-22.532926705988515
-26.395252547238115
-59.85684540966374
93.66085921664762
-72.30757955019234
48.43636140023341
9.707651500284342
64.3231625326134
-83.36163041663707
37.962230384711546
41.622430749892715
73.27598570694144
74.47460215504046
-84.01954984746854
-4.1368324639563525
-99.46524472429712
-31.65848047256526
66.36543883618782
95.8482209531436
42.79219297998219
-46.10552366142302
-26.871224276125602
-11.989875331111804
-56.25386659069147
-33.89543423321446
-1.3717132742621345
82.80676087891129
46.27612553853305
-91.2051696473962
52.27012118468548
-5.963938923241656
-58.71506609867241
96.0564442195309
-79.85928978550916
-24.856970673944417
5.106715550050751
-37.94444685279137
-33.11704402227964
-30.59189422709852
-69.96572275999257
-72.74305227482549
0.07202036525121969
98.14652896706599
35.48693702016047
5.819450537130621
-6.410174779973971
-64.51637985818581
-40.34646222545302
-3.46276824649496
-6.945792484017105
11.078740824180343
-42.930496996873615
68.9240381174202
5.224757950244523
-8.436935952915576
16.652672846902846
37.96427473853558
-71.07559282393743
-77.23992050093159
-64.41567613567085
56.13812637343901
-9.47537476536992
84.04344428646743
-16.955396356812088
-8.087666394248359
22.25763570007379
65.27124906929365
27.54084128490915
-5.916290341996827
33.96424040717136
-5.872896001904422
-59.02181540411486
91.56114797255992
-31.247439806475555
-59.738026696695215
-42.70571631048381
-80.8330608139479
-72.41285276464065
6.9811798482629825
-65.17577721231248
-83.17864795124248
-44.74272157670101
52.15861545353232
10.22073608928153
-76.88774551353302
-88.23710330697577
-47.686821085862086
29.57647887727225
25.704383388697963
1.8175587034235718
-17.631548796679937
4.345002319148492
34.55366591385581
-7.190830804071496
-84.24427090342633
-23.17192670044544
-26.859237005092766
6.111562855001068
-49.05086797965139
-71.39020892507833
-11.868138322932495
-63.48081448803764
8.459078347614053
-1.2056498865892848
41.78188291097547
27.16153451074645
-22.432914503042255
20.036645197355554
92.35381915981662
-73.4072918116186
68.69288888552504
-68.28121075872392
-20.688674856041374
98.86600290841596
71.4027379917002
17.657587171567286
4.522763698172724
68.84522058903104
-61.304809584505946
55.782395943500774
-50.179338501313666
-20.45621556172148
48.80710440057962
-94.10018062678094
68.94639430246329
-4.879252924874763
-95.83401031781578
13.195467606980003
-52.79788804339667
-24.871456309483705
66.17647425941982
37.98800780831303
-69.6436202757365
85.42591502783904
33.86322260612204
-69.25115669774897
64.80765568663645
-47.218346000892964
-75.41230348556762
54.85961803349113
-56.22068340332835
71.54770718995087
-16.965231300513707
10.025798797513843
10.099776027426842
77.32507634687593
37.0761255855754
72.25335738635218
77.07923791769059
-50.98996883440816
76.50520088012172
85.1786446282106
-98.97262385281347
67.0195497692016
22.68337096222575
72.48123953068497
37.909070645702826
-88.18677070801424
13.014227745960127
-25.56964587184487
-28.949791919435143
-9.332982013930064
-3.710019977172834
61.60626748750636
73.79776769486779
-54.52577571316848
-74.46671677423062
-15.097423595742356
-82.20829860405337
-10.384440421264742
-35.866635517995405
97.3734176582754
73.65797442060222
-15.404460035245563
9.961326766605197
-45.991027092538815
74.64362109024862
99.97859285031998
-85.97144207345715
80.4554362431897
-2.19519959981686
-82.58665355178664
-42.9128863008637
-33.63619052142322
-8.384080332061146
-76.39659854141001
-2.4225298586983968
-33.70810971419979
42.60317840313331
-31.409635041943716
-24.038041408955294
29.70796993004953
32.93592744191395
22.6807249733463
-73.74473541182437
36.9809388573496
74.23174126627103
-73.89101321021849
26.181858135455528
40.573886242508166
-85.02845832093557
-13.720430378228215
-8.093152796364649
-69.69242735604837
-82.67694540378739
-26.778869652168964
-93.70893219240534
28.1578155103675
1.1373323087554326
53.145861661065595
-77.3000013657908
62.350320131940066
-74.18398025696371
-30.838516611019642
-31.685639970417427
50.919581797406806
37.56350148054645
12.380495398815938
-27.105752338612092
60.047258188547204
-67.21676258402005
-50.18473077840917
40.99939940357672
-53.683573382290064
-6.007978892556082
-97.89086702157384
-48.81767432150337
-67.50977003923815
43.595477854530145
-29.61714711648837
-96.7611503837379
-18.3512820729145
16.906676839780005
-32.50401851405695
-89.40717403067873
-6.35616872815838
79.26740600484015
44.76659925515722
-22.381864597625793
-29.91321571573802
-15.181855779398362
-18.93019584884567
-58.96423174179035
88.6463767891832
64.59265464531774
30.75889194300018
16.089070222620222
-13.825224488345683
98.777957436127
-68.32892317798091
-70.15916226236214
47.86416363259542
21.579010601449028
-53.3699334629113
29.565247238284428
-3.798424809370843
60.30397976327265
35.04912526204478
-0.5344269711603573
3.511833606657504
-73.13529366985398
67.0419492633722
5.180772759721222
-9.913536845233168
-49.909063535065926
-43.535702883781035
36.42804565680149
-71.5839384568786
8.136358990748718
-45.48912736638373
-36.078898983011264
27.719984568312526
27.426111770965676
-54.86500222344925
-27.924195521736863
59.53291454528505
14.995647342653882
75.06810531082732
46.12148502077085
-46.36133528103987
-19.340980603106345
1.074046352239975
20.810985871195143
-87.93090376048318
25.733294280813126
81.55780256183724
-99.65804447663547
-17.079267903501673
-76.27649121379514
-72.9334990401517
26.862144447656334
-68.64826945390203
-13.924635279483539
89.0222656768646
34.7747264477357
15.301640552076307
16.858677255863697
-1.918819092570459
-14.163590957024468
-99.97993994062642
-77.96767502843701
4.598453270059082
72.34576508836344
-17.6347340552162
-19.309184139454217
52.4854512559113
-56.07641844575997
20.874041396429476
-91.42930126029665
-1.7977966135804593
-91.69307627054451
33.927954276035905
-42.48305679725875
93.48487931143674
99.63800485156906
8.954329550053373
-50.955095435467435
-85.21340272167012
49.45006128571242
-17.323461119454436
-55.0987593951618
11.056100692131764
-57.54256922968231
-51.832812569503716
47.177364349386096
-96.32597642786911
-32.6666686266599
74.89047144034856
-37.72953926371754
-55.94361851873404
93.35197677042021
-50.42803133741156
27.056492247457896
-82.04545923995418
-86.9615864561386
21.71007865875407
96.0981357770336
-63.42140242194518
78.26977146503737
-9.409007189903946
96.0599100089938
74.97690957803985
60.710577027432976
60.377394484690114
2.591899913959139
-26.538688987617746
-73.05234028151196
-58.50789887176519
2.528709384192979
-61.51308258969912
12.568680901922761
-42.8284544515878
-2.5576250502215885
-56.242903245800235
-14.558788878154004
20.785835116397493
64.5213919398586
18.33448884066948
17.99050933016713
21.555662675107044
47.78434447126784
-54.038697583834306
36.737272362265855
84.01813294406452
-2.750340404546222
-62.76452203233029
-95.27642744695164
15.608176992261775
49.769321841003034
52.844887698402516
10.475406692895348
65.55103547040338
-51.87209254620952
-1.6036347188707225
-59.47655078017859
-83.94358407907323
98.66258331357483
-35.72409429788472
96.91185917554108
60.27556115415558
38.24702681708436
-23.8489409715052
-96.75719322806717
1.729650618013892
48.244998225003
57.25277513818227
-97.71907613858477
-67.59153009918805
-75.08655183106015
-12.548389976525414
-85.77016764815886
-14.562734134872173
-47.67584529360083
-24.33879694387319
-84.17430072540013
-35.898406936494936
59.78467986019106
29.856029637135634
-97.99684685803524
96.85306009949016
-32.567818307352894
-86.19666524239909
37.608173555423605
-13.823910938042715
8.7506217402658
-88.44086097490708
9.83564813700626
-14.69676640224992
-86.74378975032792
42.979846351472304
63.41604329330198
-31.483572656623423
31.690620326067574
95.91730850473593
-87.7564264828609
27.554332818010778
34.46731311588806
-39.23816117473302
-93.30829310549913
73.92851876793125
10.036228192442763
58.38774881671961
-19.246622252212077
22.382145583262016
15.668775294547444
-83.63375241497641
35.49032736332015
25.269086773122652
-70.07714783353086
-12.450850978378128
20.46951253267646
29.82669510672008
-24.731399566500528
-44.489706465579594
19.336259785425483
52.47236450979068
47.63669893854694
-99.02239749707927
-52.07693249726979
-22.550473822866167
-68.01304599642854
95.853473765611
84.58916161955995
66.0765394497761
-34.86793556013225
-70.10735128043333
-66.05701928709718
-3.8092419087756326
-58.899749773657376
-85.66402555909814
-76.20978412765662
28.3648108134862
30.893024506977298
-26.588965537641897
-32.901406523971104
-33.182682450781016
41.30683862322476
12.065818644994138
-8.663301106471778
-57.54699411752724
-19.17751252910918
-20.663327323145126
5.663036333414723
-94.14444107308609
-56.77719131971062
-26.572983202384563
-58.75862280172672
10.75638395173442
-27.352405071369915
-81.49246164826013
95.78179208810994
24.058138431937863
90.6490880885031
-28.478567274354674
-2.5743947245849625
62.31469621629634
-79.11581104416632
56.63527586006833
31.53063703265886
59.87414056411805
-34.86714132009038
-8.384450316085307
29.069244795960145
57.16652920270758
28.804342848105108
-24.255965812763307
-69.26497608313625
6.8780903022964
81.32276843208041
-75.01089515882026
33.59834829011439
83.12238818160941
-69.86564538260342
-63.172672975911915
-33.62418826900577
97.9491364248072
-12.943269602567824
5.562155588473331
-75.84665202040266
-36.93233705574299
14.92391117285041
-13.463462232902842
52.12202940973867
69.51495485196494
-8.145294478980006
6.7051301343432215
-12.807450358634782
-91.47939816427781
-1.4656103215578042
64.65389043316412
-90.54192099883296
83.00640359020645
93.06722439372035
0.8499956080241731
-92.5785794606849
-68.09114061841919
59.15871471623632
-74.86783074756787
-62.280436255955074
1.700980398430076
-76.29254527699136
68.45631656649428
-23.80620975732677
-81.37226554960401
37.250096514898814
-64.0864634658962
97.2897741041904
-94.55113400486901
-6.752314862832918
-98.95930060228193
33.6895538712138
-43.824473307878485
-37.803458044816374
-54.58265541239471
-39.335298791371784
-95.39328719565626
90.2394174244017
19.09198356375053
3.2969676947415536
27.13585761530595
37.20474999459077
11.126568003013105
-21.50922034765499
-83.01019003034091
-80.99988546357501
-49.3251944009445
-73.7706264194184
35.73598740931766
34.750152601882235
-53.760859410520844
-88.18284398358057
