-27.15205383432462
-88.26626895403604
49.71411980953246
11.307525661083801
29.966530200861143
-74.1273485667837
-78.12941500043777
-33.20586852110682
97.66303302316012
75.53839932402249
57.09191048635881
96.06243136214266
59.48630421410803
-80.92748400578245
-68.51375004285778
88.33451264318307
-98.78858330021261
47.436227683122524
99.02178822401541
99.34814510628868
31.683536223364797
-43.230444734586705
-51.158965963210164
36.65105404668384
-5.583604154351775
1.1580597699452113
-43.91142244631219
54.441999802824284
99.86336051300404
16.30388028879119
-53.352103847922216
6.3808888745768115
-54.15094430151972
6.447297700229271
45.120835422043456
-1.9045245083322442
-81.61733753067739
-25.835758173004947
19.820468870291563
-93.15584314486594
70.37279489372094
11.853053276513421
-79.62448075279258
57.0025294028672
-18.308697787017536
72.80194697711826
-60.92169903512919
73.40548849602862
13.737458195835274
-79.31531629539685
98.18609854207403
4.2635829649633195
-76.64248570917718
-90.34287794763272
22.54804578747394
42.965037505839206
-52.49268664691839
16.128965411398923
94.19841926680408
-80.14930422691677
51.08848518277233
-7.248889512206588
-32.708752373888345
-12.71817649345519
-55.947155816444024
36.32375681561825
88.48844253326317
53.60718469163854
29.90681100982016
35.93817213138135
1.3877323500636862
13.898269369718406
-53.116599512600814
-81.33046952587762
46.16975612650927
-36.845855316889796
-23.192218367421376
-74.32691616673573
22.66803577996677
72.40272288458013
-95.0605165093662
-7.632091602511167
14.895484816302258
-35.91889226065199
-79.0504178978249
5.601205260109381
71.43519909977067
-92.19666089947145
41.33515492964821
9.839805557730188
30.783919032627608
69.46248012281407
-56.54961506339513
52.988252431599705
39.63392012313173
-27.37615230175929
-17.43933958836344
-36.23851689337152
57.40284127854315
-62.719872193110014
-34.046857933123675
-56.35890148326976
59.68921994025183
-76.94863775975975
12.437336452766118
-91.3225145196594
-43.419637009867465
33.0411861200557
-66.34244295285494
67.33661973387146
37.35371286319614
-83.69761707248279
55.28034810340978
5.323647395036986
31.294139061425597
-83.79329862428924
-99.37944219705473
-69.67073235885661
99.16551110272843
-46.93229862491606
-66.14733635760119
94.80101984795371
34.556890512273895
-42.054961667942116
-99.49385161410503
55.773313677833016
-14.847596979880763
-80.69812459650451
79.14758515710338
7.638916101248313
0.3810806938316915
56.326667395239554
40.41212987729736
-54.92577498238403
50.95711598505898
35.10240529811938
-13.470369459382695
57.93970855517236
87.40835311344694
63.387960137805806
-47.53635423050149
34.62905937062601
-11.253455698097724
63.00677415913421
89.28779033305273
2.2631791629886635
-68.66498673363446
92.29442212989
-83.89775451205288
38.01392129011802
14.026285599902778
-68.92740690629833
25.568687925190872
59.59564343639164
-3.771737050949426
68.6614677416054
-36.55057329768552
7.731826845278647
-13.378405631259469
69.3359803173528
-64.52436193861209
64.28587273345826
16.14463172461707
-7.05608343169466
50.690101069311055
-49.718767095685436
-27.239128766367074
19.09515375948085
-60.089798477312414
-74.20267253097943
-29.481932714745724
-39.73732659514619
-64.025529570558
-66.54775012299507
44.74803754034164
-82.62828725012048
17.016991681409777
-97.53671516918936
90.14603070108907
-43.50282586186025
-5.068981094847899
-5.367729334167308
-35.983421783255665
79.52466639655921
40.168863109495305
-90.05825055335153
89.02621419732196
53.915345784403
-67.76177580366021
17.425800979732188
-44.5425585406829
-52.22847461193454
-18.560686626285076
-93.3913734555835
-95.51434851907756
46.686585235421205
-30.52747906288043
-39.50213365946029
69.47950202732272
-40.27513067395494
50.13999951888425
41.11966774425258
51.750354261512314
89.75488095512193
62.130068695248895
-14.834492955896494
1.5089626311643798
92.31481062899391
-67.47234297752746
50.03127238036379
-0.8795623792983349
26.689278589979693
84.26046819828491
0.5820481862581488
-35.425894845938146
-50.35540062936039
-98.75392739804363
95.9329020019876
25.427511153058575
-9.861358218725428
-28.547279573882236
25.161795423546906
-50.9234271812627
64.06424618583839
-83.53414301700661
-70.42154771330762
53.91263583486071
74.46397315128067
11.114155394404108
-61.54784550604979
-20.222909724188213
-28.1792247117218
10.561758062482383
55.107324252710896
41.194439169654004
-38.61333900972197
50.27443697649795
86.25983842595593
77.88294327362277
-76.52529536446588
35.752268973960355
-73.16194307278892
-54.72935987452154
-94.42776151519242
14.49204211694493
-52.16835772664823
-50.00599095773948
-76.14583418179093
-95.42507720886233
3.1310366003136636
88.12986600066358
72.32732620393293
-12.124821691983811
2.3430340568536536
-91.14816998307069
-97.11392837980584
-10.384084986341847
35.43564867560414
31.129974812177977
82.80818713888561
-88.64328192836619
-72.70459946102841
32.21157477628276
56.33503411848292
-88.96097128688004
70.55572558109381
-0.6123419183356162
-1.7032755963373774
62.87146971239366
60.15983920403937
-80.16520074526568
99.05702814207748
44.912272718702724
-64.3306905245778
12.340485345823154
71.23143342061647
51.46128662760279
5.061960468313174
-76.73443281701707
-23.45550610426895
-67.84815285668697
-24.101701933170844
72.2861041543463
51.209942536544105
91.58360969556892
23.61905501879957
-31.753052496477466
83.60509899529626
93.00894078637876
-46.754376622512936
75.04584832870512
96.92380892130197
68.25363941320072
-39.10936942133056
25.952704838945778
-19.819054934704923
-8.435975440950557
99.77167139397159
22.88883377180835
38.01791302037273
-20.131316137455045
48.02363936435793
88.65670185255101
-77.11284838652703
3.224551166942419
-27.631193488917603
36.22455763338485
0.2306685665046615
49.77624521778304
-60.78075357138874
-0.2070454256435852
-59.93539410313118
-41.43474436513128
-87.49185081866531
60.25999888354809
66.48677704114817
15.282747306793624
67.22415799206709
67.79440902372792
40.685739062169915
47.3717271111681
-45.53061168277244
-59.2633536157535
-29.571921455963007
-20.478241338566747
-40.747712491721686
-18.391125851115447
77.8039513197433
46.85502318153601
-56.858257309027316
-11.347208696287495
80.90482698395348
59.18705431495468
-97.71672954702255
-50.66132379230921
96.30025613123559
-89.57915755931035
-76.1035103163183
-22.986483419078695
92.24579866705338
-38.07729653006127
29.418284559475893
73.62004541479939
95.90400764531665
40.09555073485956
-38.67746302335959
19.468354904328706
-25.355402562184224
-53.313678170138324
71.83683422833482
-22.34018540646909
21.456154834753377
24.112453045145642
28.861650506017043
-98.18496028483223
-54.51126163048632
-10.417548550257877
3.145812459953518
-85.20223729067844
59.40141506189045
-55.525877952552484
25.985264363733222
-98.75321849729801
47.25422470219431
-31.39544061270381
-60.14853434493206
-34.272234795771865
65.98803714850055
-80.80829740203936
51.23741977199873
19.247051832225836
-92.9142497603121
-81.47355088204102
-75.05740214858596
-89.39766461424297
-25.56546049400761
-80.10241795683098
-46.94104168257369
56.14220650106333
-19.268176047702212
68.65932507754633
-8.017613912111443
-89.48076074494975
-75.35825133428122
17.08904749980229
-60.430867339252444
58.062973184504955
96.27897308470935
61.950139824860315
56.84313128341029
40.64455623530114
-47.835104137928774
-71.76017623341161
-94.38512113353474
-33.14276747850025
-13.826964106437956
-43.685016352429315
-4.192182640489335
24.24877797955989
-5.455140724011827
81.16775718019406
54.06628421510723
-50.700492845005975
85.4510234233816
97.95250998396773
50.17211863107181
82.87121997650169
-59.69053174364149
-2.703127727659435
69.78238601079471
-88.08878926925475
-76.24401237464234
62.03116369063008
-81.01775752696378
-97.92945637021784
98.28644489406528
-3.401761320147642
27.079259593932292
73.8455559093596
39.06853174220498
9.279611851322358
44.6116613681221
-87.73495265854585
36.55564065320175
-24.866490415785307
-41.76917950623484
-62.695142159637186
-40.231572166847855
-92.4212759440838
-58.73624978250107
-1.8614994547117902
-57.77208999363843
-54.22121804423359
-29.099278133993508
-74.83440104101955
49.96412803560358
-14.787299349484158
45.184860421065565
48.71509372647952
-37.22275493358358
-30.39690835092756
49.279234352829945
19.760431051975672
28.77156461204359
15.39216052000836
59.166407894361555
-71.90897182094895
-67.21418628577065
-36.70257902539993
-33.62260422620193
-61.55975239551823
3.0878350198916564
54.047085023964456
-12.55759868548752
87.17069465437231
27.29116130901697
-45.856624956769984
-53.9987338828928
76.30283775091314
98.15579968398765
-41.48488015954468
-89.08001122533679
99.35567313730297
7.364019068674523
75.86874708296338
47.52003031356472
-93.2165349216298
-95.60758780169279
-78.90584543164243
-1.0972914457472598
43.34803182058215
-32.16560403400162
-37.693020548854726
-94.96796457800347
-44.24277687734044
-5.970061866698572
-73.65820934542046
13.453158077258735
84.60126470068965
87.52040274358694
79.87894460444033
36.650584843371774
-16.39944343985998
37.302471451421866
-75.99197673439747
-71.54290147576434
-73.22599975331094
24.216684063152385
2.6509842043949163
65.85875640853348
99.40671752117126
-58.15428637484508
80.10279526371212
-37.59147005147199
26.05387705623319
-10.376208795868138
61.2019080665757
-7.304821178043966
-54.665333123930715
-32.62105344326942
11.438385585759818
-43.26340486841704
-23.164515076563234
-17.469025586894844
23.036041382486758
9.777016431061298
74.82677975397064
-75.88371830490617
-41.686991314269406
-78.74901204537181
-3.1386733482366935
75.08107959087738
-45.86811959514638
15.58623415428444
13.543702364366553
-19.682707246802195
91.93899912652986
33.35331182729627
43.38780004253772
63.58206114268367
-59.39666294134622
-9.57263572487301
86.82555376079807
-92.11431419121003
64.73218214329177
31.661741335609122
-10.075099207950885
32.842194059010694
77.71743459178336
-8.50609968191776
-40.322554906777476
-36.25327667383138
64.00193588805334
19.73430703321843
25.187796752087664
50.99246364585056
34.31946689640486
-72.48210522803826
-20.742584715766043
92.9432814162663
15.912116607980494
-80.28422328036197
-18.242007416667235
20.829359365753348
-82.14672540621517
66.50848119559626
63.22369269313438
-78.86430036058391
-81.39081164131012
-52.90330852062706
-20.079870406396978
-80.78937869678491
-12.925711248740356
-25.74876226398159
-34.892798545210454
-50.33796012018086
93.52432652056052
29.100675045500736
-0.14910774387489312
-23.61365492502088
-31.013244522499278
60.5557829917322
20.93036160717314
-42.946712656716166
55.49947559299301
-99.70292689640362
72.23161249541104
-63.62004179523277
-93.77800905726635
30.500081480435
-55.43954279305909
79.49769148487579
71.32156511615219
16.234839415337945
85.10076316659237
42.82958843498369
-95.60555554426857
35.59215581039544
99.28379288151382
31.945485358240262
67.76121570023861
-67.9309384717766
41.33681705841326
33.795205911381714
34.60494091349537
26.45509353920849
-37.20269123623019
69.83536956821354
-96.5192025456344
-23.931588990797707
-21.621096937453885
-83.51139429060355
-96.29545502753723
88.19031294258721
-92.74125176496415
-47.725776646382755
0.4789642534408074
78.54037702093316
-14.384059301301761
23.440522775646883
41.422748122889374
-43.895178653682734
-55.27138104246012
78.82696475961771
55.67341619237581
86.87614118235098
21.46389577188063
-58.83397960751016
11.041126427970255
-11.591202499203845
-96.26092217851696
40.145963376619704
36.57216208071293
-42.231337703748025
-84.40261058518558
-51.85357467657248
8.760288195360147
42.1932043957907
71.94023292808674
31.33540710314773
-49.64193494776627
-17.870134892991203
35.60358034343449
-11.715918977978276
80.8551578725955
12.481715885019469
18.33219848711846
-9.115217438562823
-33.48848757216962
-47.94063459364637
-24.937779228731088
-53.05280254693323
13.998910478157512
-45.26982864366804
-1.9595410027169606
-32.274159068553516
-16.90874294492555
-57.43397193160467
-72.14785231420926
-48.275438637417835
9.140821847198353
61.26358817703223
4.007322050034759
-1.8004492805703478
36.01551284622661
58.55694952791106
-69.36818725178897
26.277738236356598
55.710801129149814
57.67105425595821
-56.75271501629615
0.25211439774430744
85.68791341358835
95.97634291630749
19.165465886276323
56.6679661812212
52.61938082522323
33.72474259246786
-41.068910902956276
-82.80283600125043
-83.62767676558
-42.57618301110908
-4.107032038906013
43.93745834969843
19.810142770342836
-19.389502093286623
74.54611900431885
61.24802349376316
-15.958299814933753
60.889025155271526
25.352318389626376
-27.731088363841508
8.059898076460286
-96.56325260367109
-97.35149563048017
-61.10027581078743
-85.45055152572418
-1.9252476529026694
91.60439340241297
-52.81264105345378
-82.04269988308424
-84.79964342743386
-15.143993141757136
79.40335963525845
-43.67366070726093
62.078273227003535
-72.03008969446678
-81.41267744601919
-27.02489243032069
-81.8120718230008
60.65445581337693
5.382100393505084
38.818547402555
11.07135411173823
59.58706862260942
30.11686712199719
15.466737438019365
-26.009802337967102
28.80733319741887
42.3300926531044
49.50404221219475
84.42328966299948
-39.067675102146126
51.17158683275969
62.99068177096214
-83.12720908261389
25.526825617653742
44.06683055450756
-78.08529699523201
-99.6579404357703
78.82611561890994
-65.99883865300669
-10.053151718429177
-98.4517663575592
-20.363141871055547
-8.339239738612207
96.45092316584856
-92.66300404412577
-91.06945509273987
-7.6655651196549
-99.73795453466599
-44.54232965970755
-98.88579792435326
-74.88187766105622
9.110718120827556
17.469293458940328
-87.23230646681459
31.22534016404242
45.702445177854656
33.618199919788054
8.853796012216591
70.50882487776505
-6.121216785586242
-95.98757279649242
67.98150911254658
-94.18154189320045
-46.3573870648103
-26.949268469439147
-54.16989966433117
-2.750625563207265
-9.739828513141973
45.18939332600053
67.90153405999465
79.94527528432849
-94.56154582532082
48.659507218633706
84.15252594064708
50.56451419597505
-61.07296540209235
28.152662477342233
73.29621539913583
49.987707173330364
50.73990596923173
1.7151203884719877
-12.316004982542708
-24.77478781097497
77.45638114529692
-52.51932643059713
-77.44288075004475
-42.65812446342543
-48.351728247685124
88.70155048171131
38.678762579541
88.5665997806691
-57.29581173496425
-39.36827581812534
55.06177305544162
66.05119012422443
-14.103346086213108
-79.29906670120286
-16.452138610112257
-10.976589696738827
-51.03272178262588
-83.35184819397259
55.688176752779725
-6.175620111929689
53.888159487405346
34.506351460867194
-9.43505595266167
-96.08611534827136
81.0147681048775
41.454267566054
60.50082282388118
90.73483801961794
-81.25061887943694
-95.25454915262996
-97.78986612466531
42.84132627208896
87.69071806545216
48.16107549693484
-47.89510956321066
38.476553564909466
-99.16676102330545
86.01767780485761
31.409315577362207
4.604202379195726
-65.87728692284303
-33.275444128962135
93.45736940629422
-73.64168428408786
64.65028767944204
-96.1787459859448
-98.45582174783294
33.26236282208731
-39.98984458267068
28.06609263573165
98.97538507372866
13.498038351748761
-71.90824247582756
92.4374343529773
-16.871351030834262
95.85412032123892
58.99227730314618
10.821075882389792
35.41116135651356
-13.614597495839604
-20.621579634307977
-63.83718433699681
-19.407714807051235
9.005477139700076
22.217644998161745
-31.66328453174141
92.04018475722557
-46.4052353769
34.00131136326968
-22.229512879245505
-7.810379784035717
47.036909709495376
99.31583611373208
-56.253250980376365
-92.53885853074613
36.0707955676815
-12.302773070218606
-53.882349960092625
18.580234235450675
-72.2257966035786
-88.5897609427567
-87.06721658837955
-35.39557688795159
70.02559396622246
67.26486930385568
33.27732352863603
73.50958674506549
-19.223447424353225
54.77605094715156
28.77699891234306
-48.597937092022335
-52.89870071231522
41.707258319847114
-13.795555844557185
69.50030667845718
69.65320954537933
-32.36779200264614
-95.78410922292353
97.38698988149739
-27.851855122566874
-46.751595711038995
-54.31972178201232
29.5352049372853
12.809870596581874
24.61902275435554
-52.39906624461206
-50.9333636886631
-36.0633669318426
14.207415214065435
46.59491858802019
-98.4588865816828
13.713567501856417
53.2473008034913
-76.8413215758007
-80.08599452312413
-98.80632932029714
-13.585032940256752
13.414295954601059
40.05322008278884
-4.287485851506844
-89.39929195787077
18.15501239197394
25.378190423476596
-14.187424177012915
-43.952156698606416
-50.71731467161052
-1.996791376683447
70.92148125774406
-17.129476825611434
11.979534184078872
53.045640933096536
97.76265490823624
-25.376807637928692
59.12723747226261
-12.135451591129453
-98.00446495012383
-41.23170862476449
-65.32088514383048
40.52815703482713
60.685944428955196
87.24387235662653
-99.52799412370241
54.156225395070265
14.755660296167633
-20.17287686030454
-89.4608652540601
12.0586208128028
81.40883636629789
-82.39061150592838
86.01478280445062
14.417925197455816
76.5864993520675
90.09008282533003
-48.42420660003861
52.52099565701005
69.2531636524495
-43.67437994792378
75.66488823354177
-81.54421250892862
-21.808210894164645
29.136738872191245
13.994626066953302
-40.38605272868896
-76.00757557022082
98.81552360419875
49.3420261087802
42.85061698335704
-30.836464293917658
30.833224009728468
-97.03918387478376
64.67929464001355
82.5960285498229
-25.069990667284543
-36.049567156994385
-20.81992049798076
-29.542184743399403
3.3283191637063965
-56.96832230367712
-18.806020641879954
86.04922719613162
82.53971655423337
-44.88863416578721
-52.12837402129995
-19.881623738390346
-2.135154820541956
41.14668107555735
63.23217483503859
96.68499854067306
-75.86107900859702
3.365564852090941
40.1097350952991
14.357059394783292
-7.622090757304051
-14.2177521172882
57.337916943955264
18.1768192426119
39.26125011376217
-23.110647347096716
41.058592233967744
-25.303950092284026
-84.38522004162292
72.97947089748729
2.7371424410130913
-92.3702773164607
46.746666963671856
-78.89484679472216
-78.35446568942233
-98.50405882621472
-93.55564458795693
-89.6301833942288
-32.444694271574704
24.148341671673165
-68.68587165743507
-58.74080148584575
-78.28633395458111
62.63568844496825
-51.3418632491446
39.14707242743961
-93.79227333761177
50.28652234569205
8.445975826213072
4.696856807910137
17.830706821343952
-7.28666797639012
23.440961612902584
-10.783667896606559
-65.92947488380167
-17.772377694915107
61.101938287353335
52.349308336091866
-71.67491050803889
14.343084903012482
-86.46552257873519
82.02400498159625
35.280327847781535
3.5304132034945894
-86.0989049996905
23.06621087620853
51.69553997985122
71.9430336807902
-63.7053689567626
87.8137174906827
48.463278169375
-67.35820326614758
