-67.4851527999802
22.04189386590845
28.35995192650722
-53.76597809561767
35.573947400589134
-41.79537433564746
77.7873224352632
-72.35587650285032
-33.224629272116175
-58.42029412375498
66.53737451529446
-14.193928054637865
35.89210886599605
74.31995862397142
-1.1074630040977382
-80.47197773472097
83.58330844740297
93.24037230874436
87.03072267269843
-64.52542280750065
62.97286804361056
-96.24035082063318
87.60121889586577
27.444646580875244
82.29333803677278
-51.30701846884558
80.50877828373362
18.8309360368996
-76.66828718092404
19.87947228429134
-49.00320111542964
31.11926788191559
6.4146759624141225
73.04464193209887
-99.62249844825534
-69.06486119442256
86.61829121557801
17.616716384048118
11.51733453466224
90.10187982417338
-4.117894966435969
-9.101049367836424
11.951708621241323
-47.57245897766494
42.684445250530246
-77.23343757660712
-44.848276652658384
50.57609474295438
63.0423259859478
95.64792247723292
-97.00829108646694
-44.10397666302974
63.0720007455306
-38.94783250558746
63.939006942841786
76.20674220111025
-96.84598076246236
1.672128043602683
-93.12955308384565
-74.25788182671408
-97.49852568672377
96.87315133649716
58.02689490453571
-59.6134724653433
44.05958846778367
25.081765366622008
88.81315055595317
-74.36651032331862
-33.94965435229682
38.26393900936486
-0.28932235203946277
57.963917170113206
-37.80851533730636
-31.54946671405618
25.43787545934248
44.74040470668038
-53.29047952083241
-33.43848239947083
88.51684592532087
88.76034693721579
-1.2634014560954938
3.8061680375411697
63.34616577961074
-56.60268697742439
-81.99887410710517
15.475319274911485
37.46402100682505
22.550858455340745
4.030168975377364
91.18534138984677
16.363380803955536
7.762376443165948
47.36874211527416
-2.3342804799240184
1.9698572733825017
-41.29227330923395
-81.20128001186995
-51.10029773251947
-80.02645056124092
-30.132463141213577
42.57920864401672
92.58992921890726
23.037596222986153
-17.869769492183266
-55.56076629541038
-49.580758206931975
-89.20283017882258
44.92150979847901
-17.858892603901765
-11.660809543743085
10.85659982133052
22.72611636905792
66.48224573010896
-16.344791602868256
-12.072214768555355
-86.34905634821884
-9.896636561707894
-45.11048704006919
84.64680740389275
-35.059615604101865
-99.46313781526945
-97.81464307897242
-58.49795953006171
-39.189888488957145
15.917295269294684
51.451247095936594
20.53657032879434
-36.47358345870846
78.39382587084063
-43.53655745520937
-20.33765663305813
77.47566206239861
99.72873749068077
33.57895842080504
94.02675500474771
-76.98171690346709
-23.221284773300653
70.14169250457647
65.15193623557977
-99.72969937837138
-62.29289362536503
0.9280988270353703
62.7054545406811
-81.46447772927002
-80.10718234802185
-54.539924805935705
-0.5904559156616216
-16.902049984770144
-44.1405747184334
-6.667305864072603
40.40156355550829
57.90365535728583
60.93804691949805
-25.985999002414403
-81.00437148877815
4.022894611726841
-71.42635125213582
1.0880360873808854
44.56563050686967
-20.613978739123866
77.92094919706136
78.32882216414973
-44.489589578829644
-48.01339600097692
-60.99123356134459
-89.15374746296514
56.848339707277574
-43.922911319419015
-55.33497019340443
58.017145121337336
94.7943531674199
4.358217641811876
-22.78477015658771
98.12587364501877
-96.99476992222532
28.645560279156058
-34.43727986629548
88.94270725071934
26.811730382797833
-17.621381207965456
50.34782429598238
-21.210970602620563
9.081120242258748
56.838718600248086
52.04433418772231
-53.59612794233688
79.17980547752529
17.302655243898485
81.34370264680862
55.21375923958388
77.79656074846329
19.799283077675383
68.92376770053093
4.7107565630743835
-48.17071802719708
41.70652361559431
10.815263360020808
89.10654700459858
54.15180291642247
-86.41851792059869
-45.93440408191811
90.31511794322088
-86.56257437152195
47.03996029351765
-38.436155892618885
87.85818023731147
-37.8635494441758
-52.3229889517324
-65.01109765429503
-60.555763685509525
26.4612494615628
-74.73455289987203
37.53804446468641
-18.084618321149833
14.115304964874369
-91.73069431515779
72.63450642847303
-23.173161997908892
75.82146386947494
-87.57912510169808
-81.82148857753593
52.84410493540568
62.49319106149761
-72.10656532185484
42.068237046421814
97.6645179587639
74.13082891527984
61.943790845142814
71.9218700610738
-62.215167031869775
59.11714354232359
72.7422765802751
-61.157897613979095
-12.711947717402111
82.6002647136223
-52.57940959322589
-24.897789060693583
-52.234708068232315
95.84938585560224
30.529410692995015
-23.087521253500668
-86.87459568594016
-41.2123686085532
99.95380558425899
-18.11180811445034
64.5509070978101
1.7305967922031726
47.57001251622705
17.35293416762282
43.868253826587534
-51.63038551189651
78.57374682238475
83.56814299535418
-56.79525831139711
87.24708187832314
-40.10100861684111
-25.795126909640302
55.763326508453076
-65.58704875873427
44.01570652135547
-69.4887305894485
-60.87722653120971
26.736611605128772
-98.04366941030871
-94.01051142879089
-16.28838208623189
-46.60913248443239
-15.891488428031735
-11.022232320035357
20.84852981641052
-9.55177031129702
58.42760768764364
-93.43417393693254
-28.779279021020486
-14.563185724437716
88.19065228140724
-71.52719610683518
-73.8848946842833
35.3432090938102
49.76096355883945
-18.958016626555278
-43.02161753771181
-14.643480879770237
14.319069663084534
31.236849832855256
-97.64954771613314
60.509336430913265
97.3716522582034
67.63218981533558
66.05553198498006
50.86873819184808
-48.46264265069178
-84.27024806702406
66.69599820212335
97.01040528561117
46.46761100551154
-54.421037675285675
-54.750403853412365
75.0159335386854
12.311720430956271
76.34656876173031
-96.70724975949274
69.61819897548335
-2.346031040402636
-44.07911588858624
33.231344476450175
43.338707970209015
-11.442573193410439
-35.02309861757634
-78.3034976419367
48.960159352506224
98.32470731105244
27.71734371842163
-69.45090727387209
7.26910687454631
-88.88700479642826
39.992586419645704
8.740625103251716
14.676387869322795
-85.7998933898171
-79.26234872215548
-27.87089004675059
78.67278939512858
-0.06544292621160253
10.403027075978471
-58.58634924282124
49.34751138955832
95.79423753102458
16.123075054858845
-37.476403298290585
-10.658437006863394
34.36268571085307
-27.18479059007484
22.11849511365655
-89.8679386871186
18.55232901881108
-3.625603414117464
52.86903613056094
-33.49029880991341
-66.85950272416326
15.675031469256197
-16.92437551988708
-67.19125306699178
42.17083135591642
98.59757609531789
-65.0524060332053
93.95790748892853
-1.479130111229864
45.946727941682326
41.144389837406834
83.29701783811066
-67.29251876933968
-54.540186236051326
-60.290878755843444
-84.8077238779881
-98.95282329651884
89.9386877121342
-87.53954657566028
-73.97947370624124
70.0359602991436
-92.17851979138128
2.0861727934345
-76.94583226679865
68.48616133980556
53.97184873301799
29.66657170662711
11.880413851527209
-4.0960084805576855
-46.42854592999801
66.69670675724186
-34.01967865041486
-22.38284483363735
-47.66569067302298
-67.10327236705646
24.593914014063543
-2.935995519095286
-99.68845085628848
42.45576477367587
16.65637275028871
46.22739029082578
-72.1026178701967
-36.63969116941017
41.35355112554865
-97.56839878123849
97.19114703272876
41.87845882008011
67.41222920096973
-77.62223519655117
62.913520546212936
-19.252142146641688
55.68019665068476
-97.45443506446863
21.160565109365052
96.78882109901139
81.94695894539495
21.983688841195217
-14.242186069302477
90.66527580179576
55.93784310705573
-50.395802844603054
-0.7715300235714864
58.986727854849505
68.01549407415564
-44.80828959667886
-67.05772294958828
53.11343542515726
-99.96300696704574
-44.74330849064416
-45.61418817401086
17.70742684366769
38.17506019650102
-81.94096541338583
50.58840007022786
-48.58689575161503
-62.23617863755122
73.68833740494588
-51.25288789838392
-5.5756521022586725
-35.154475009419855
29.874845783083344
-42.70520831089095
-48.9182292621535
67.94664642858262
-6.439400395956426
-88.05759165114644
-19.946688728058092
-13.181056495617455
-97.09556397501508
65.45844635209454
4.474903443609364
-63.55595845581974
53.16578244232136
-0.869167545635662
34.43468714137606
-27.40580412743543
-40.43537819619824
39.88685102749224
74.53279734062056
-22.090172298285466
19.179594344529605
21.48883161560373
24.69065486547693
8.556711010791432
-95.98339405630702
-30.830758991036802
-55.51993817619405
29.866909371882173
-13.16740956201481
90.83863516526753
-21.076972931920594
18.0879300457821
45.29791087774021
40.670976767438646
84.8811806185544
-37.36070971739518
11.57046878142755
2.547867782318079
60.533253246824984
-11.035770976558524
-40.2624482236805
34.21488627934116
-19.045988841789963
13.426790845072901
17.801116817323944
-63.08620440821229
-25.391426093790486
87.99974358520302
-26.50598057703884
20.905853370395008
21.605056128863637
-33.60738620446824
-35.75122644679645
-18.516485036432712
-50.688467992955836
29.6880683246375
-16.60389368445469
-1.728813165421883
47.19903314360997
36.70310135336277
-52.40793864048135
53.47666935639057
-99.19700701806616
-90.59790290259468
-1.5418948741549912
22.516124654023812
32.37641789859617
50.08927831424549
-29.525083977493153
-34.877022752203615
83.41523525420709
-48.82401994337575
39.74370623607845
-44.89050268014903
-35.19148239244605
-21.5670546238444
-0.16467603154555377
-31.6364706182668
-90.37875884578776
16.96908330890369
-25.81365916289073
-28.627266160703456
-88.28253415250214
-24.404443302244076
-10.208780214844396
-52.98864677769317
28.266427206468137
-41.32177356872515
30.88389185813881
-76.06881596301167
-62.428669121193714
-28.669941667239456
-30.98136424866405
-47.998310870870654
-23.00400001611942
36.0936823982467
20.5942722512859
-80.38711586372057
25.50768188470778
-60.457278152770776
86.64576495842971
70.60290065497114
-45.68870833153371
61.138539946992466
-71.41800362987205
34.881262108059275
-44.571447076893136
-36.54413397770415
-24.334088686540056
73.9245886443397
66.38986143619769
81.23673872311656
61.352736840050284
-88.60573219218406
41.275009105788854
-94.9042637877092
24.487384717109208
-66.43125017080024
-22.810130817339555
48.49922893327238
-67.92342693223875
-54.10193675687498
-73.05912715750969
-51.6992251552399
66.25073313606555
-24.221054316300368
45.40400820379057
-97.33930466507135
27.482839355819323
35.17279612442968
-44.44761176997212
-82.3735608733218
-15.57383956460508
-28.716832852062552
60.99345887175272
-2.554563121309812
-58.03974790755597
25.57698357797844
-95.50282306099906
-96.23957375576629
36.11977946506562
-89.65511404545275
9.907375512122215
73.59779596246773
76.11803574794857
67.9970401332196
85.11533286135639
-78.58939929428877
89.14998697070814
2.5012599857417968
85.565077300746
-69.11707993529876
-55.94986101258803
-18.553661428512896
-57.239638875323266
-0.023683053985436686
-95.65387972346171
44.68302442033399
25.242071854769193
78.39022068007148
6.610331830097053
78.53442979267533
-59.76109580365399
-77.79233333177098
-61.31569699744861
69.51403465046477
-59.40917367807656
-75.06938323361827
14.141848104946234
85.01474414512882
55.66517494514409
-40.71981847981778
71.56963946280396
78.36675734561601
-26.889007231175626
-22.08864960876194
-59.489988277658725
9.536647314301703
-20.33615991628747
65.85062412213952
89.75218725880242
-11.390687278737644
25.45584455891266
-85.99721512884442
-7.589245000789234
14.014261131517003
46.524774048434665
37.01574619848731
-56.77082294165721
89.80732377341954
23.509142110737002
15.34554806933761
51.33550707039532
-66.75778724479615
-12.37823415729305
-36.1346523830792
-66.89072018925661
70.35982447000222
60.00981926434895
15.998775941281878
29.03442722415889
6.6201497790926
-50.62867710547576
89.99684220258908
-28.32715887888861
88.68197190788106
18.192535147839067
-3.791260198586002
9.751786112039397
-47.78848126569657
-40.2230706490907
-98.66259085482203
14.01911034583459
-20.5957262570561
-81.80849311492058
-92.42591473810747
-0.11397293511208773
-99.00058667767466
-11.504300120398852
-66.55459391257648
98.29083191731328
54.1936213987961
25.40770926962894
31.217790724441272
-20.044345145880186
53.35369620411629
-97.19279388750984
28.623944916426694
-13.066286440928536
47.88336212743317
-12.489423453537924
-39.96192832219576
-3.567937596373966
28.475715370449706
75.67839699740881
23.123988145774234
27.852694887462206
46.10686040847452
-99.82111997700873
-11.629361769229732
-11.001724147695597
-3.535289223957477
-58.219240029508555
81.2964040951249
-79.57684997341674
-50.921123467243156
-14.907438105798732
-33.05060912951636
-69.31564742880722
62.831516134645
-43.19012732367518
-10.61455244184792
-35.55064778599724
-47.804907951931796
19.156872433316536
-31.78294100481898
53.95295192353285
-62.50362540821182
28.439859787250327
-44.733373118628705
33.19540083561742
-87.05500805396895
-20.11676070560125
92.79160118023663
16.83298926764047
18.018410044982886
87.69148772369624
76.22077451660886
-31.598887197088743
41.41253889427253
57.03166517267974
-23.45728027640466
7.8020572181519015
62.579668606494266
24.827685020874895
-33.64903939182808
37.74516795757111
2.1208199834583468
-17.096635925275166
-61.69210812229422
-37.8052072124851
-74.8630814107341
30.266434191612802
-40.298408030682296
65.15786995512491
-26.51421790724544
-29.5953429557416
-27.348463135696363
92.06712440884363
30.70019297375643
5.008927882237074
30.54697657221402
17.523859727255186
-91.18623585559793
-47.28453733343463
3.55189667585185
-32.015125593583235
0.9056383301085305
-53.13027543221849
-30.255535529512983
97.8342812568483
42.905536339141236
82.31567295341208
-29.755287811040375
98.9454648156912
-85.77318004835215
-76.07059650704
-63.2485490345694
-7.435581920739963
-20.115534121957324
32.27792278705911
-7.358140045799971
-36.582632227436676
13.858675291217509
-3.041216941075902
12.181587455958834
-20.312608098887182
54.73061549890531
-77.3620870592711
40.5508886640049
-28.876558734987896
-72.24334548243665
79.78037108078993
62.73709714737879
-56.5151691915343
78.14967452428905
-51.8012581822795
60.96203467007831
60.613406136333225
7.868941739129198
93.52086602239217
98.67201630441312
94.03588760672511
-70.82224683670113
-57.90157694084193
64.09544969966544
-78.70350051584316
-27.76535098549661
4.24298982040321
96.52696114843835
-32.45227111014155
-44.16707900459542
90.95237844903409
45.799210582661686
-59.002204841012684
-43.472009127979014
15.670449760458752
68.24593246429313
9.928969403520554
-26.513011168666537
76.0611612207262
65.31133858806996
20.253808882495576
-7.239363080720267
-81.25330342062034
4.720720893557967
-0.17439175624609504
-82.92516326195891
-65.5660447938834
-32.97172327769471
26.15260228137322
22.64707376338771
67.86379225082052
-12.91257658752491
63.03137686061925
-18.350148644275194
-87.58443656528362
-40.14229219037937
-66.00788718233412
73.43945303149636
-88.62248348012945
-74.66131079753606
35.38880670996329
-82.1818464972383
77.87073136513177
59.71271180496788
11.404973396249446
-93.19924272855322
7.206494793414336
-28.028335872890707
49.52722108289018
-90.65228780858081
-14.999077847384896
11.694311147908437
8.779205120947879
62.94902669405016
-9.324064131583398
21.93961883894511
-88.80692923089765
-49.34280112187044
-28.740160865414936
-79.41147956413164
-34.30858192312138
31.85480557416065
58.67830489092822
-91.18345880379664
-45.98883871452026
-5.8606866422476145
40.481595136591494
29.74593017326407
-19.910784706129704
26.44014477506012
32.15337244465721
-63.339826675666025
-26.962185974118213
-9.734529830648725
29.626270173242546
-93.73312485501997
75.12289764038073
35.526509161220815
63.49329888318627
-45.73819140477424
61.87721958643323
-42.02327328810516
10.817420376652294
38.08920253722707
83.29621134817677
1.51498082603554
-26.02286676958923
-41.09008146377195
-4.9800597015861285
-76.42863624241463
4.912133455799307
-26.047698563690403
-49.25118090305689
-44.42567718052353
51.94125715451682
26.327627853101745
65.98934295786293
-94.08687784915473
92.24166446468521
91.80005392493618
59.147183156879294
-9.999195618739051
58.723859294098844
-40.182425060075325
-62.48286800669665
-74.00652192606734
-10.149712954369335
2.373241344059366
55.83587753925693
35.55192173776064
-65.80394396628905
-8.029777912008186
-37.13136110164466
-63.02902950896947
70.90373437591447
-5.861844296392931
-40.840555485154525
-98.78039322950806
0.681945993303529
90.54588368516741
-55.78120943637352
-76.11025532754614
26.932713002395857
-92.51129185301939
73.04185605250441
31.96807533566951
-76.83840213909372
-45.441736837421054
39.540853522798784
-52.52823587952611
45.34708691514976
35.76284339169683
59.4497026781452
-93.08556594403544
12.914813670550046
-21.08407440621947
16.731386358712314
-72.8054215637874
82.85357808993149
2.0755571334733816
23.971685502649947
-34.892888754810585
-6.620047454888493
27.674538376903726
-36.71701541631407
-90.17549198995238
-90.32058778256334
90.1486767226173
-69.4423224793133
46.567049509656016
73.69303768455003
-62.67137084573895
60.45264506308189
-66.12096353562504
56.69942031461645
1.4050075944066691
-80.51410130917736
-87.79841493824799
3.3218578712615994
-20.535198556787677
-32.648162747265516
-72.29130068881511
90.20203003130848
-54.034178352563785
-8.494736918773938
-61.3528921169193
-77.86456636836962
18.334795431532598
-29.722060057882842
-94.0357183859083
-78.68226360262338
66.69340587317254
-42.87916545338315
84.25234105480234
-27.26313083298359
-31.27004452552245
2.3452017495314124
0.30939142505089023
60.80756931594766
41.597640427461926
-33.71227328320228
-62.7410724269317
76.641416233451
-4.3160677316638925
72.96173180121548
9.790379053101631
85.95823550899573
-45.203474735521375
-43.10406008864158
21.986169225713553
80.98516378343606
-63.22837640449039
98.81986600935744
-60.53302185298843
-74.49075269038889
-43.027364054044526
86.09967222184244
27.979175434303855
99.3740740519356
74.65821676477219
-12.6576001230235
-63.56420296796639
39.689985975087666
34.077454432168196
47.068526346371755
-45.892006880102755
7.464761604529912
-76.11066778393392
-44.97464172052463
13.128885760410299
1.3117951279454587
-58.69007057325479
-69.78187601883087
-70.93437806847001
-80.35131455083825
-83.3569067649421
-72.70241590720872
92.51635596619096
41.47941626038423
64.03578818454437
-47.70323336323767
-34.41523697583182
-74.80084143196265
35.15762335311942
-81.84804867467521
58.45585569367114
55.267610079532034
37.936811403335724
-63.98087396158001
-30.299222088919038
-38.83465410320777
-81.04257479682184
-60.15551602720133
53.36365021453594
99.65786929339379
-76.73498394674007
92.6663396502264
-32.363336455744474
-77.27290242159539
-10.510895966078635
-83.64332548074553
-36.98800938448989
11.36426888025943
61.03568944948299
-81.49779589539557
-68.67621978219023
76.65565423615377
89.58652517671345
-40.584448604820736
