25.216061480453988
40.79195166386336
28.39733311648186
72.1709412238389
84.29191196580956
37.766233756009484
-26.734250966263758
-97.27834621061476
-92.06569419767693
-66.97565102163456
-48.33786018704005
87.65719901771132
49.6629864100895
64.16612592559346
36.92309662858938
9.302484912180816
-9.6143015574564
9.745380777689803
40.56212195185262
85.52416960994316
95.75919263400854
-32.08572026454857
25.916592550979914
46.434311704254355
-30.460580657492756
69.21175629435027
-43.975722909775826
97.08415459085279
-44.88319148564906
-83.51552919547886
15.357815808450042
63.07657852644246
-72.91613639073013
90.56824253390624
33.33541020206076
41.60396748795171
-22.995631767854093
81.99333137021637
-87.96291452703639
-44.44291490635599
63.42556887287441
-86.33959697120208
-96.56671979104266
-93.08174992710451
-88.8229776943401
-88.72322528663068
-94.64489021654119
23.899129877967823
-75.3247860580317
35.46754260108625
98.6505587308603
-1.5826683318290122
-17.741117331455385
71.38106125033127
-14.708923437828076
46.06050259748699
15.601125566989708
-10.381712887854903
59.579503026253406
36.39225714722386
35.77133144081685
-98.528931608073
84.1239613517705
-42.97675321101939
5.018088563696324
-56.57729986702784
-5.8120931329952725
96.82566577671156
-34.721601419939674
30.427619173848797
49.258591798323636
-16.51009494654214
-87.97462208742422
65.52591547793153
8.306366100611768
28.87002581582712
-38.61549333284873
-2.0651340839832386
64.86120982533569
-55.822189162767756
-86.23505799689912
-18.02637177482076
-9.287392598409667
-64.01579861199833
-14.251593441360825
92.57925149604313
29.371281705237664
-93.64945657412007
-94.90492086255198
69.60782243440943
-82.80761977779854
-26.796905178203474
25.52969199292012
-32.06375553453573
-87.53653713132574
6.353386651594505
19.102921009408803
-70.18067601341255
-96.80146282679678
-16.6783933767596
-48.60011395322816
-23.835802137500295
1.3641408186885684
-41.47237688045924
-43.54811496755304
38.01500808742543
-33.703571145956474
-89.78299621838389
-64.30459999287152
-98.64986163311016
-59.91694700734289
86.4196197382976
71.95333585167481
34.32032564560953
38.3308432184441
70.59717442624336
7.202311657281825
-54.717191789028696
48.59345465471745
-66.24523339693638
-11.683935412523255
49.47417766314436
-33.27318791761162
93.15801904543181
46.30292856867558
-88.94660328114112
7.647687266385532
76.04943044325384
-31.199320019300643
72.7222559547088
84.18109664928596
-56.35861403420219
-53.524551076518236
21.03065108446907
-92.10530625552578
81.43133370727054
43.47863094017609
24.146719347642403
70.55139267547466
73.54518663666076
84.08139048664535
-43.2063569813689
-40.47335384759163
-18.63971341308512
62.72683257768546
-13.307741266798189
-44.35515533904406
-78.12976084575556
-26.063745730218983
-66.3063215374575
-53.716586745381974
-49.41790542254212
-53.28789937210159
-2.3243446390083307
-34.427546769068414
-12.35348918777433
-81.49017128532819
95.05322421238833
49.83878062499966
5.766561823230859
-40.26268244254689
75.21684672920935
-29.856886893322354
-60.623283645421175
98.12427155635353
8.270473913042125
-71.84077863240398
62.42273227733821
-18.92221845972098
-30.857117475539653
-40.920869405889505
56.19460778763923
5.836859996670341
-20.05821856283569
81.42918430625815
-94.07398699063162
-60.632609792513435
-8.621243021228508
60.10031007761887
91.69872161278556
-75.07977840694016
80.5943882279048
-0.8300773058460749
-39.57299284144078
26.145704973886723
-26.35636663112774
-65.61155106632242
-99.37019674573115
-95.67399474920731
-77.68592989258849
21.51140330086085
3.713269781672196
-80.01034413246163
75.3591004507849
-14.351287703749776
-17.527990769587333
-83.37164587270976
-21.634093017349315
-11.956149760291595
-20.922579987516016
64.43886274273294
-65.81575928661559
11.555637827642087
52.70308540245887
-16.995300108309607
95.53921871010539
-26.698415207811948
-30.2713970211133
39.22291991758499
73.85017448960636
-68.9906344412488
85.7419301970827
-91.04601764934009
1.8582103385759865
74.4666852904941
95.85981049385478
66.98755473743952
-9.601662988081358
24.188985846593013
-97.56946342615878
-46.58861672044063
-72.1185249626191
-99.967598770022
-51.350848347870446
9.012046318722568
15.598157912812383
-22.427472964939412
99.57077660542814
-95.12003563665785
24.61724864998429
-21.83854841129302
-32.32886641493526
34.28214925730907
14.059456244121662
45.39000076385858
10.838102968576592
13.226465217860792
38.124825595085895
49.467781218931464
-93.88076485952452
-67.827400277556
-18.605569717880115
-48.10710530228077
46.78883693199569
-83.03645036270044
1.1872280396942045
98.6223046281018
-64.81272474470852
69.1202148347721
25.894476896581978
84.73007426929621
67.89367952616522
18.473955432325752
66.57801953888384
60.21411448647103
32.97170844410081
57.45440020089325
-51.10760182120586
65.31878007220075
41.240738324015695
60.08380044587216
83.87274868708201
-76.34772974659529
39.55977853686113
62.59072832188059
-5.043120287912274
68.56996742335267
76.42470192316623
-84.82256920459807
80.20167091669913
60.27784767223457
47.590087835011786
61.200403009343944
7.3782226070714785
74.01478027669759
-34.362127402944466
59.311333456048544
96.2480665649328
9.345188794484358
-77.91973981818536
57.641243648665295
61.843795101421705
52.13424343677741
-13.752060170055131
-97.93702955723545
75.73118948442576
-62.7239885145896
-98.78304533526394
24.102428879933854
-1.1610284303129674
-20.350857000119873
-42.633549494317165
76.26866076636003
-53.47737942684816
-84.53260908927906
-58.97237749043713
25.929124193921353
-55.42380868817305
26.287193778252885
80.40143134645967
40.980917677502475
-38.38659609162627
-8.104401038758027
58.96047466634781
38.56897435105202
10.741428259378736
16.720417757306322
56.96915277788946
6.977827413238288
35.503700850765114
59.323321892494164
17.34925843387461
-64.89540975744879
-96.4593571820932
8.29871789769841
17.007040330738477
42.48358733761253
-27.575717855017288
-16.65481518524372
70.00027326518924
42.94075624362222
-65.06328884910977
-7.1529123027596455
64.30679279094844
29.23735178239835
78.98685015628269
56.04265605695633
99.28896460472379
93.43645287151963
32.10763070793814
-31.65691474009391
-26.280882234263885
-36.62880387441376
-84.63252830064074
7.0886130481060405
-5.411187572501902
68.5815396278289
43.049782587635264
99.08753194712475
81.90535590759549
20.64747415273098
-52.3225886386681
-76.87536402754111
-95.79109016447592
80.39759299565884
38.57196595875206
79.56353821702342
20.98483385279981
-11.810404765083305
57.92588767253548
-77.61085212347459
50.21740449908398
28.689372649013762
20.250574982505128
78.83301335714438
10.928176608653061
-70.28097793094837
7.452050230217225
21.19507477743707
-12.491139637876401
-25.551392394257235
-53.26813802277866
-94.4095044904274
-36.75997797407447
71.29073421219849
-8.672836807267544
-34.92346607239054
64.60260018371847
27.375849859690376
-97.65342354589168
45.49503300384933
10.083872205855698
-29.374037432922705
-90.34430131450482
69.10060187672158
18.845922336902547
-99.86173773847331
60.54763947042434
78.68149781871068
3.0459942691124127
3.1476153935852125
54.54685797175651
44.38215629873568
43.23758074205617
-86.1114808748118
-25.04119657776154
-3.5786859718791533
76.03802698426964
75.35110567422026
-85.58417696703786
78.00702303061732
-93.77462970765589
44.527809613850025
82.27207067212345
87.51597037031175
73.04780483053565
-95.41049902704846
-69.72718373267735
8.941990515727241
47.91522346878975
40.61243687342716
40.129000028587
-11.352653207853038
60.55984723322962
69.52531999780777
67.52481708148522
57.975160739708144
43.325930582232075
-23.118793384424464
44.135420640255404
83.4878402555909
13.744391431790874
71.38121379082881
-93.92670507997818
96.07745171027548
61.1885829077458
-64.2197873920683
-15.19112601637191
-12.102000505063543
-66.94940477128574
6.554249826038074
37.807240681435104
-85.10624519602057
-49.18633947165196
70.41352623945633
-6.854313766935661
-31.118343835402484
-91.04121286654896
52.476268539174924
-45.40428310215179
-30.445150472675977
36.07504731739439
-65.85129196716986
70.59829114669196
-29.31453060091293
64.0629905679117
-93.47796550832179
99.48010552087774
93.24128373509083
-22.69217112766853
-20.945129733732685
-90.90302344107867
80.8694781865724
-90.45982785959525
-77.73975756349657
-69.40659097173925
-23.90407160757175
19.402062343227925
-60.76922312252193
30.73359636283263
-88.26292509822954
39.727935877573344
45.62963432691558
-99.85114270775371
39.0782620081996
93.38321206011366
-4.347261067447562
75.8878861152962
-59.42550185337432
-70.10000467258791
-16.604892825827264
13.88675417861019
69.92769067092212
8.826349185719607
-19.5282645961651
24.270917200749494
-51.622832779518426
92.56557504531412
-61.75353528293541
43.426627568053334
9.383512060835855
-21.77231435233989
28.183489018949757
4.62446312659084
-69.54925363840377
-51.96248366432445
59.58703009646433
-78.13090053536473
58.454449398395695
-82.72470551817979
-26.467834946919794
-44.43385745337118
-42.00077727634732
-23.906822208466167
56.51657528254353
-50.165818570405804
-17.666060245929117
-48.64822498315768
-91.08579415371936
15.72381701090903
-50.51023678174589
28.992660182089907
1.4551932054839938
-11.108062959852688
-44.97618221533264
15.027250397984048
84.14686090020638
-22.43028838787764
-48.18942946801379
-91.20421877327205
3.4399760848382357
-8.302954238206766
-81.80619957214216
-74.76582218809556
98.48205769875975
75.50352644801123
-67.16506857195142
-47.596228125588794
-8.80224494640838
41.97601878007805
77.51437672017232
1.4732342958921691
-87.42624894221595
-86.65124700445344
24.401197541302082
83.27342806509552
54.54796105269281
-12.360871593566387
-53.84553493853983
-62.402521943500886
-33.57740133427734
30.051848270643944
42.49757119012341
-72.972039022473
71.57043480559057
-77.90641326226364
-28.42281872392023
73.184109445276
-18.89026554686815
71.57942223610704
0.02798150935394972
-99.26777592241646
69.00184469717254
-48.782632042439644
89.4918207662912
-38.097023731150955
-61.47938599715916
36.86272143575309
-99.01806039463304
-79.20096115350611
-3.266372504337525
81.81398405100657
24.24743327586991
-4.920722299809029
-76.48765280806805
67.5254767053512
42.000271663887446
-51.66072471886234
30.264448184593277
51.30586290866563
11.816951717685114
-14.165314417850269
-99.17247808327285
3.3185092646846215
-50.97717563762259
-65.74530383490833
-57.334235767009666
-16.4552804675655
-11.562997061706383
-28.363052372102217
56.157679045392825
-47.68845463904392
-99.3556293518867
-42.79237200428372
-91.41079402031586
25.900488942597605
81.63889172593201
23.009397735415888
-27.86649216704147
2.1617453850176815
13.72726274318758
-7.760303917911045
12.106056581369714
-37.41142920212903
90.26775230295232
5.587929758375523
42.52761911244173
15.26855205273472
45.80012444194966
79.58123492845112
-68.01490128861917
11.535615196291445
-94.88707784264096
-55.30834376427012
89.19177467693197
86.97349536736087
-28.341497841672208
-46.60355843241015
-96.49046069125696
-1.761596535769442
25.005387896454394
-59.642719663908174
85.29590504437388
-8.781601687089235
-14.703765007586455
36.56334067661169
9.711765658129366
52.400848761488504
43.51616861723545
97.34394306005322
-92.22667188098066
34.085475913139504
-87.02575689752443
-58.58985913070804
-50.716428712963356
-88.38345116296075
10.630786578636858
-17.414961922191523
61.821138766826266
2.1382113973296555
-83.12049698414397
-49.98402516977105
-86.59162974817923
-94.35425581584849
-23.456251247014023
69.96204620764576
-12.766259389579332
69.1648299664723
-36.61622843782819
37.063075993786896
-72.70510044732323
88.41085651117555
38.613899679354034
-95.27724096547551
50.29314752198357
-90.68090245560991
-82.00903720027459
64.56999652181196
-50.04325673400716
53.87263711852242
32.369142437105296
-24.114080797211088
35.8514387662606
2.756986362554372
12.994277335259085
-94.4824070714231
-98.32351883928104
-97.78040141910628
37.848981708443176
61.37650872604303
44.401994185841914
60.57243366391626
-62.13956589933773
5.000411924495367
66.06457376801228
-64.70753296679241
62.80697390811102
-45.9346715588342
-27.45417369372359
26.44055382480373
77.90681174500949
-21.876500318027652
67.5513112022631
-68.0200053634334
11.30149249886054
31.96515044129265
-1.3313852103398176
-55.76428038682239
-32.39575004857009
-41.962768036777206
54.28579036818269
91.25239316215894
-81.60041507494576
-93.94472621055334
31.316808116936386
62.30775716388456
-30.83764436880803
28.18386482005559
3.105488200822151
-71.1897020313769
-45.8966711111795
57.70774240562599
28.59320101296666
-89.63409141546992
-42.35809209516832
-0.43073171401309196
95.25089146704474
-24.964732409032678
-73.89007704560538
77.0399421555974
61.224998131858655
36.41650966583751
-59.20647609275187
21.270387869751133
-27.672961411451695
7.955786140602356
54.983092329218834
-95.11350405747446
-80.95028647389157
39.36614948272768
-17.318958454648197
-80.11647973576825
1.7200603095171658
63.79583960858437
-19.12722425736621
-75.25694757006751
54.466662895392005
5.033657793818307
9.679632966993125
-98.77242582901332
-94.16462149065936
31.224823426803766
-9.507205264845027
11.242459918506071
-6.1384696222015265
99.33835621227061
-6.08961942267949
-12.976530439465122
-39.77540862012469
-77.92917662099453
-35.148248768603224
41.23915329742772
49.64526284873537
-84.31522774199519
-3.077833350185159
20.79020472173123
-85.79386666114128
58.3860681277136
78.80629229975241
39.996227581418395
-70.92938138789751
30.963981038090907
10.527948993127993
3.266174782832337
-84.70198368210397
63.15808338793468
-1.2392976351437142
-66.93934303088815
-55.19265121034014
58.650251631134125
-49.194730340085634
14.567303364407564
34.24050473965704
-80.09106706479173
60.890851190129354
-59.22389092493854
59.619684018273546
89.77395574016512
10.988497285691352
57.660077948802154
37.3656112689373
-32.911005763587454
-8.498151086160675
77.5607904545466
36.73642733481512
-28.640831529358607
2.5591248340113566
-46.194530568326144
-85.28519323176025
87.48756169404783
17.326495695953696
-59.166274265863784
73.9478535858513
58.41923933360519
-96.4642083482127
24.66261306701034
-45.474641925006765
41.05335904871558
85.48816765545416
-48.655053740027924
-20.958234025166874
-31.159960116405756
-66.25797574888519
3.702234152550105
-38.54901705736671
-79.11691425766354
-43.770186221245396
98.2104413061117
31.949805586797964
-55.549916287833724
48.81038838645685
-10.051455387020411
-84.3850409425171
15.719299700302571
10.22494245374017
-80.8615903656571
-59.79756076730549
25.64248420291115
56.575573446115754
27.08305221533729
-66.21231438418071
-67.64592678911032
8.578602203796095
24.836628920810114
28.52942208666164
40.30726162157981
77.52053761939007
-23.954466311401788
-55.16750719703894
88.50506719825717
-61.963954035385036
-60.352542395074636
-19.494429061964837
93.29292459724849
43.700775867233034
-9.1528893977993
71.2198911614305
34.724537405347064
-34.61243604515549
-90.38344577404732
-86.49253671303605
68.56258806397096
83.41942689734807
-97.11917134646477
5.258013321455522
81.2225423301702
34.28424431528549
-97.08975960241108
29.392345240682744
-19.43460928560863
-69.7210144759726
99.66704098915545
-50.43349022842034
29.120919493682095
74.34911782700948
-92.28270233607529
-55.84267755517263
42.74392224871593
47.96120101734721
-63.72271525594604
-68.34555441374755
92.68704978665528
57.599753109163146
69.06662362854533
-23.791202732562297
-58.698527836684164
57.907958975981586
-49.26372419120557
-80.70580924037705
3.19444995771876
41.25299243379561
-53.569422498741034
89.56204150209388
41.46791996025513
99.3565616246199
62.974626014153046
-34.21574380203684
91.65166823946697
-26.737274601174946
-82.11997624398512
-13.098602695633275
-58.044209981551084
82.1547080941165
-64.61140471880583
-18.656623566863246
53.85544188678949
47.403784589722136
-32.5989294616174
68.80560961467762
-10.846364712999716
13.436861276070374
-59.04320020921263
66.86076046993469
-65.42284331864835
-81.92533054052289
-70.8481346724142
59.770142843497695
-72.53230431061127
36.96484320538923
-66.76119294534111
-43.78970384091916
76.65949624123664
35.287110340644034
-4.94752282908388
70.86554181852634
80.84284149086812
-45.89079904004074
-39.09327920271073
24.5564484469444
89.16713256159724
-90.98140490256299
-41.85104991215503
-3.3234710838370205
82.14416794494969
-73.09529991011563
80.88379943480646
35.351577245261865
85.18644186096378
-64.09571903560368
-3.987220745259748
-62.40024219627243
-36.40873416337396
73.71520414097506
23.65504980103698
26.55136491408618
-70.37873700870468
77.77144847983107
-87.67301804140892
-53.41296071294486
-99.9559212475867
-30.54622696927143
77.28404475963185
-73.22631194719229
86.25511395474413
53.81881075852294
99.43497672552238
19.10816672109543
28.817584792142213
-37.17772472818521
32.428385675822966
19.099412536896352
14.441377344431586
76.37853086915626
20.93012059671331
-77.47738786905651
-71.24483183837327
-29.03982534252323
-38.205981770352196
18.243640238641618
-49.00788003290681
-77.24919101054645
56.403470027893974
-13.703233158974328
15.773948947509922
48.604577824963116
84.34955559076803
57.92709469225923
61.41086387770571
-25.974047722892138
54.516566771893565
-14.805492648795521
31.644823302485406
-3.8249392612249977
-16.232479206144575
45.61884745817008
10.50218214316898
24.646534412397017
-78.62185563668199
-67.94647982162712
4.565170204380877
69.82992972681342
-91.07556573835593
29.143764511774236
35.225663993702426
70.34197627836906
66.06989217795109
-86.84265434738437
-77.75003439320062
-61.01110378779069
4.3427515338049005
49.31731120287844
71.9603264396273
-77.0832063551106
-62.345920979198645
26.54919786084878
54.595827761698104
64.34228876730577
20.07823275530538
-52.91313144501297
28.734639906446716
46.13970172190221
-52.15733246407077
65.0572874494112
9.003350431755791
64.29283356810453
70.6924526499057
-91.84323543140573
39.35639897501841
-32.252020712071854
-29.79135353491455
-72.18018567660236
73.35786542450572
87.53826920956519
-43.89815302359232
-32.03613241282409
21.27521360893492
27.88567183098249
38.76499581430642
-26.894508182347792
-35.139287804778974
95.20213650511832
33.83914183327266
30.30801431694715
-79.69082684399702
68.3145617602629
80.31459361695858
-62.73434241407825
-45.12115022495018
-8.369158865915821
11.577558003414069
-27.797650990469762
-10.796038844603274
-94.77411170431336
76.28614248230278
-99.62715963948594
-67.66958096737869
-92.64856107796311
-27.485554477570687
66.9460473300625
-12.193745314570378
7.168134671567188
-7.807173509306978
-64.57795024954054
-12.935437436027968
74.58202317296116
48.54350000050442
-55.03310437683135
-50.590046493185255
-75.4370906791267
64.12760498086644
