-30.991095152403147
-89.03075364958725
-0.7772364873185751
93.36590891677392
23.78252332751785
-50.784090106862514
36.53457474079397
57.312665188529905
-15.728548559786603
-75.80387309392411
98.80731013348284
30.723715152199304
-69.66764198996454
30.882835735192003
-7.437690198901322
-33.38812129825497
71.06063315563395
22.30845889411259
68.42060024514981
-34.328336316026295
54.64903983453513
69.29855675896371
86.80152579816982
-31.242086200514805
-4.937119731546687
-5.029893646579467
-77.93752810613033
75.19984250731315
95.99184919651515
56.1815718864608
67.16807076970287
-23.128675243782453
-84.1400475682695
0.23753071357015187
-44.27953908152402
0.10374193631992057
-41.36812481719225
73.76329289151377
16.579263179837866
43.072328391892114
20.47658491434659
3.5996946843727073
60.5474669868847
66.12890861101442
-22.724559620731128
-6.3637041312989595
2.10583168241223
-78.69946650405566
-6.708075005737513
-93.47536943437626
-16.004573259610467
-46.81154230193205
-92.85923788794148
35.65417646495163
43.69728967407812
61.435436994280366
87.90748495332238
-42.48823178798533
47.62003797484434
-26.96411366534346
93.76008980189715
94.3940527609679
8.008233713139035
-38.90958491433458
24.144616897371023
-7.785177511213675
-62.13600512956305
45.00045371258756
-33.39293627700893
87.56089311479914
-70.34557907920833
-79.29399156000053
89.8185260119595
-27.675124280011005
66.9274565513931
59.547469336290646
-64.73036399824493
82.49538863617911
-28.292306714707635
76.14729525085946
92.46844155651362
47.667214788374736
-48.79990044585849
-90.2796788991486
63.386401894973744
-56.50793540933672
-54.1981945108992
60.09825037018658
-88.0628728286405
56.87916280005382
56.807437999600296
39.708516762893396
-48.91537909047696
-53.02702477625083
-72.34397505663898
68.47324163038172
83.63360708108112
24.071571500026863
90.74315986642713
-37.416358680480364
-98.81356560440793
55.182697442741414
12.878685867269283
66.1126537036273
-35.311852089084695
40.32315892821862
-59.46469576801796
50.88171861068557
-63.31092787284216
-49.85829490742248
73.31150021211906
-65.68768723476086
5.589718971015188
-28.01391830821518
43.53247315154181
-68.67585566623475
-47.690688790815685
-82.14344655508843
21.37755405901636
-80.97515025350364
47.74417628587972
56.96812723485769
-92.71748484117721
-95.43640023999957
78.69887924119837
-96.0441955808961
67.58461942041748
95.61064563671391
24.009277375526366
45.30781339739204
49.581517827010174
53.72333329133485
4.177695432726324
20.168850092406103
56.11903875074336
96.8221701637832
44.15967143951636
-14.013153288463414
14.760334362208141
-18.733582045587355
69.05073068086818
-59.613771238646464
-74.28420750021805
-25.702048451753143
-0.5042860588522018
9.631891584109383
67.4741364440238
-39.713935688221056
-84.34003402179042
-7.449564027933818
8.611801718768476
12.96541702143712
31.469116253765577
7.103856271115291
-68.49288000156659
-78.30475904227447
51.50242903378884
83.289645955525
81.67428065869694
78.93199503297325
-70.59467744624936
91.867070674286
-45.11298403982893
-85.93291293976617
35.139564061546736
46.31406433711621
-11.57667587209852
42.593257270698075
-72.05399429074325
22.632188837553755
-58.92484865865113
-92.8552349554842
-14.751196910007323
-0.5628184538541916
47.512533711963556
-72.09029138163585
69.59448748476078
18.839725178313074
37.42266341971049
49.49957314827748
79.99061671248083
-68.52383146522136
-84.39313052959687
-67.14716274473264
82.4348070377383
-3.452064671647321
-52.66383406481165
-29.699369040674142
95.60602141510813
65.8759907395596
-75.5061553775743
21.920732038454616
93.24822367700821
47.42147224944125
-16.584085799482168
89.20571080696931
9.530469934944989
-48.092093375697374
61.01678763408799
-0.03180326618972629
43.91687079011513
-97.22869916416734
7.692776370736198
99.73430001294992
48.50900604172409
-90.20613896915297
-4.788786738530135
-81.93237895403354
-56.62961405529994
0.5290689591280255
15.305983904975989
-28.973431075886793
83.91776665685762
62.04795379783121
-95.96642665383803
-52.29671239653584
-50.191012350198164
-33.75163170288647
76.17850896645882
-32.33550360857846
30.12392597554893
61.00887696159759
90.29818439277412
-28.573426868783898
72.80761780993618
80.3657770290639
83.28015220000552
-94.69185368005392
-3.6032332165763847
-89.59007082952412
26.10848279582254
51.350385771238734
13.753225826327807
-50.30007785337911
20.84102299586054
-5.9000194863569675
30.10439558164964
-72.57265045348522
82.16346776350031
-37.5345351147073
-45.50627779966781
-54.029044223284075
58.91342988612746
44.28050267647606
69.33738054453764
29.367434367331242
23.380734212443556
-48.90021769115089
36.49355850905545
58.61971338116646
-70.187602214426
-86.9361045365915
17.76348626440793
15.183684382524802
-44.931354897465894
-69.06572587993548
34.64235406995252
-27.97940837714299
-52.001870474267655
-51.33588072498767
9.859684921994756
41.5734218602874
-47.00341301675523
-63.90818717776736
-44.08115365212601
-77.10870929990017
-68.0122159472036
91.02845507939287
54.01397156514284
50.3564140988685
-73.53552316489748
-38.25822398190788
-45.12979742651855
55.20603207617509
49.67942240861089
-45.96964121574214
-69.6484133414261
71.88636660735477
55.02310805902033
91.62584367257048
24.85761280452607
60.016238891923194
-77.0030090657153
-40.934851417416084
-53.529248984718336
92.12406731246776
20.855240947539187
78.89867006597112
-4.74829868981405
69.07997914753656
38.10004297753622
-61.975484139865756
-52.35318636131146
-59.28453776179929
51.858621229966474
-16.77747781452598
-4.7887591818874995
44.69525797565103
-99.11938863140513
-69.28885315452021
-44.249595330077554
72.13164246836035
37.30904349219577
73.12291084824204
37.60233149500536
24.166843873281024
12.30154010214386
62.56509248476107
-91.68294311680805
38.04795835088146
-17.76924055526679
8.196415094073004
11.578357162955328
-77.02239382949183
-61.029826107900284
33.87836812696642
47.30916764884731
92.9989274371797
26.734253269917033
40.226345929574194
-5.073324197961739
30.81068196574904
44.83860278018943
-4.2266571882801
62.36919606884388
-68.86180387785492
13.28157585254155
-74.32360900406101
69.6344368411134
-93.37993545149523
-41.21009072956481
2.572059444167735
6.419506555369537
55.73620111845895
-16.918881449431282
-14.51599671525507
68.42630547170359
-23.726057117534438
-65.14012080594517
5.463014348104139
11.386510383576919
67.26555405118418
4.9864291580788915
8.140807048731276
59.77461899363061
-46.290160907405344
-55.010863035220915
89.61358930982388
78.12748476444767
-42.025297248780234
12.317093892052796
-88.08365111082355
70.2296322795303
61.75321863800761
-87.97883332028518
26.7050452407519
-21.503533583238394
-32.67858701123696
83.96082892856907
67.19496669630735
-55.423165848669754
-35.481720941798955
53.89535911897593
-63.57279958683386
43.976651431299445
63.96240394584726
-91.16691613503598
97.93909305335134
-32.12580350287297
38.43979768095778
69.26504945506215
26.85568841657809
4.852228636182616
-79.89238031572012
-9.611463639177998
85.37097801006851
97.78543451158731
-43.675979451112234
26.48981473050091
-16.858934586933998
26.56079955138415
93.18714440916764
-33.6292192673469
-5.719258071899304
-83.18396347157531
93.71984695412124
97.48895349731802
89.95417767413835
-83.87292078208051
80.37474137016707
19.2980577734628
92.3813966085666
-43.6842103236563
-48.963443501918256
-9.918177111135876
-57.331320699933606
-56.621133435299356
-98.05191287345785
42.01318791336078
-5.794940273508871
-36.77522292929556
32.28939765278983
-71.43452802589493
24.95830356667325
-47.11694296802933
-55.83289484719152
75.3376442779603
-44.67902004080118
4.26902822517674
40.23795105366656
79.5652087935687
-78.08971300922767
-19.701279818078987
-47.5870312892376
-17.495110849286746
-7.573455353425999
-78.00721511851465
-16.148653772340964
58.41611043137718
43.89973377807476
30.39502954809953
-77.0807525683642
25.92050935910055
-25.709075648348986
21.089551054873994
-78.95058506908819
80.28671829149397
-50.376539313523416
63.198351832952255
90.987379772959
84.74450533654368
43.29214799177399
-67.01940972038531
-78.61257827876373
-27.006380170701846
-14.375069472615337
64.63427950301798
-10.718457318756208
-3.8134487992306703
36.85131006780452
40.06924914757991
-46.396125007081594
1.383869489534277
-95.18963870324191
-83.37523899255893
54.28557873462293
51.36897745794249
38.64054381532728
-74.23229280167871
99.98521835092126
-36.658575479540836
-81.11884299421983
74.11478664375707
96.03535358657862
89.87449198138026
54.20770221577939
12.1455519845872
22.098432406293966
-59.317023343514144
43.78049534016719
29.691624804647375
-25.736993411309058
-82.65503823446704
-44.99662733196998
-29.263690198337457
-40.93096581080009
88.62866553180885
86.74140079502081
-70.81562224518865
-19.51025198574044
-75.74077518896046
93.18297064472358
4.1085895288128285
77.72962605626591
79.84328879387252
98.00592199008648
-56.916301974657955
-35.770992496847015
-47.36441741946469
-87.84823287467476
-70.01052241378869
96.14774135182353
43.36850863120071
11.307312050594874
-62.52811051640646
-30.49040135812993
-70.73514117923179
28.469565179849127
9.771816966512546
-89.39784254974434
-88.32609717145534
-62.66300977501014
-88.60751779369318
31.751514203913672
-73.97577025336489
50.39780018913612
-20.24960488038323
-77.06642373063919
10.08517810564112
81.58889717181344
-79.2380541436232
5.06038207588189
67.97259659831516
-69.93436257041022
-20.80431999663537
29.951240213553973
-65.51586637022828
44.58119009392274
-58.87854247759652
21.161284802942106
26.426004372657317
-82.8179580379232
41.03843431968119
99.40799108765285
-24.752532196955812
-42.36762236295397
41.17566276855317
-66.30935571616936
59.90098145570266
-90.67433022106113
86.98898193800972
33.22907112684709
-71.85660199365323
-95.76938697821593
-45.77212181885657
32.851396997532305
-1.1016355307502295
77.60276523033747
49.739762008622904
-91.09081005336468
6.915979766735177
79.53563540052332
84.34648097103073
48.80216229865604
-85.62417237674602
-49.591190212725664
-50.654813923575624
-51.720588603567855
20.99165411352668
25.955663065229544
72.33253895807422
-66.69619097204955
-32.254300449802486
-90.92872752784382
-83.9104299636524
-95.60517554373762
-84.83926348620423
-84.27494690528931
-18.533253122087217
-36.13303629168549
46.020621935078054
8.306177640823577
52.53752514733861
-56.444271042022166
8.711702384054405
71.89303183815701
67.98417928665708
38.46381350448749
-52.17073831123828
68.90631158917802
39.96055196979822
76.44188772382913
-77.24791096428658
45.06344539174381
27.179961570712607
89.75724558440282
-16.285224938434254
52.52173423545605
-43.394269197230905
13.732602740346934
-5.923947621692278
-90.58097190031992
92.76594108952224
-46.485174702793984
-88.64482741693512
-55.37375628637744
42.06261879699596
-45.879125524458516
98.46914839172584
10.125182305022463
-30.783671141991192
29.6016600973131
2.5173120735903183
-74.1864672290165
-45.35869729302397
82.90539304167385
13.509682181517377
43.973764987818754
60.54136868864336
-84.0523313941026
40.11677074618635
-42.041041029780125
-11.726136968995533
-90.48187910294081
53.79405228315878
28.344551501011154
22.226241876436163
95.86300831663729
-50.82973789145675
93.00589632868804
-12.181357240575124
93.51840111264295
-30.746745393329647
-94.80867712323844
-73.37596906977642
17.935232345365108
-47.540626635014064
-23.83878950361813
23.555021262061487
69.14209952652931
-69.56492257905758
-51.06950618142443
44.612780115183796
-10.795989402021291
23.38896262117585
-63.72861080600754
21.898695295288277
-71.68121666337811
-28.614502254441092
-0.13084483070767305
43.237080313831655
47.572240629690356
88.12403623138786
43.68871382625821
-39.316325824881424
-75.9518431542398
14.407139753983671
-39.65163742121951
-52.50563555577627
-71.82624875918167
12.272107872111789
-18.474579339278833
-57.23566810249974
-87.11011633053587
-57.32891417585919
55.86666314826246
2.7069528362237065
83.98063202034857
-78.39172431038055
-20.985858475471346
15.700647654765405
13.395182981452592
14.095978624836519
-26.420984189040837
50.603968695162905
57.68604121951725
46.9715775237523
9.807870519712907
-25.249377427956745
-34.33953446873714
-16.163974674452504
-53.288219662117186
-51.88344608989015
-39.872462027260184
79.79320869811045
-67.42527926674458
12.946343810662157
-98.61306926982571
-11.51071903429066
16.233744235381934
-18.851949247149676
63.859150747877635
74.63340021471694
82.92297348249662
-29.12615855428362
-66.73144360794478
56.26726824787818
-65.60997832980144
-43.280609373935405
-76.68515081902024
41.42948007680809
-33.714512313970246
20.70973852211901
45.244552233199926
89.12739826444766
50.04990710015821
-78.89138183028577
60.82371498912994
-74.4220139045497
4.859337108143592
56.477414428921634
81.8573252359939
-81.82991597982361
-17.09459636925952
65.08073665574022
-69.75407960641627
4.669699072728122
-54.620946347395495
-14.788426291269658
-12.799031390316799
-7.522093138536732
56.7737038286474
-73.67375996188326
22.999788895311866
72.66879490881556
-0.7986301226716108
81.60945800004762
47.97595394802522
-46.0505848350025
-94.66630953562158
55.515903886248765
61.16901708467449
-70.75007525301334
68.2542887415496
49.8605684584588
-21.333432772507877
66.55975306724653
24.955163686335965
-39.79931121267004
-48.07784390279015
-18.380274396651927
46.06278732382424
18.279373521488324
54.081305101396026
42.99715825696933
18.982751489482837
-0.27457889652660583
28.57862665353045
34.30539171534622
9.911772103777963
-47.01980672549719
-1.1390859747155986
-39.48227250128016
59.98633693714751
-76.10294590865985
-2.2994011543338218
-21.79832522485981
-7.863436079423167
-57.310476359033636
-77.79279867179952
-99.75429460423064
-59.551148805933884
45.2381551068394
-23.665037122088734
-60.76999468687121
99.67321151988375
-93.90157685401289
74.51092112560855
-74.50961017076942
56.512783786666006
-77.75672762031307
70.52082191651462
-76.03562162486388
24.586765088840806
84.72655639007272
-20.057099383825403
-50.38347995914436
-57.914110870161515
-83.69145837013406
63.10039957540758
57.82730977631411
-35.82931145012047
-68.20720340378125
94.18734270136716
-30.83512487336874
-92.04200857767704
46.31531325008203
78.34290457884322
53.86657935705625
89.520009941518
-55.131451954189515
98.61273200586336
87.12084702126529
-23.733236542805855
71.73149222049494
63.86327400276039
-46.12656348163493
90.69846296786014
42.05575220775597
-31.772392095123365
-0.5353248986527603
-88.65146642215164
-11.149038235265408
-31.92079734023838
43.38239992394696
34.54698286309889
-81.47112008990875
-85.22814368501206
-36.721936170027305
30.532053048269148
-66.18947174994565
36.13032324150399
-17.485601008987928
-50.64831342184524
62.89921783600562
83.07366889696871
67.60729198485316
-70.13459621566585
-46.372180500779045
62.563161443222555
45.17696996799279
31.643194665821596
77.18181569025563
-45.69747302230762
-96.42662322371847
77.915158898821
54.03984034290542
93.16416859838054
0.6340633113069742
-23.858330751270486
-31.458584991746292
-21.959163832358215
-91.58417490471993
-35.13726528137637
-69.86224281578568
22.604721412395804
32.26042181383576
46.21720331522701
-6.47566894476337
-53.547764367293674
67.21998221711792
51.08697410578944
18.173604967445286
-15.460432099246518
-25.351654483659303
-62.03095107377958
-17.63024860658868
85.72560476033729
-24.393946634331613
-56.294569180004814
92.65695688587218
85.08690649667986
-56.65013711212708
50.96031526735854
45.479460597344826
-45.701054738055234
74.31952185679185
-21.193993088736107
-72.11696692076184
-95.27960573979071
-81.06958491393607
66.53210270275949
99.14275359538811
86.99054887145712
-60.10065469598587
-21.360857711905922
-6.35314296594089
65.81557792170955
-5.866698761872996
-53.293350618727864
-64.48572655687585
86.94253701413984
-96.72566801918052
-27.152346755571074
-36.55645568295067
-45.62698639056786
-47.6516389024519
-45.34323954214867
19.53039543044946
90.18760404163908
8.759884330722926
75.72445219856664
-43.97546066788356
-85.40703993126371
45.27685053432998
51.5311984060659
17.835741342238336
-67.48588102503024
43.71312557718355
-50.03373456166096
-49.85577477702778
-18.934077852563917
-38.9008558609848
44.6716203860646
-64.8320963956987
38.373831055683866
81.9703287725107
83.53916860774254
31.655925780037677
5.298277120916865
55.647746476751934
-76.7440719731167
73.99871158847924
6.251746506833783
51.911806283532314
62.32716751879141
64.30428318666793
8.89799215824587
49.10832601934956
10.086315390582513
-9.17922757714797
-48.576764990228696
-6.29639956275831
-73.55401492948945
49.8128779724085
53.94808868346104
-98.35751115986857
83.20964887339883
69.28190231906134
97.71549160011523
-82.61540531178287
70.38370647995816
-49.90143584703377
96.26879762699863
63.238946297710754
-92.285994737458
-39.75086957622522
-46.58633372548013
-32.058459303174175
-72.62892379115222
-85.48520466466947
-38.45868807776589
26.75979215946724
-97.68413617708431
76.50133434395946
-29.190713074629258
-82.64786024765229
1.1992156354634176
88.86985163802811
-0.6984983859470049
-9.814309004939958
-57.53922905524378
58.88846096216298
-58.7610030283265
-58.82438589930543
54.85837763435657
-89.51440529040494
69.0844750226513
-74.01505984769852
40.33381999531275
52.29709586872434
-19.566273393445528
-53.57704682577498
-18.91025696688135
-44.46218401466944
54.65882883571959
43.79103061375679
-54.64022144371528
-3.9762378773230154
-78.95609215987702
99.13660955960256
91.93890038519663
-16.049605503707326
-5.9640959802316615
-1.19839398398463
33.716086827727025
59.79585700610039
94.94072596466566
97.59068656131103
33.69688229257051
75.61762819248437
56.855974930525775
-81.71166304925181
-67.42038660406942
12.161726344937193
63.71862395782648
6.722226786428976
30.263245498594557
25.209404499122854
47.14283136702818
60.34373410987823
73.59796756181788
-48.54404821057978
-95.13298186091414
-47.54346828139491
-15.062231662157217
26.0697082929195
84.74424502572114
-34.58911995544118
78.50894210776457
89.58235880004369
19.493541774900763
-11.594804166272226
-81.31930164022567
-54.82798941716658
-76.5958332560013
70.47638669325113
29.217989839587744
26.521038670070723
30.56736498852834
-26.1334025975994
-36.08047155884311
90.12301002076546
61.24165412863027
8.229703235797842
-94.06777398194086
63.48246189235459
84.28069822588907
74.03554632420071
-81.44613868204335
87.65701965451714
-84.91389600224781
55.362847868624726
78.03613210354831
31.833496480459957
-99.7225728827458
3.842676952817527
6.989755702659096
-79.53378043105126
0.05798603203220409
55.785528501765214
-37.89488173689372
-60.60490922969679
-2.430416153579529
-27.75594232548653
-4.096029795385164
77.51713644510204
-63.146461799058315
99.08758998634474
34.72309066354708
