-19.543701600485704
30.91793929804794
27.05572091075416
-22.55902064284794
-15.673715041879575
83.54453545035437
-25.20655961492311
71.8242787801135
-26.32256458903231
-83.37267044448936
85.12928467197
8.131361901185201
-70.3103893877759
82.05218472009906
-34.49045140836202
70.08675262387555
45.75582032298641
69.80786101818009
-25.348409553404608
1.6531945505527688
-52.48377994802718
-37.83464765889815
-43.452527854257994
45.08021294618629
-18.688653696426982
99.52374444494512
-32.67200313748613
64.05216571443822
91.225542523527
-38.772803408375545
-46.469655305015124
87.96151853734693
-6.988075533661387
77.75885589809263
-91.32487368425654
11.857069823459952
-15.981014902047548
25.280659282943603
60.967310014933304
80.338154042236
87.6512010229387
-1.637978589016086
51.897974858206965
-9.555143127117162
-76.80700692297751
-98.35696653092671
-40.45788875753213
-77.82514154378282
44.160776468232115
0.32987923096288796
-70.40368825717884
-88.88907541389486
76.77907515252494
93.41267152401718
48.19080693263669
-28.359315393598706
-97.03913866500402
49.804782085254345
98.18157186830717
-79.46695792015367
4.169847087172826
2.318159078765362
-34.86656197556766
-93.74646023512103
35.21932702197569
62.96972915708116
-51.42053600713237
30.34558672561994
-30.307960986296507
-16.240930241560307
71.80494437049586
16.046423966619443
-7.645255834361393
57.17856714722214
58.20236527986077
-23.357157073388805
-41.46905511519323
-48.95110540851662
91.20276518552132
-53.50707166575403
-88.11156895528826
-96.48885494473507
-40.08281453171554
98.69770618156139
56.4134306911769
-70.04510500658341
19.60116534350543
-41.49787969917005
-26.486280843298132
33.285585822881444
91.18538780085771
59.08079581895623
47.48809150544656
19.012850572819502
-4.387497397446467
-3.6079153743556702
14.385349841864155
63.325484119264814
-68.40124867141448
73.99771261050296
65.61290666922329
-15.78798921192572
72.99231622602682
93.8878925844148
-54.84687217458482
-63.044479949696466
-55.71365148124967
96.9461479463593
-64.49785113162937
97.33795241883126
-28.322272323930605
-91.33815291703127
38.45245279462958
25.996663419900017
-71.85126774274181
-35.084697271238156
26.159987368977283
12.506922755402414
-2.275458645667854
13.688791760496244
-74.33044087102189
-13.628315648220848
-12.332537989898555
-41.62883882882793
15.442706856326708
-95.47596417895522
63.41196612310617
28.57784353510965
67.4295549719395
9.106687514481294
-47.12498477176836
42.039428344679806
15.841738460234595
28.915728267898402
70.63936292807048
26.21424528474114
10.821032025492855
60.17906965566695
57.84587919540297
-14.358106679241672
17.95522364291739
75.39275090434072
-6.490869979870723
-27.576823687545755
-57.398972390476466
62.30248041124605
-65.61734191346093
-30.026505902976325
-0.41611198599427723
-30.756142890460865
-76.21344657569607
70.09886035355655
85.41403019671827
61.87084998666077
56.154587958741615
81.10687509044004
-93.7692355935123
-37.28525136576315
83.36972771333853
73.86985337930972
41.4866526899346
18.153211300006333
73.86439096214707
-77.45049489461186
-6.992878994608034
-25.189608001865565
45.31047038025159
86.70584382820493
-74.49047904462907
-25.72802267345476
19.8289401004117
22.20949791169579
93.68790859440895
29.843775768228824
60.70215688862618
55.630926616040824
91.4731001688782
69.66638390470436
-74.7454676419774
5.32680029401385
9.828235747261616
-94.81467827638939
19.755420835847474
56.94006964169509
-47.69531859531004
-28.727065151570812
-10.253257562949415
88.1100756065112
-17.654230367544343
-89.20984973201227
-63.11285318527413
-66.6024503941856
-62.75165312739346
-43.5666704646531
10.123692358948873
34.107001476471964
37.75324121952485
36.4544673807473
-24.435893417219475
87.06635476843238
-66.60970766462167
29.823170341447394
39.57458939218159
20.07736305690939
-58.74568014027189
-80.7201156445924
-0.7306736786629955
-36.45279597889608
81.38682819439836
5.018584838228392
75.49743154138338
94.81867251107474
83.20868173647904
-22.39983386881714
-22.879595699492825
-79.65431843595077
-83.75585145201694
-35.337799260468856
-3.790538151640348
-86.93973812163696
-75.4816813766509
33.84859110008654
-72.63986242039317
9.854120008353576
67.00861246463592
5.71718488774502
-9.418754666324077
6.9003543534659855
-19.624090654691003
9.202261819133284
6.070311601549889
-95.46969789792013
73.50521132121753
-79.64742924638395
-35.40012550155376
20.84116712762605
21.03605961656811
-46.258914872354474
-94.52075541813288
33.7457240562338
-34.6767189893485
14.56028571267673
-39.11114805499232
78.18295293187214
-30.205542631380226
-6.231420174041148
-29.49970379547557
83.10200791003555
5.251337936096917
21.059259409874457
-8.311607938902242
48.336656587047344
31.554606630059055
66.5704633879011
27.6784413791391
16.877797861167608
-91.62590467144656
-53.39218744141174
45.99983912833875
-98.75434245141048
-91.69081473669718
-88.10715882499316
58.652148732458556
-81.92116800372422
90.5044462439204
70.14006155033573
83.40241751306806
26.712905387701298
-79.27700587527977
79.83778128456606
-30.468488738722698
94.6819813678982
82.6474092566261
-1.4695426298240761
9.072255093787348
35.382785799338166
27.753341724447083
-85.58585591488375
48.36382139507481
38.79526514392279
-86.87422913913474
-64.2084763511165
9.974226768644613
88.67060664991098
-10.885509963232991
24.937458788273688
-76.65938878809872
44.92749658426982
-69.84126804928422
-71.05883341625807
-2.551723791484207
-89.52736736206128
69.54538408161451
-2.8738327742037058
-72.23412760707501
-76.75966189031674
85.41821904393689
-90.74199711535739
-95.66041395609959
-47.07644189934661
43.83254827340494
-59.35220134067429
52.55928125414334
-37.28574620120244
-75.07368247123003
-73.88378517395878
63.37466481458503
-55.28244949625793
-9.217163482866965
26.22678412372099
-1.923438429717848
-7.664445372842636
98.2008779926444
-75.39815893316182
-90.90183363169568
13.934182191759731
-48.30383098359381
-76.34052392064805
35.47084285657155
45.38619900551774
-95.47340858429982
-53.013791388948775
67.70666304904839
53.0530681280278
45.84418629928314
-26.73664040020742
51.3102459585979
-9.030864761251394
36.49283549293389
11.107957701210779
-90.18098934401752
58.64321996097911
-2.0664094531337156
-77.28293917211582
-68.77628842963968
44.621136145871105
98.18505170902174
95.26486916021045
80.88688196015451
84.34072579960105
-51.320495991870004
46.96550355853441
-2.8208439288164726
-25.389966723313222
90.48904636925056
33.83605998120879
-58.70492400489673
2.623994291024829
28.809083781116158
1.014365594038452
-7.350502082225546
-15.293439478772413
91.39126918643896
-25.279653719537436
-66.18147534751928
1.9627867447566558
-6.56854189437
45.36546510044036
-20.737051864173182
79.31886424378388
-98.56293203086317
-14.235993070285161
-48.24731761841301
-87.6790428371272
29.192651360455073
-0.43976397670621736
-61.22808952133107
-3.719760464516824
27.385635935713452
66.84189025657346
-60.86946081251197
79.7203735667218
79.45102324239653
-40.76281089231622
61.832705703302594
-11.96905059058875
25.69790725638694
-88.21064606330317
9.53896063083748
71.45756560802482
20.163130406930748
27.47676466577886
-81.22607539217475
39.58257648490445
70.02158863824738
-92.99957695770927
96.4498266643165
-98.52209239938676
55.265739676253844
-58.78420038152614
45.41669035859849
-90.27289338244297
11.514501272142795
14.75954630305229
56.86165633173249
65.70279609160843
46.66382162770748
-43.07163428385239
25.914428142392353
24.61590147026662
-26.950051091282006
12.43905661886177
11.836553585211831
29.34798525126132
81.86081365680013
23.108025688709063
-6.561965680197019
-15.772711271403736
-87.27438187878016
47.57267448143176
-39.999954574137206
-24.071805722215345
-43.77032714937279
20.310959670454068
-27.11972389329935
36.8377652615041
70.402748347287
-77.244181671611
-70.84421204547266
-88.26356057162496
19.536828684835996
-18.895089085580935
59.922961682063686
40.121204140836966
-50.00111752908227
9.409360963008908
59.577487051433025
-97.82502365031347
-43.83055764548784
-69.97861062985635
76.32427594650738
-65.00328799888192
64.81970795994991
-17.446756171930772
22.30581910369574
54.9733535104715
-48.25574839950229
21.494135000395985
44.88958393066707
-66.03280460586112
60.895807537642554
-54.50131084838803
69.92093269045861
53.47605559457435
57.03752057210184
-42.743730531882804
27.553976184249038
80.83761331707908
-69.61616065035503
-42.057115424717125
-81.13316969389244
76.99244904874604
-0.8222619796567301
-59.300503430804
24.482953253818707
31.845834939886828
-32.84849752525989
-28.596292490607382
-95.01159126848775
35.86189178169417
76.49214090257351
6.226914376576985
-45.95769700780923
-80.37294386774138
-95.88075770635633
-90.74665265064192
-45.259374821924794
5.157538147796117
79.8845154856725
-43.672768537641616
-70.83490518548265
-77.13523491825967
75.97504844909542
-52.367345540407115
-95.86085661223063
-15.393557950924304
83.67945580721593
23.52762103898563
16.946964899006062
68.99569401137427
-37.01305897683316
81.90736769955535
-84.92339118124825
79.03908160735051
-83.9833457975963
-79.79675416893582
-38.914102847415386
-18.87912346479648
-61.93352111430883
1.7036315708385956
-35.488620321776665
54.86576795575158
-47.72758508915942
48.877519021597834
78.1565375427351
82.92699850824846
10.33866430339647
-22.809346227010096
-49.41664758757178
62.33959038625645
65.068199646762
39.31334711259473
18.768874626403857
58.753746990005
97.65497664496775
53.12363803489029
87.76455305161315
19.011081721997954
71.5379095588687
55.776579386990534
-82.4576942497889
-61.46281268607159
39.399057318601336
-38.01579462150717
-6.224499325525358
9.507552589696559
-86.30420397237428
-38.69835805997015
68.92914824747442
-90.52469935670588
-98.537654732233
77.5801628872789
68.35436120599263
69.69239977217592
23.540933937113934
-83.25099577095816
53.964636058601144
-32.07020125309603
-47.6094791142863
91.18937035358638
-53.77900054387048
-85.99894303103721
-50.770652167540554
37.75964914583264
38.36879026047964
-85.48298561824699
-90.94822896850243
-47.85639637880252
77.48861296157702
19.876573040399876
30.626289297052267
-27.54315727179997
18.54833799628588
20.189265188432117
-50.920373808904884
8.616208555963567
92.15564347916933
-91.75674946896659
31.683630592151843
-3.2714565748554776
-41.674897594721585
86.25916018351109
-99.29563318809033
76.32012808483773
-60.45863901948567
-65.21994164743663
-38.788449893692125
-80.83193949686753
16.58171402669906
-53.00984151367945
-39.69295022694794
-64.9631508003043
-55.7302867448076
56.10921971491359
-16.417605592961422
-46.82751395627827
-53.79358855877179
42.86315784656102
33.38552430857163
-44.9987527611837
63.76257807417562
50.969974478422586
61.249397071751105
-25.982365022820048
34.93051754505433
-0.5582370132462415
-10.081982018713504
9.179807559852549
-82.66646010837772
-10.94278999241925
51.999477163213896
-36.6700228046484
21.219445616655122
24.728478892973868
2.9911886247757593
96.11363872299268
-53.40350783072441
70.71651209382966
51.00402672888805
-4.746848721518873
72.63676009001114
-16.867847136273255
-50.6668084664448
-73.31948488108179
-61.68128393246253
21.01250460633426
46.17346157250569
20.143516366076582
-70.3847205507967
1.1033688551272718
-32.2431711094586
-9.194457866002992
-24.121409344875616
-78.06624659661364
75.83561285331763
-1.1642960596547312
-26.836122025453506
-5.423250748150494
-68.75749172091064
-15.635031284511939
-25.116400435299212
-50.64008309794745
22.02569005943677
-16.77687506601356
-83.60839023650433
38.74252096239013
-45.38746951401422
44.309460842031285
20.452853907133914
-96.65745559391613
29.995415995076
-51.34108169911107
14.902788415235776
-71.7084131784937
-73.15732922784994
-4.668545405905888
27.069215915878715
99.48036450650108
6.903792585458547
-24.051200525277878
35.591554941642016
-32.9353470989318
-66.33550533823205
45.79679410135839
-7.658309276142774
-3.9723731285678383
10.027756041109441
3.87766104929932
65.57858766165131
-89.6780668658865
-14.566331216159625
-97.77660587844044
82.83500121304911
88.65214251836468
52.31412714938352
-27.806665388076993
26.796931712776953
24.877250367922073
-83.19671962687852
81.19763039665679
-55.44774195466458
-36.34936426668123
-71.6290841031665
50.484958024681674
20.75121310380463
95.54255999050741
-53.767733859258215
-80.22769043850668
22.471694938128508
0.23757213843138913
86.58067977772407
-57.823363494288
-36.22115162123829
-91.91288708919485
56.49462109997819
76.3177197588353
7.438982615876739
-62.461507803840036
10.33455599378425
-17.715707649295908
55.522155860330855
93.82897441138425
-46.23200362821722
63.25596070059416
-39.60172562812785
-57.56193611361202
82.8997235271394
16.711413298148358
87.74254233211934
21.4553028231591
77.16995826589263
-87.54989319198903
-61.950630601328506
11.534344248419686
85.00845014336895
-64.67917174435587
-26.652494548341238
2.306715428329184
-85.59280129965923
11.4589356845904
-31.03605182086244
-94.90839125408492
48.8403417824743
87.95951940042096
-51.51522370050918
-78.89765697965919
-70.59084112272365
79.5586131039453
31.31144834226086
21.134962826032464
87.70852042444781
-98.67137624717117
18.371140674511906
1.1967434462878401
36.81455178958802
34.5751569234387
67.72700104444488
-15.217025118057464
-11.053645138868646
36.51442065380175
-83.97113941965739
62.10735456119997
53.1085389509021
-17.4443455313271
-95.5495958808719
-20.789470370214033
7.795564852912747
65.17692806131853
-9.442903650212003
25.041300203718635
-22.16013332503239
-87.42253736496812
-96.88093507794517
-60.13033369281444
-59.399642193424306
54.4657733125062
75.98611320795567
2.037013622538936
-95.46926926748583
92.51974503620485
-27.516566315294867
-42.650058890550625
74.60530753786583
-99.55207275026312
36.291033876637414
67.75382179694284
-85.6861164187267
17.880482494689147
37.33590200559979
-81.01893012289378
-19.61683443261586
-72.53944563192061
94.84560651358922
91.39704617447822
-2.825801701376207
38.43098995797092
-2.397545638216343
-61.13515677431294
92.21859876643401
44.24350560097781
2.2073199421267304
35.94344367973994
-37.246372437407985
-12.058831037120626
-54.41988304488603
11.386691689395988
55.12305011044813
54.751693731291
27.012016745388493
-45.43898890836133
64.33062656792765
-95.43258474664285
-44.8052636999017
-67.87660033708924
-25.5163629602976
63.86379586632256
30.993785011705967
-20.26723764628062
-82.11620080035253
-52.94195321723105
68.37233790457401
74.84025300004046
54.296793541534385
14.335202056419433
-17.28286116970699
59.72401221936431
10.412710424901036
66.88137208254474
-10.81887869270355
39.27017160214211
-81.20762841183311
-95.67460770965768
48.254262673941525
-48.060548952354054
-28.286817935542203
-73.76193071065838
-14.804254613068778
84.31300913837023
5.286001080713305
62.9965022475356
-73.71875135887225
-23.759587583031333
-48.30779869438111
21.69872928044738
-98.7312634391888
-81.68166619644504
-0.17373482282887664
42.92375706191777
-37.86570570476786
89.49543269541402
37.3030505242275
56.574625600177
-43.875821258881075
78.0960220818746
55.55585216437561
-66.940052826841
12.862781420373423
-60.53293117920588
64.7870232496299
18.691640208885758
-46.96420427120829
-57.586379726465765
-86.82076101741691
63.62105188518157
-68.81731396754125
62.97320641656856
-95.31380549255239
48.42759961095061
58.28937423384275
77.18684419992147
-95.84292830099277
-1.850312057372804
-60.03298752137349
-97.89890407483924
-78.23150441367339
-66.68662210913283
-58.10293897381005
44.62107386574482
91.98512846777908
-19.719570687195542
-54.60046063686317
40.249344836292266
-54.18959776744563
94.50240607475934
-51.508577037388356
92.00932939926446
81.38059362652129
-57.23680663742314
33.22072909537604
-18.908091784716703
18.229063462433984
-96.7444505250054
-31.659271124170644
-86.67909875964514
27.400032318156804
-6.436713197839211
73.91977174022938
-19.792130190837568
-39.11330018949233
66.21551355231921
-1.5560768999693693
-31.690485226473
-91.3628920341917
-16.038727626577725
-52.9746736768973
28.336873580315313
0.7682912906877135
94.85137459721989
82.6243655129245
-62.07536320514533
-75.19868940444181
36.27833332636342
-2.9514243721839932
-73.91179439314514
18.235743930166095
0.2648844932105874
55.33926052063569
96.87382273851176
-12.299152782657671
92.76474239883436
95.50167351923457
76.74614942958112
-65.87151818991548
70.26076609320185
94.36641095619436
-94.2719015473032
29.591024305497598
-48.41676752729127
80.83359607500932
-2.611496860820253
0.8290520819237628
71.63116984291358
-97.07077350136797
-19.080919497830976
4.95248938605819
-7.519658290272773
94.62847292877333
61.63279577912817
-39.329040708406616
-95.05072168008859
-48.94738031734265
-58.95009047056712
61.555011163697316
-1.9236166772623022
67.37565451591783
8.70211669733851
88.14952912874139
-43.523228981258356
98.53895518038843
-49.37909206216378
-7.751266113283023
-63.42264830818958
-54.92669404474724
76.87402442930531
-52.404428177845034
89.95359780846562
75.28942165628729
-25.851683498571248
-24.13464199625672
-54.675889830100765
45.20409746555566
-60.012074608542235
79.18324359924955
18.289456517869198
90.40983374198751
43.1432781217101
3.367682842606598
-59.53568736733879
38.42176780321262
32.808427329290225
93.25933443394916
-2.5120255276605263
44.25126667333302
-25.1509508175114
-27.07533442923716
43.36956979437042
-41.573353069660236
-85.04327570241377
-44.30948006684883
58.83925708633083
35.764935642625346
67.15327924358036
54.99611664910984
-19.70105601893144
54.98802323598494
-70.88788334923579
-86.49432458442637
57.71481298375036
-19.589143620755806
-28.120069038342052
-2.0234793094520995
61.97873085646535
25.445894749554213
51.01914005192532
95.93713054634969
-79.88976311817623
81.06794921893803
-0.7595274549736502
99.53071922437081
81.26519168814258
-70.64791715963719
12.800567690070537
69.96576919923396
-46.67340687120323
-51.921491685677836
-71.7999477843625
-54.9068993087285
70.39641938778155
-76.31081928757442
11.669800551435387
1.1937603231578606
-88.45093519173805
69.52631497533295
53.539953771818375
-53.11798636379264
-79.90530386754331
-90.29944109913627
-47.466640407839144
92.84275157096187
-83.16257559121574
-85.96895796154011
85.04387788170985
-35.86292917894738
54.121816960678046
43.06781881226257
11.65212389235333
41.77002413666071
40.144011815848984
-59.8775331347861
-21.735747789931366
29.04276865053535
84.702206260689
25.94658318697026
37.62899179650603
41.629823235349846
79.36200375467865
63.24663978490105
24.502550878731384
-97.72004073180125
40.41666665528558
28.860616610099072
-7.25105225064064
37.338425524012735
-22.291870544416568
8.136106160978258
58.790551109046106
13.693937685878637
81.53438903506989
-31.436473848943507
59.727557718907775
