35.12553168925274
-95.45183056655478
-80.73740467277284
33.26781766993338
-88.37453255449725
99.81034603828434
-98.49413971206076
75.74285817168399
81.24145756632092
-89.37268822119529
16.50730907298599
45.10924442924926
91.46474341904195
3.355567320064722
-91.0021898595898
-64.58530577709949
39.99212275269301
50.60352171947352
-68.59654440119178
55.99704338138312
-3.7542591908437544
-52.542199319342146
-44.5864181988572
84.71635510944674
40.648007792900955
98.03498767506889
-70.15971081894487
9.757994704151812
15.52624257116473
38.578348714035684
-19.218948190307188
81.74192023158383
-70.03912076213888
-87.45990659968528
82.53149936152028
11.880898284339906
38.984615229148545
-14.094682927708504
-63.669355766676894
-46.52070927477774
-42.47152698537886
-15.541050708009237
16.16641160781755
78.28734406255566
-17.69686159749284
-56.26278569251928
29.712504744976343
86.4821287279359
-24.5428499556604
-96.48439297259065
-18.386427609023087
6.267803441477454
-30.300730369317336
91.88283827825373
-10.128388470687113
38.64369644070925
-31.962821562297876
-15.27726276031045
-35.65663405127519
11.439634469098948
70.2072113610439
-58.11803854328581
-51.242546761303885
-49.906048090231245
89.33833863552019
-54.1308564463006
-42.56704327856007
25.14839824892732
22.736077169825947
-94.08171781588011
-85.85600716982816
95.43199045242281
-49.70705194039855
40.20826809452075
-65.46754792266137
-10.121699977256029
-26.339692959841315
27.448275900057624
38.09490565502065
-60.35687137313439
95.9994659211184
51.41435526400403
17.597193370340733
86.89759410058198
25.40051321869319
6.367191961370949
-55.685914043730264
92.2367438106042
-17.94313983030395
1.2433599607233816
-14.518049998131332
-40.24853665095267
4.201309170939609
55.742532613807185
52.88100652169817
31.56417317583825
-88.67843061001473
-34.87513879466739
28.12475481545701
-44.66081933143493
67.79875457671227
29.360388600369703
-30.94268545205236
5.013460963591783
32.91456133689934
3.0134288220685193
4.5210972950329165
-72.89381923960295
-41.9486495169864
-36.26316117367268
42.82738358915793
-96.44917606264356
18.224702202196738
48.21002061381151
90.52088037385255
82.73204985339265
13.792315672837319
23.207604526662678
-72.63015827189419
-60.59191106473405
36.384474754033675
4.57932625124667
-66.80539987100305
99.27494003868506
52.00136077740797
92.37765782236528
76.68072045907468
56.51371998788798
-25.021067359814822
-53.56266612433498
57.63916535340567
-57.60631215508807
5.396596882472821
-13.265916251852474
-22.87703951192306
-66.7516458546927
-56.55388611143999
-51.78268127112131
-64.35912868269895
59.4675070923503
-38.9282819959069
95.25814584909301
-56.74070080471745
-0.13180120635196602
-78.85048683851326
-86.43644682501774
-63.0112151258837
-34.47272522337424
49.447152278737434
-60.79964909549594
-63.179638281637374
74.20804365661195
62.6387287504331
-79.52129224207485
14.306469542557323
20.3227562212261
-73.0767265745881
42.14185699270078
-32.59953084470652
34.09759516140272
-76.32584686556513
20.323744677440843
33.43960615629507
41.83679096996198
-61.702640460933566
-73.49208113344147
-80.49134120227646
-48.499051682136354
-93.84072226168331
-68.18416407597867
-82.84468100658889
40.83990784949356
-13.674814250415608
-33.90965709162907
92.67940369007138
-20.027195804179286
-61.84988051558229
-90.5167268383365
12.305216167064458
61.06934097454803
-96.35461479072704
-17.060496046861147
44.125625847900864
-6.401904284764129
80.31067288028606
-93.77338377254051
-50.8814812800354
-7.175006701362179
8.524158970124802
95.20862261760271
-83.35478989699116
-7.833871577868052
-1.4751365570982102
86.09095968395832
-87.37222844851192
15.557183309834514
-42.508734950908234
-49.298205084965076
-27.795610023333793
-13.331802564601205
-20.41391692753345
-13.134703827119694
-77.07464251062999
-55.14663721067083
92.2919506447403
62.68697416407073
-59.908219260654995
80.06304763063545
-96.59906904245202
94.75518887652123
91.60641999495124
-29.690838566052108
10.296480581877304
26.457571302058057
10.0195683068212
-26.25436091419178
-50.004090619347075
71.59983730747413
32.76172322078358
-92.63263127295566
-62.85329536081261
97.47728441229842
12.099823398651694
-10.943501637262983
-4.455268508772377
-22.062771238445094
98.43258306608797
97.8326936081269
31.8849709778774
71.49873102054212
31.492706614473633
25.62074496261546
-43.528705787401755
-26.956438592359916
-1.842307066847468
80.98997244410683
52.3255118244594
-88.11391086572822
-12.054227287918678
95.13779621565232
-26.440421573349496
-12.564626137301843
40.864619893449
1.5801025522117698
-92.9215258234934
-42.85902162259789
-60.2580867963898
89.33394482946241
-47.64270277382452
44.7988891963698
33.00300510371693
18.19192886953796
18.020029476815495
-57.75728991239062
-51.59575378279615
-40.9087231346136
-10.32337756859856
-60.409326959523256
37.18300714981447
-27.556313300832883
-50.64996814554195
-50.65904520876212
-88.7400750136864
-86.38287470004529
74.33015282270961
39.78287904495164
-21.53286478461638
-8.39631551391389
-22.30434044204243
13.955808192727702
-81.26578086933151
92.13445637665126
81.4163875692762
-72.06676021328718
85.70114012282033
69.27050270158034
-30.77994923130545
3.408648820499266
-47.543979465293894
-98.25071747469227
94.11679912536027
-12.500571392927327
86.11032795102705
38.31367122311303
-40.78720573617134
-17.206179239157464
-41.53652248069135
91.47755993757974
47.9424072790367
36.595283368656
-96.04541545637795
-22.204113619241667
-41.69569670933162
-28.304130193993913
-69.53137510389836
-89.0908193444102
55.09108205169335
-97.63722349463089
-3.5860686386949965
-9.734997780656386
-88.92039184430828
62.84930851852158
-85.34191517522879
-63.573895931791455
-90.33322718729443
-38.55488404178957
25.395194262781118
-5.669056538038703
-16.72837724927423
-91.01886395257166
-85.19708824654157
41.899662773173304
-53.16527040361483
77.60423499897306
90.13923748087308
61.714243506045904
40.112203897658446
-35.85195638453487
-96.92443603115251
98.29461465562542
38.6407616146283
95.9120128206024
-37.70217716095321
-61.60204410017367
40.753532897973685
78.9619320383604
-44.634711786716544
-9.461747904295507
-29.648055019004033
-87.67892512654399
-44.43236958893089
23.99220115655676
60.61830029721435
66.34620511575454
95.29755784021668
-80.768148589036
-86.5019531616696
-82.16098245021692
54.660676064761134
96.70554333071749
88.19186216730347
85.33666936264032
-82.94957990279939
73.4972740743604
21.341578576772676
-12.031605276232995
-0.40728017677962214
-78.7088244951142
16.624407845959283
85.25729941285124
-42.67431296024142
-30.536510021891303
-83.75436600069278
-75.13625251404224
-35.62675682091539
81.083653748221
-51.55225648665655
-95.01820898103072
87.18457072678694
-60.46123391987561
17.31992079213407
2.3528844255911565
8.349397843476723
40.2888917836859
-66.78858527131746
95.6956712786627
46.30209554371939
33.467227309816565
-59.460561921113175
7.542011193735192
-91.5343414079828
29.397565135492528
-6.583081225419619
-74.36776331224691
46.959693516143204
-22.190259774013526
19.733730825788214
-52.29352682400088
15.118244969457123
-42.002563995321765
-71.25328474410584
-21.947216561398776
-58.051047557929245
-11.929264595306677
-21.45666958089248
67.77530705460143
-67.83674003433373
-55.16285870163959
-45.47480192357687
-88.29789614085985
-6.932252721114779
41.10683898482682
-23.726679395085483
-33.72282506379318
-42.57681106071094
55.46333241328131
-65.34167454418352
32.4743287396943
40.12423942407156
-40.9005938412359
-12.8000802944332
-60.15400372592854
38.019500576421905
61.60070574182208
-40.141226023558275
-10.29471039335543
-11.915919835609841
-25.979955243458647
-97.39394823145311
54.7054966807178
-89.13343860885088
49.8713881787541
-57.10640262658755
-47.489261892575605
-41.79086330568984
-59.347114049299755
-53.39581757549314
50.244827607301545
18.641831123449208
-51.41485044865435
-87.91295477233818
41.61469790936684
-24.530028545097878
4.340014661623599
90.93673507813637
-68.00697915647032
-14.754730298543905
-90.39375328913941
-73.84620761595997
71.2669083279554
72.41467868196466
78.53798891550457
23.798082009063677
68.39182420832284
12.78483436229736
76.6227393381125
96.06514449214828
47.139388382487994
33.544471195865924
62.25926703286663
12.591752551009861
-24.190710981979137
-87.95856160049678
61.496380244663186
-0.8368378663099065
-91.70906054822952
22.18093087385533
-95.48597670917707
14.002329139339452
-92.33405387570177
-52.80524524845875
-17.803862575075783
19.984646383061985
50.17814981640399
62.9988888482018
-49.39571145945409
94.18525190718208
59.457108025516504
94.40277708730696
40.10528522155826
-37.372346010886574
23.177284649979654
53.10095257602978
70.90430646311944
-52.592161208056076
-42.281610179339445
-10.600280507283472
99.30503488909176
38.7749134529451
-10.098867831525922
75.98999732141675
-5.934423996465114
-12.88358385469705
-75.55356879069011
-37.36143255187392
-44.91856900472493
41.331248219498605
98.0604867157304
82.96922933089863
62.95418301568944
-23.299667815481058
25.078096730341542
2.1658415944945375
-95.20184257788635
86.65846764515982
-47.21403907141046
-68.19912277261777
-87.98378863389271
-98.55740102831874
99.03536103402317
-51.484660655706094
1.374312588557558
89.17446088461841
94.50606837987584
-86.37858581500086
-80.3932072005609
85.8517415757373
-46.247045929083285
-2.715091120070582
-18.509126309773748
-92.4830821255854
-89.7354629561942
72.95051695206786
64.98009658602032
-21.235885405875152
-92.29246667198234
-99.67665285839813
-68.09107354447545
21.062838344621042
95.93337021701419
-12.847516366826952
-60.91012881133959
-60.073645203201224
-15.251341681986872
-53.16450385770863
-85.86304261438782
58.32778948078783
-60.88245550311229
-97.07667522966288
-31.03872794661045
8.672218061135624
89.53169416968362
-81.2970244459362
20.49094867283931
79.59482483512517
6.595700553258936
-61.363432562564356
-73.28125324848303
-93.36834801269075
36.23738476431231
53.068783340002
16.331844919195177
6.817213086923402
-86.71641736908543
-32.259147979169086
59.159320235837384
-70.66987855712546
16.192232936260396
-98.1358074071445
81.26081602091057
-32.8660893600657
14.524321114374402
51.81961165906955
-99.7128272455972
-28.13375061349288
-47.332817849166716
-82.18721088171674
62.19922862859275
-7.834525606560234
-1.0725274658231143
-96.09974978702978
23.681051424986904
97.89334290387771
-57.69164277185057
16.935536219964334
43.039624088184524
-62.0948059982529
-69.69361677154234
15.508326628366703
78.64214000914907
-17.59790649363228
93.84179698337329
-30.083035880230312
58.96654928832058
-75.57679067068035
29.931146973000466
82.86644786355032
46.01528334285038
-21.401420568063756
88.48294577098935
-54.35523360414438
96.27543361043732
-50.63050575464902
-62.98840775899419
47.517340482585325
56.371320416853365
-81.76828688509936
89.2052087281599
43.530517407041316
30.219354201862103
-30.154067807828724
1.5148040172961998
32.60803959187447
-83.07228136397256
24.38539314240586
-92.64175882495509
20.45763677319532
-58.03227509747146
50.83973691085336
74.41910073170448
71.22386073570058
-7.611030214871747
68.85898837766518
83.68339032348169
61.012716874080866
-95.48871314764922
-35.104107227197105
76.01300082967819
-63.38636049109449
35.66947171930758
29.87000653638779
4.767122355636516
46.18328007549047
69.22453963855574
55.13475440881294
29.523787411278647
37.388007377162836
-2.8618676254614996
24.641010975069292
76.73973722088004
-99.8770766185003
31.344192719246138
-94.8910925260912
36.03812620028995
33.10049705376906
4.032073714476184
-85.99240506227
-45.87203198292582
-8.359225423947308
-71.52305693157732
-1.0392901331967295
-93.89643157752839
54.689245691404494
42.956710342585495
29.815641339774203
-43.65184611096831
7.310611178036396
-99.30063532007405
-33.3144382831735
53.92114264713433
-30.713262127813806
76.6553735094758
90.96910755889064
-87.98301932352328
54.05762182644344
70.861962667022
51.218459931697
55.14126415521213
31.134681971254565
76.22180139508433
-91.77061960071802
-15.91831982078638
-93.40700728611668
80.98908613797497
-83.38869520892786
43.06147814201239
28.86577186480025
-5.244958045155883
47.4068631821371
-74.27290412714571
50.02818690322272
-58.57962613916345
82.35108862267089
29.876790533299754
59.456551832199324
-72.0361801733961
-66.52809397828054
-45.34213418991933
-46.64869922796895
-47.27288518197943
69.754660040104
-59.43513595060166
-43.23550696837635
42.7912723442013
-20.652919430902443
53.96523157227861
98.53751737860475
-22.2458824204991
8.039802036212109
45.09430941667699
-35.27892912973134
-6.7217732911567225
-75.69149004040739
-46.56869639051104
-20.077495304456065
-82.00156356514698
-30.281105497985934
-70.30025120417373
3.7896183557281518
64.06332225207527
66.90099709704353
-13.512226933836331
24.294649751594918
-90.5840850755859
33.49800078234256
-9.019514121158537
4.371073413024249
-50.853708193452896
-24.1855799707769
90.61951184669758
93.39851692238773
-42.82799280695011
-35.481592332150186
14.866958409268278
88.04960679306004
25.70785470260934
-1.296820576425688
-56.25084500624637
40.34584459302005
-68.53988013081009
-73.78813494789287
-61.55296056434314
47.28508885906575
6.375863300414281
-56.029242024744306
-79.61308011355368
-32.21715748276641
-88.66513649386394
-66.39739406334746
22.56572352181807
-14.32106181465052
-13.77548910469551
-97.85561887011742
27.795617105193983
97.37857146966059
-73.34580606188656
78.19763949049698
83.68517551593993
-50.763547130830375
-85.69493917464628
54.0321007975939
61.0822080333692
67.59810506814304
26.070125628693887
30.619870320558107
-1.838125864513799
-36.14118249844691
-31.563893661127665
40.03450197434907
53.66284327185079
-62.40610484616354
-85.55225017126125
89.57502115939161
-90.9940801010539
57.903272374475534
-13.601449199218976
-66.60448021834222
85.61381363286782
41.4982353885367
-92.46408547974487
-34.05571205505001
-80.42704992640321
-52.056976705987104
77.47655555724165
41.74809149313856
-72.31611944905694
-3.267813777048218
6.920997885982132
-92.22101772281657
-44.792264403274174
44.30526096016041
-55.58065923857678
-67.76186328898275
5.852818577530172
65.84900175764358
-1.7857855031902403
64.16562920462732
-6.215493031826952
59.520578332054185
-36.55730263447759
-38.276005502155776
51.98018089437514
11.992186447647171
-86.67797595230809
7.023142930358304
84.51448204209359
-94.88283095971302
21.732408479589992
-73.37925881971509
74.67731602605562
-84.67287192567883
6.484828225373107
-48.44925094232657
-47.20710796425615
-95.16885843437903
-91.26411744230296
-24.616217515975606
42.767381898985235
-37.88781411296394
-92.12617814008514
78.31236257166839
-88.39670146504103
-55.48071340588698
38.97571808939793
-18.568758322926698
-6.169314443981008
56.74946863441602
65.71010302405006
-69.16530979689648
45.20943917342541
3.618970334946937
-2.124113472367341
2.7031542193119833
74.01098595432077
31.711042861319328
72.02842448213619
-24.762284404285893
-90.3521644117516
-45.51193769829596
91.59256045767415
-11.699694096551312
-24.594582227319123
-78.67368682219882
31.373410503122216
59.59918226586427
33.48319757588817
-57.94373063492992
22.260171062855008
-73.35059349706219
73.06000325618032
89.12202819550697
56.32190989433772
-23.407730265392516
64.31147116259945
5.708849365200152
-2.7384336963129954
-66.71973025642997
7.940236513019585
-79.98456933291138
-49.42584239021952
-24.294921286800417
-24.38913834636429
87.03382492799312
29.899696299176014
87.57231667908266
32.40261478051153
-92.30668714286847
21.635480755452534
69.28212120821402
59.21274958538956
80.61901479737864
-84.18384763178753
48.27079009372949
9.297716192729524
52.670729638222895
59.38918493920039
77.07579728970634
-68.16689890544106
31.720459731380032
64.73400434191993
6.348618129154687
8.902794369343809
-32.58585482300438
-81.0147274478691
-47.97898820757034
-29.92268626175752
87.16783333150343
-84.46274220869805
-54.986961603518594
-66.27733518571
-78.90771066323362
-94.96350762311718
-14.911490330632063
-5.911039286485774
-90.20774207149256
77.11273158045117
52.382852099440896
94.19504088207972
39.777427144104365
-57.15640984533306
34.39684733565963
-63.5753189380827
-74.54589253208627
-26.87778937924159
25.60683091464368
-83.68334014390604
17.15384952302294
-72.07487501648458
-54.43112974463651
-89.74274378903749
-6.358004589982812
89.38405967273093
40.56124886351981
-10.714462176846439
-13.56881114216415
12.589185525693367
-2.3220361627671195
28.67931311034485
52.65380239200127
-46.75466446687659
-57.489342014244336
76.32266624626817
-75.81660433112911
-12.651585750226957
77.78082265130664
-16.830070819765638
-70.82040436236014
-90.51551031585272
43.04804792303298
13.506180827050954
68.75351567145688
50.51383427171788
95.72931369222982
-93.23027371508653
-44.47447177775297
-20.56436333249563
-19.079846658537107
34.73072106900108
-82.01281193418559
40.35653679730342
-40.93350696908749
59.84974820533705
27.372250763972687
-26.832879356694846
61.07035021031783
-90.37305470343331
93.4386675075628
39.789467831601655
83.5421360522009
73.30575620784717
46.15101991540152
72.81929960921701
78.64355790122264
-9.873020068706921
-79.6370197653412
46.66945307761088
78.97988442364198
91.40458670012507
-36.920282681647734
22.365125072724766
79.34527505548687
57.277352742497214
62.585301369690455
-72.41304103090988
90.0163384118006
-15.46872228109757
-54.30953895436992
-13.888618988002733
60.299532200676055
91.23228368618945
67.1141928079287
-47.71492150824657
87.18148560109341
11.98896908279383
32.00352553543888
73.92017139136692
82.01988524039893
83.2734466120823
81.63708759027301
-96.64148041310216
28.189274411330075
35.677331392965016
-87.36481088524488
-40.28306461658184
17.931930863629475
34.592646696556784
-26.536883330746946
-80.4229154580552
-34.73404598029053
43.59058452353685
-68.0802968177713
-74.63349556325556
-35.35639600326891
65.97104822486585
-84.96676359332866
-75.27928012159734
64.73836751865147
30.19300003565965
-70.91944075191881
95.87756610958465
80.92876693124981
10.0392946189302
35.49634173097846
-23.262091221635075
35.469586697560516
17.34896757470119
63.24006685147262
-46.65822986616106
91.05232049969908
35.0875054340155
21.163584369336448
90.11320941347606
74.8292478021155
91.93737704261565
-33.4609024724199
-92.3926190839435
-73.00808690263378
-43.699184350699284
-77.5365894437374
32.99634690568999
79.5480632845767
-15.486364235351985
-88.25436851714244
-9.355207766318642
24.055731117010424
-46.993339685864235
-19.399854567916705
30.87223626419663
69.56549618343522
33.82118690273384
-90.794379816195
82.23470189511318
-77.03446502068817
-76.08389067720675
65.81626184777934
-12.710152150370192
17.35871812697596
-31.619116036278456
95.7576401495119
-76.45124589296333
