-44.77611680443625
82.4376904353164
-67.72274942543244
69.61253798676495
15.767699676827235
-6.7365600471594576
87.73573536544683
-71.6058329597361
50.689105087950935
-90.49451272476689
3.4510867430706185
86.30436294192171
-84.90578818816437
64.85833991693889
93.31687548767016
72.93913144404328
71.27992297994228
-50.27763810012249
-39.09442202350475
42.160190436156086
43.36447139599872
-37.820703017259014
78.3717597542707
-50.29407327106421
-75.79845428099148
58.40504951386953
-21.17360880671552
20.311976812038935
11.754033253243648
34.60003006634267
-22.798211720762552
-14.056860382419671
-83.02079586946849
-12.28422401605036
88.34849010278978
92.28248197783446
-59.640276858960895
-89.7591402170452
9.303985388217967
3.930754842852366
53.76732183143565
-26.542928593381163
-75.54582721628327
-24.447412184188536
67.3030627983542
27.380236369458828
-35.424211224629886
78.40863035959825
-76.78827636192244
11.424196332099811
-54.53788469496506
30.898436444296692
15.80893007708788
23.296802836098678
-76.89487324118436
32.00508986261275
-96.42092452497972
-57.322651096020834
2.470360290328898
-12.15758775208495
-22.030965371238295
-87.17077880615003
57.94742008180296
-40.61937295557947
-72.04482904818504
75.69442038238552
49.177569125297424
59.708285060268196
-81.33485346881389
-89.00886185246712
-68.31997071681903
-19.617329042000293
48.00623128454444
-35.039322063603805
34.90032750096705
44.28516512242729
-34.046117131583415
3.9537052974184093
34.599784400721234
-73.09046759474057
41.73910158220565
5.735256502808085
-5.392746608744119
-45.133023196328324
-64.0278718022971
10.681992433441437
30.1158163179081
-24.06005911168137
-73.89737489436648
-12.474396130337269
28.817415104983354
32.566634187274275
-54.959370132984176
73.22398967032083
-55.104287080628154
-14.86883008903122
-54.354368543815035
13.182604720246488
53.61139980464645
-67.3021632282834
1.7423337639586691
-55.296025568604826
-59.548263947659684
66.27711778837363
80.09989690976772
89.9997742033851
-84.66479941284477
57.014882995326985
-60.867833023773365
-92.1860204802306
77.00160317503779
-28.02152505975002
14.826733055546867
-19.358396100663185
-2.407593141926739
44.95715325228625
-96.48364351456829
-42.775538764619526
87.73347666832646
58.45395730328974
-42.833119757365345
-77.94311060573935
98.71982937531928
-67.24276176524904
-33.7083115116054
-62.262710730115245
98.2329708968519
17.882201907100352
94.59793107441416
-82.13868927670735
-71.60401568018473
2.721331285132706
64.41218967063116
72.9186267550457
-86.59842601087178
-34.28225706816477
19.639200476385767
-6.641142865634748
-85.51644986926678
98.71913283134083
-52.232081883463486
81.58189749490592
-77.9059259172225
53.95603483169103
67.10037689933776
70.06703828247299
-59.276323788080695
20.988844232415644
36.37221885260752
56.63586719772255
32.593455030004634
-93.5072266937778
-19.261925002391948
-39.38504409292825
-53.59129385271031
63.37351168924113
6.612617620256955
2.583277266167869
-22.300477496859727
-38.458328178229095
50.21081338121337
-31.435501175992982
43.29189940638392
12.011343533152868
-85.55620815084421
76.90480342439236
-56.13646181887943
0.7390307381616452
-2.920489600510649
-83.95863033388704
-34.79502363382345
29.897171430632
-51.44533160437417
89.1545126760945
37.80457443987916
47.92887536553857
-9.12582225726284
23.845272735070438
-31.437874534453954
0.6813713804363317
33.738785630180075
-44.22007906439751
59.392386310398535
-81.81604398607081
84.60421680513932
-50.5213724954664
-95.1627653897263
72.62342743337638
-90.9390564797828
34.36248588202187
24.953058698982062
-54.36259187036359
32.56216392311015
37.207824981870544
85.51866018684476
91.46729786228858
0.25351999355774524
-46.621720369982334
-18.737874008063883
-1.69846381794774
64.22335619747818
-57.00603823110644
-92.9879378193279
84.0094065995944
-27.251829835213897
49.22978545489656
-89.66270809208359
-56.879159487932164
-64.40745954548039
24.19934330844751
96.20407963523562
-17.876614554970956
-3.7944081072625977
-87.36591773843993
-70.21012681238683
-16.329091233639346
30.54168976713575
75.4134630248079
-15.967408399962508
17.420019549879996
15.406189932567287
-30.599463618084343
45.57092678071214
40.290393492977614
93.28649393414983
83.42524539168448
11.524039435714712
90.97239418378965
-20.009883532411536
-19.72274135161409
13.008157293097412
-17.402059485276595
3.7469150521969112
-37.75613197676848
36.64625316199346
53.90837327575545
-0.4368272251815455
63.96488576878642
86.67112169223435
74.44456388599923
12.433181004451853
-83.77467309925386
15.782828366059192
-94.73547990294084
-93.09238176064798
73.73829417219292
85.72082043636615
-17.866619547952496
63.74938991708049
61.5763538583148
-67.82554735931697
-10.399796067748127
-9.223392358575282
-89.25266500594012
-65.79462122362455
-96.39680130569394
-19.716740831927893
38.560823459276776
68.35928596805931
45.1485751973708
-88.2890902930909
-0.22773180000039872
34.20024191844644
95.65688914760611
-42.33485745691243
-12.716438029215269
-46.65178398253036
52.87209480081236
-7.522559910944821
-29.83884000244548
5.218822721381315
15.013934392945075
-43.86081475457295
74.82184418238552
-25.519923669673503
61.4261049814379
3.768538430700602
-34.39574520077299
24.806061388904396
-54.09369214120301
-54.84206207593396
-75.25320425711612
-95.07268612334157
41.36275719029493
10.691668683026492
-42.89264727979128
64.18959622390531
74.13519506733914
13.188216136803959
55.128667062920755
-30.38392364506808
39.278490894421736
-61.25744694661756
4.420709268494022
-58.866057200289234
26.71151109069956
57.20213449734791
-87.42637135275737
56.37749039675043
91.0725128916755
39.34710384529967
-77.02641194861279
78.02732011788109
27.20259053968921
-67.02378030616907
-44.11675247106908
-91.26413276851765
-35.702257123388975
57.336686368941656
95.91847610247083
-76.4930605559787
-86.03050117790663
98.84754170336475
-50.29819662779258
19.227655182721094
5.8752501991797885
-70.17620721178828
-99.65410818398897
-58.6934756523827
-57.4074995923926
94.43170463825948
59.99624841065204
-57.8217963001664
17.45868220286478
78.19214168230062
84.05038232351998
87.89632918238769
-93.3159123271769
36.40569379198345
-22.813389817003753
29.995654032467627
82.8182350518122
53.450296492145156
73.17710409033253
41.19652862313646
82.90869981282961
-58.03404485638319
92.11333129943844
-59.12373527203132
-53.997426892212516
-1.4459264083681376
-40.40024079358611
12.2021217863375
11.16112747210687
-36.06133328507435
-8.140716050346455
64.91699669080418
-82.28682509989918
66.26559337502479
-98.32285781082052
95.85796821204622
20.24184679561432
86.70988215922031
-61.41006581981896
11.402377355380722
-14.726808200632817
6.743516331180643
-0.4069291229403831
-77.99830306860898
-13.54155261068783
17.47765888608339
80.41670330921968
17.100215221086884
11.020351979236011
4.438191246067106
-13.511983671436184
57.63853986046601
18.062192859509125
91.19769133096759
10.906666602371033
65.12585118191186
-70.3532824677438
-71.2229339140314
-14.870085967918811
95.43395949915623
-57.634166017373765
-41.37304883052282
-20.122581212536588
-44.913430482877125
16.488340749627767
63.05886417474488
88.87120757363047
48.14621251410523
-57.17423363089611
-42.70953891102529
-38.26478868151062
-20.00582700613478
85.31581166274003
20.701116761449384
53.63168259960821
35.67245910701905
-90.64424858328964
86.24736747909748
83.48624536157763
90.34983540403232
-32.905682283593165
-58.75063692382903
89.40223970829743
-17.38382602142235
-65.23902031639801
-39.04290271594213
64.01620409612295
1.0997513575483424
-19.756229318822633
43.06829543806725
80.05919937356924
61.09960535657703
19.259767572720435
63.71285785707056
87.84290716667184
47.40597280885436
-18.695637213409327
-24.840716613593443
-45.45834459616758
-13.176688644807015
-96.8972836727946
-74.79770140057143
-28.14963161364959
-96.1302141585301
71.0465042511729
-36.06471024730187
-45.0385385571066
-19.37848268461981
49.31303735500211
-79.76510870575004
83.38082361566154
-44.51235672488878
63.184508096665894
21.986422406867433
40.409880389974035
7.4617494532557345
-48.4247640921214
-59.26123536748318
44.47165040385033
12.481390440446162
94.297389604508
-50.73395015787527
32.44784739408314
53.611456642822475
71.48881528311222
67.70872302584965
38.94120844924552
-33.7480216252723
-18.271222365584208
-56.07518092880947
-69.41147432740814
62.496840648951746
-60.211712650028005
16.415873546018986
64.25404929446776
-86.27234301422295
-3.11321777419316
-36.04014334527774
96.88314270296735
17.72859085663289
27.041465447296602
76.11698321962274
-89.37022676888205
-82.43158803047177
-10.701573274370475
-12.066672645126445
18.938413885384932
17.556817127838855
17.73288488346128
-49.63038805497142
-79.41994740753249
58.0245014015743
-89.31069758896786
34.1707722487219
97.82770164788866
11.934730138056679
-54.24740375242574
-18.17005276263879
-11.327369507652989
-91.81745415604668
-94.20441815254141
59.64795567631833
-8.83827044800067
-72.56129192081626
-48.5974027787345
-7.34953978540689
2.9488310294482716
22.996071596499547
69.40174659123772
10.449416009519894
-23.201125852092403
7.364750992857267
-92.25947696507771
-54.60693901743694
41.59484010444601
-4.459066516074458
-96.97961664046719
17.96643269514287
22.27391433041855
73.90095972001325
-10.372888617923877
22.001934872489755
-7.648077333279659
-41.260850417308646
-68.17132066911867
58.05597848426848
-15.565586816167283
66.10858379825785
-97.1012925204432
71.880021185821
53.5798186662542
-37.689996020301834
1.8694333047361198
49.054885715838196
-31.434281214180814
30.941851764363037
-89.65366907912721
-55.447541171537786
-1.6616595573070612
83.4500245728214
81.91887944048946
66.99865047029485
-19.719997887847967
88.2042026155791
-28.773342110977993
-87.13060958819649
-99.24970391057582
86.0687209672179
11.459076301272276
-30.656568781509534
-58.05484809514279
0.7125119635178407
75.78879594981936
-95.63718455288999
-36.32804125695088
-63.770520927916394
14.478516672877475
-95.76748788103957
-9.16534439202627
19.134740514903186
98.49786652179097
72.61221924919451
40.49301029280943
-56.81965133337348
10.025996418003842
-30.47220933766664
-96.95766796597366
22.86147015591149
-53.54199169775378
35.97076028787018
-82.2936942188115
-74.20399010704182
-42.2672908766061
32.81930135540031
-21.65140337090024
-91.32823597999639
92.79734679375639
-67.66039328008597
90.62801926460929
-20.386974159669123
-31.959886814220667
0.26002100341555945
-54.87306412114237
-56.23585181479498
-2.318131126850659
-55.64154467690514
96.04075292157825
-30.896100467489916
-9.042292486844715
-72.16496496021475
-99.74283733540246
63.63305549399098
11.053586075197458
-7.457230417338849
-19.31754447920366
96.32882111389131
-94.31260504370125
96.64429635153238
67.61604758775118
96.58429795386914
17.966323335889925
32.00295807318804
3.3702541676785387
14.62508889987619
-31.811405445277003
18.723890636133376
-44.59683929916323
22.881116271104744
-23.155081720651566
-27.037076380133726
-8.546294016422479
90.70307283477968
83.54113608531338
62.56868252994269
-71.72904486730103
51.20029201821882
-70.38534987253804
79.12785522833397
-53.72655102162363
-94.32769362075332
77.74201794905971
98.2004704816357
35.77697092754434
89.10096248776608
-27.37075446325261
96.76986869939972
-8.95926238394739
-88.39065193209782
-27.28517947899374
86.40893120634928
-81.4167400731658
24.227544702952784
-78.81647462192748
-25.185923681664676
-44.928364374670096
87.75623725120764
97.05789910072343
75.71494990079415
80.49827277646321
-20.874928178085113
77.01713091070806
48.36729183758473
70.83859564145888
-60.07725839790983
-65.57985320959685
-53.690546508687966
67.3122324667664
73.4246027251713
34.73394189210262
13.656005149906278
-72.58737748171724
74.30624969181187
96.98992945644227
-32.32314123588705
-77.02288980826846
-21.54299653201197
83.97663719629423
-99.24050158037763
55.68507811548852
22.515239185462633
-57.672757654006745
53.50556557961045
-25.233948480550723
17.31798540572258
-65.41605417310952
-76.77089485698254
69.66637949099001
-13.115037651609867
-92.35646808255815
-94.61559077648356
-36.29096345130769
-49.422093644077236
-47.57894336111066
82.53300666264016
-8.585564922185313
-89.96464736578574
-91.0670532652204
70.71719306000116
-72.77070366079374
-67.92499999786416
-30.129039568658328
-49.396953621465876
-96.06500250575098
19.728979671536976
-89.33548227527652
71.22348133318391
-46.56856334854413
63.7996386053984
97.50220638430699
-0.7792155392824469
-25.948196176672838
-37.59985457304307
37.6167100263784
-60.1505838454242
78.80877580829801
-90.09971872701645
58.8530716635988
-46.64766823164934
-77.12607178715717
-66.50029191354305
64.94280193109316
-51.428056863650504
6.23379732974314
-12.304408595778398
-41.066131843375395
-91.15378867674657
56.575023302789674
10.923582546705845
-36.76590952916135
-76.38977661773336
88.26275554237287
28.436497124826502
-38.14189139107855
-40.41980938700467
76.000685773952
26.43883634092265
94.25169846533515
97.52037294959041
-62.79562643173995
38.914237533910466
97.79109324019862
90.47223663970766
95.28762267911009
-15.611293041624492
-44.79713229153226
19.526572018166746
-7.435130044417562
59.61112276160043
-79.2830823510152
80.1913597472741
42.982852565066
-93.91556627928355
-81.40590008387987
-53.13342522098481
78.43323712666827
-62.020779248334065
-79.02465388755712
-98.25149217271453
4.344876854546271
-23.221938766075525
-67.36951108875517
37.96696380240181
-62.717280522508666
77.05751233011199
-18.074570320142413
47.87545136741957
10.895893979755229
-32.19821168999843
-46.20121681676359
-75.13241300964532
-67.10983271432963
-21.186101507811216
20.878132007138504
74.7272277080732
83.52942887038515
87.21778827532668
-41.25771403587717
-66.87329814862788
-31.442877141155677
-61.77822121877612
-70.62797509238933
21.309835881415424
-86.708985487405
57.64623945347677
6.576733112333997
61.01204421815126
96.01683771649797
44.216827536641745
93.26953051032359
-25.23938081836377
-33.107396381632114
97.22172455254281
-89.70613049303637
29.2007718845814
-37.79756471481879
19.573989195058616
-59.820256728851895
-81.74381869474004
54.58247361356584
-9.343179926969313
-52.23636070516044
13.620087343267201
15.176416527208488
35.894316854737326
-4.203182402266492
5.239559602775245
88.71437037741461
-81.14264898347406
3.1048240492720396
-56.328719907848644
56.801931153176156
-63.391177881792316
-98.03441294802637
28.418584514148392
-1.6874061521770614
2.6375380150338117
-98.6317205884724
52.763350551190825
-82.72541213656457
47.088748930796584
64.88187342396856
-79.49874028693426
48.845627072534
-11.22448897797446
27.048046436906375
-78.17297342424972
36.96003921239716
-17.961640078449364
-69.2600808261096
-94.27069926700231
32.5728083274623
11.344114469702177
24.318581148794635
-23.529778283753515
14.53869567576372
87.46179535072994
-51.838294491017066
51.74932686507344
-73.65221394887854
-61.11422806453499
-35.52112941993232
-55.360233281344385
35.41258109098547
81.22330823878099
99.03875856937822
40.36196820265974
-64.23870969651107
-11.240114497812883
-1.2382760242614381
26.717801368981583
99.25745464273504
-53.12594526938306
-91.91108000418554
24.946586323965136
7.837482717003752
-68.44467566673553
-38.154019235082195
44.3803611462377
-96.33144620732664
13.382257305400032
-3.2268887319900017
12.869879316653268
-78.61087973785345
-20.742312168719067
-55.31937534520252
-42.89618167574902
68.76905604539797
51.54195613704749
13.880855007666
-86.58415020497871
-95.38111471619844
2.8115483747010046
-35.32870862732682
-36.147188567472895
-92.22261034609576
96.43388879043425
55.932950868594645
5.614019223795097
2.937090963870645
40.98439223904731
-71.16507717870928
-36.66707275124166
-43.37469135597192
74.82648620386479
41.20473845006154
-57.13707265401737
-54.548495668927146
-5.255715282147918
91.29297312034538
-99.7396328705236
-7.896062281743127
-9.363296656052839
57.29241916487837
-3.411781361146666
95.46217393713118
44.26783986735455
7.599991384978736
-60.929540598520425
33.677968535534205
-11.497077343242637
59.135033627257485
-30.752863566184047
-47.97251830707372
53.74155653974654
93.94162136415076
-40.06648799861565
17.438603126458887
-59.95113882508198
-83.54412736190446
31.413401797599192
9.760191362823292
-71.23518848437307
63.999218694266176
-17.17754187771203
-71.41952156685747
-5.007328840151914
-98.82180220944639
-15.046758883204632
-59.828279502806026
68.90606426240046
-83.55734302874815
43.697165784270766
97.70069284841156
-23.166287765604892
-51.21014777081514
-15.654482669709495
-60.74834686362374
-5.808753808944061
-45.7710133393459
-12.126443641834882
68.50582192898506
12.812159298406044
-6.673183900790704
-82.56700163482068
-12.187271143094819
69.0866597298666
-93.39769596946567
77.2314855775769
-8.202163550950203
-12.642816044615415
37.53141338976579
-18.099870299295475
-48.86025457864065
-53.92118141974298
-44.5255821366835
-69.74695727855558
-52.71534299677085
94.85704625848126
34.42961668217737
66.20146125906555
78.94465986545495
-75.21259911203428
10.80349507682459
-62.335677571170265
-30.697982137416545
-3.5746180695196017
8.972339692433764
-23.28452727880388
-98.00872772429072
-50.112660310421916
-96.16266482163802
92.57815456123694
10.056626428568322
32.218940076111835
-61.225942200397895
42.97136617431795
-4.017653395893021
-40.24828662800979
18.887927210239155
7.774897176017475
-18.69478005823477
-4.060291761443892
84.28830983957926
17.853200177991695
63.13535012729591
18.42314280128376
73.62997035482965
98.76005066552634
74.96302274259102
28.338446411650096
23.46269022886689
62.02801584931245
-52.911512885837595
-36.03084834053645
7.67121423500366
-17.507170312340776
23.96198765142286
-73.62922134857598
42.68038099626898
71.74317839012886
63.947677222281015
-92.01440992168943
-92.69639158458372
-18.61541794684581
-5.3399103869730595
-91.36021136419339
-81.67481333172759
-18.45073156028974
13.631316628201745
18.64971642390924
26.43098358777489
-59.603397085327494
-36.13156378819533
67.73346213585464
38.816933969953
-90.49858789895919
-23.54339454321442
-2.1896387969065643
61.215545907795445
62.46017343578984
49.656272333446
88.65007957368053
1.4868983635989679
-84.33323868039663
47.35680861825969
-89.47000655697819
-23.40352336037496
49.45160643682826
47.57592303748086
35.79029116482104
5.1745182597902755
58.242206976478855
-69.07151902212718
0.45012996208733114
3.4741988801198005
-81.15893743066285
-92.68104365813848
-73.82637068579905
55.3897642138769
-25.554358371735546
-99.85662894645652
-23.005010254400048
-71.89077541604303
93.54930129645317
-93.12488147668576
28.37377277091258
-85.95500715534445
31.324482858104574
45.11590760472686
-48.0571623394088
-55.23164512944736
0.6481876001283524
-42.92359774088308
33.9300442570555
94.68246420952505
