-21.175648076329168
-57.630540157259766
6.957421045813959
-48.57541185322227
90.392706928768
-96.13413746060525
-55.90872777092062
91.28433711372895
-9.652848451423225
-19.162223595503306
-51.39456672713667
-49.7074219961565
91.35942381536634
-4.973415922014794
-59.67168367406794
56.14173149776872
-13.081558460079918
-92.9368924746177
-46.64990728547311
-55.96724445532042
7.430412677322224
87.72154498065655
48.76497048899586
-92.68852326645995
-6.4543139680892665
-7.068730296493598
-64.91439507943952
48.72128815043024
-45.489886223117495
41.71116166915181
-9.329752898982704
78.84508002359541
-12.170735469921155
-60.45635992622949
76.82269972367203
71.6996214506238
-77.00850967096883
-4.451708099081614
-24.31181877317799
37.64476607989934
99.0818187312776
-42.9040708762372
51.845561522017874
-59.467135924549375
20.798097450357062
-5.791062701997163
-8.885998367679846
-5.520591878467187
77.69429508919941
13.372816072548204
20.079508286429387
-22.344464655102158
15.107802723383728
46.51116235946094
-43.83156223434834
-56.09996089082707
62.769119751753294
69.48500425898041
-60.40133540055037
32.49867249923807
98.26536542081539
5.489883807690305
30.77225539639187
-15.755750806269006
92.43131636768982
40.1072420307047
-56.201965485031465
76.39175301653776
4.918696871907514
-63.78646783495909
-99.0218653519999
-33.71501928634592
72.52343724063698
-38.4159819287988
10.099544741981958
85.54051210811892
76.6752955468101
-68.64132516088384
86.90800719033734
-12.716424597409187
37.14260717605353
59.66707690924474
23.95148454277023
60.62921694145348
27.32132140634924
-55.82139309878613
-72.25309703262144
58.04073644145143
11.944926841645099
66.84144159676282
-69.62807036801647
-62.28514151931059
28.197515739824894
-56.65864494033504
-88.68994212614199
39.20087150863543
-94.76543205548835
25.45374541427718
-19.166239684359624
-24.682187616346837
-89.39020566153113
-19.549189311843506
91.07714901409275
-87.60462381245861
-57.23377825155325
7.02834835005352
71.86877642152768
29.601915853836232
-47.666476839171956
-60.80317193072828
-76.70804464651707
96.53588462475295
89.51713041710784
-77.8625209151623
-9.829905531358136
77.03223790374707
-65.78208381213904
55.304334777741275
-86.77317313274403
-37.98757921976612
49.8386310602433
-90.42707328813357
-84.3522681518118
79.3839199722687
97.92339538119094
-61.97567599985226
91.41628996131013
78.01053314976062
-51.9917468150596
-71.71205881790996
52.46784070899608
-39.693345012675316
41.68096682936138
-23.20161612547949
-72.59603471727804
-20.85329249630692
37.286728433801244
-49.702332296266704
68.27486569681594
72.15397460353464
99.05369677548342
-0.9928001994222768
98.211854032665
-43.30124043335306
98.39201362332645
60.875069934132114
-61.3994357193455
-51.65103845368817
-77.52579602523599
-82.27450186645599
-25.24021098999502
25.514690561596055
-21.57557073961884
-38.588078026470086
94.00726233546132
-89.26266437377129
-29.953636309714724
-40.25127428397368
-36.97937164088756
8.564484748030594
-85.00402882947849
57.102098911574245
-83.60829772786771
-1.491723169413035
59.65499392156826
95.11298163833547
24.164977549397065
-73.48254815229095
-59.02733472359554
7.328404060092097
-68.37698716066836
86.63313124950594
2.03647034519075
4.572591433464652
-76.03216821425849
36.479519285584956
-12.23439731960012
-99.5129972205444
96.44521705556119
-52.47698422944549
14.427036928289994
-47.274942085134654
22.412544537100246
-85.01693736204814
78.06305505932164
76.86135356069676
60.68022175085039
-97.67553235941311
-4.994934457793505
11.44681269470324
69.54180533340485
10.422454949168753
96.48117639264936
59.49112168872125
-18.450712102308756
94.90586989643765
44.89617892675673
-33.214636091565566
69.03810514052532
-90.87443380185539
-88.31909614430522
68.4269881296324
94.52877764507508
63.39414752771333
-16.580834133072216
-74.3071260630432
-77.284110820872
14.779219359691737
-76.24384926638233
-25.048942630987597
-27.85794447001942
-64.10091071318733
31.945170868761238
-79.33265201791673
-50.132389161695755
-22.81469615128522
-26.313779983262208
85.54571335940676
-76.54830502399858
0.8815660299620305
-84.45445483005751
82.15374351126076
-66.096212757101
12.994435644044458
-3.4648609220917876
90.24134955435653
7.517163328511003
-14.605223158453228
76.99687088679238
32.430647773702674
-60.98937317416966
-24.841945825638973
50.09363454348764
-39.94691097503982
56.730859708901335
-56.54232723640402
-83.85004940689058
-80.59758374125812
27.98953450147488
-27.870604913182945
-71.42844830617963
53.13950349745903
-87.60845306902087
-42.82279505575994
74.75973738520011
-6.454551094313061
-54.10012049139872
-21.114840816677003
-67.83046331919662
-8.441982213332395
92.78615057585478
-95.81807664394792
-31.878313204037084
-9.176549666687933
-7.534210613046113
16.257869488584305
25.084762426650656
64.72216321515441
-86.86637633325853
23.9039208511157
-22.408218966646416
88.39917768293003
66.06228565070782
-45.19342814014957
62.72579802091235
79.35672555592902
-15.644467503602982
69.06508219030206
-24.580159102690885
9.982868059843454
0.49447444225340575
96.97997064218495
-50.81018493356109
-22.221162141106404
14.396768489740964
59.18678948963546
56.31619264326642
69.76612323393434
-55.818198400299046
-43.34271017806011
-67.2330014667476
-88.37555269375864
13.835729080452381
-34.84697817370221
94.96292758776812
-76.15235324189804
-96.0456615116283
14.774208902221119
-44.257046934602464
25.230426394320716
46.43691625193841
45.658884769516646
63.445024400071276
-64.14084745446773
-25.188066044762053
48.0274312936003
10.42890207942304
95.3997502903824
39.92057156748311
-71.96952298817037
31.512323802226604
-59.043643711932624
-83.78632937765144
59.05784734584594
-87.80828001748075
-85.66199421251805
98.42938174706418
29.122986244846203
-2.454425104291815
-70.26801518210402
49.234872491557326
-42.24950010480124
-29.40814772261075
19.272737022259662
-72.78202087161323
-81.26969938453637
-54.402314198114944
-78.80136920467882
-60.06059608873371
-86.84441397189799
-69.06624151833518
2.909206058010284
4.090062371429596
62.00208265170559
-30.29870469711105
-45.431877738207845
-10.821308750402721
96.8763711430019
-83.44711064058217
48.550188699051944
-52.539362372873086
75.5159531568084
11.632004827570569
-54.00028271130828
-19.861791312645934
25.247605830061005
-75.27933825645039
29.141412958435808
-15.734222311581078
93.03340654953595
81.2547167833128
-55.78993089991773
55.85883420232298
-9.102255344605453
60.4052401792855
60.48819803425664
63.00896537112118
8.562596386485538
-29.80692561643255
97.22060102421705
-65.64386164274754
19.06083090043768
-26.996551762734015
31.074252325169397
18.819174401787194
-22.993068012743365
-4.545856870203352
25.844106818268415
36.131366352651554
-84.10831295411103
44.98366483859718
11.641961252235532
38.1097939402853
52.821129118076215
66.46112277997557
11.779323307129346
-84.9497673680041
6.177022108559456
98.09923151294592
36.97731639247556
-54.97798551888555
61.89210961082955
-10.944942277316173
97.68011762025935
40.79610963095524
5.398570038136398
79.14656119529863
46.779172990536466
78.10163262641663
4.70402513213142
-24.56095722909535
-59.596706918326724
47.01780624841797
-86.8171526645177
-2.2736431537071553
-69.87508309489428
-28.123074792594267
-45.31917406500945
-48.44179178936518
9.504860963944893
21.661471524880866
-88.58649253583799
9.538042890801776
57.21573531212874
-89.58703912765968
31.576747918096117
-48.393597175083315
57.31753061005372
85.30862348319033
-53.07847931387821
-49.11323929561049
52.99982518091505
16.576848950872275
-69.97342771886966
72.89642283696736
-66.40827429666298
57.98588740070838
49.60253038825914
-17.53540603549864
-92.62028448602891
61.638017855229265
-92.56686399349314
-54.66770183163092
-2.7841142007906967
-72.95300680736412
-64.2806811045294
0.6868380734489534
53.21397782112106
89.19829576299801
-16.104399316117693
-13.142880946494941
62.739636740642254
-71.30306294915907
-94.11034489695736
-84.67848747481565
-82.37845445831904
-57.96858726841339
15.077723718979371
-50.84993112635124
97.04636744457395
-50.74547720089713
-59.86124485195323
4.683503323926487
-4.900003134785578
47.298363470441075
76.91559411493861
7.3100066670415345
39.31299027537304
90.33864611552085
-1.7746887689333164
65.03976118318164
45.605993231422445
38.111044135092925
70.43109056968461
-66.34011929044969
-45.07793534034774
58.28024147851235
10.340827054014895
3.378935407185679
-79.0111178865777
30.834888916863036
-25.345225393614328
2.865631563336393
-62.301780876452064
93.9693055385655
65.15903697332399
99.00123513761656
-33.55709167662653
87.98670907901544
-87.45637106649784
-22.911818786006748
-38.468842684063034
-85.21535809355163
25.31923415940686
57.229131863885954
87.88003248746148
-88.54568570691501
-13.911727137430148
-24.750450086730353
25.510593138543115
90.98800060933138
50.45789438567789
93.84413455617002
53.39239241749277
-60.132646290929785
14.637716220141243
87.68782040091605
-29.682293225682983
43.70013276325642
-89.41035544659933
-8.872524090023077
-89.45857636224339
-11.488161859906015
-58.84958955207833
23.218151635417357
-19.672736464495273
-45.60179402501798
-64.31820405984392
89.6589344580461
-57.86802069455135
-89.1408671407423
-40.38927672360464
14.850477117557489
90.47293565799012
21.03366158950017
-68.83231969285426
-86.58961761658878
26.292206406790882
43.95922701347331
-38.22537127459873
-96.52875120375961
-13.200157329846007
-53.38710075340274
-83.02787015740658
-70.42531575604522
79.45985523134075
12.353763126849572
34.352544273365055
15.79177528543265
55.106768633306274
-25.45233476809048
84.46341204703398
-84.56119236764484
-61.4195834702989
80.09956315105805
91.87137832767468
28.525193152048047
28.539250567517286
-51.665219507599815
-13.408614756491758
-9.904087198068098
-14.258582799341042
91.56091288995441
68.02127951789501
-26.223148341781638
22.65973762806641
47.32700009775169
67.27291781970334
-25.421671934124944
62.814118960570966
-58.04288504352579
62.65401621606705
-39.467817752772575
43.88550190908427
52.24518314563389
92.83279853062245
-34.70066354952313
98.7869634571625
94.19052422872065
-11.672456952381566
-38.651230673241365
-63.82078392212372
12.830405968774272
-17.147262315147046
-68.63320816846712
-31.847297383679035
27.018448465940153
-47.92407815782573
78.208357111944
65.4604469785815
-97.64854129939815
12.486193369360493
78.29142255611015
65.0608303813743
23.194910140105307
-22.511194776429704
39.881265760905336
78.58241568014134
11.153808054788243
28.04549216402873
69.437584352599
67.60171028602957
-43.47274389441862
10.421813077798163
-18.561240219340846
33.803173514279024
-47.28277553045326
-28.6671880272727
-3.0364936941692804
25.22906685577439
-22.9714729642819
-98.29833385879574
-58.59378305799656
-71.28862113964847
14.785175262539681
37.07116978152624
35.601661566149915
99.82433084826653
21.233803512850997
-92.61375907381687
52.073323225745696
-88.98191244137665
-50.8086090699245
21.904211588297613
18.370867026644902
93.91558871943789
-54.88479352064064
-33.039892502538535
37.79968671501442
-21.78669804029434
-9.443834965495654
73.53874391170712
71.42814960599571
48.73362343267124
-24.616780213294746
-57.2452010970317
-70.44893596178045
49.78989158480664
2.3419877463060317
52.462649544459026
26.18474392093762
14.593612270993475
85.25273833654504
22.06882406789525
-87.70058382779122
-13.285535234985034
-48.041707932185474
36.30954479697104
33.875727829372124
-77.76626996774097
-68.72672122194112
95.43458375465227
-62.17806543564943
60.22274113465335
97.2043716185004
-55.531329929187855
1.0215664951149392
-98.99019021470852
-89.8862024675288
-78.45918764694977
88.38507834894037
45.99398617729807
84.67523220527363
83.05595994542537
42.64884360487321
16.44676380417596
-6.943209083279768
86.15891074342088
73.05392517666104
28.44786243191126
-4.068478946989558
-10.342628428458966
-37.319396319764266
-88.75893099703399
45.779395045022966
-84.73858473261022
28.285290923401647
-90.53714135702278
-92.46355511266246
-75.90132613800301
-75.38169430122824
46.12371605854696
82.04226197206486
-2.0598922735130856
-67.81804898574697
-10.362037687845117
-73.18013930389493
7.895652980044886
76.9187326703655
36.00536085266117
-14.418537159757221
56.215869203560544
-12.307671939632755
-66.10297069516238
99.4441112845677
84.85222213541346
-7.634188336723341
36.6076007676962
-4.020673994143834
-85.38518959452614
50.66350092833315
-25.503683696549402
59.7358303566636
-25.38390548683583
-0.9737212432223004
97.70904362037089
76.02671988565046
-28.054807435792625
-64.28490082946207
56.35898923726947
60.72240461040573
-2.603077966961237
17.017315210912457
-4.599567232414145
-32.82086951424361
67.455394202235
-89.6289997001285
-56.94032872075423
18.65343368415779
-81.52183580063652
95.7732012276119
-11.09061344685091
66.2609024705726
1.935599441591009
61.96852317979992
-66.31982355540902
29.663609983301228
-39.73798004101803
-84.1672157689182
-97.01148576887991
65.01471005546045
39.32920612982119
22.064225531091836
42.064689543648626
79.14372448908352
-38.44592099976136
30.671517246197084
11.374340220492456
7.875006345672219
-99.65490211419441
95.86245632201437
-40.21642779142205
-88.48644977783135
-54.61110825431754
-84.81436682455607
-1.6736690971629145
-98.36351199337838
39.504881454476276
-56.25152632247183
7.352312521718105
12.374801530474684
4.418962401771537
-65.97409255934502
-81.7680750565971
86.19089804810136
-32.52356594717179
-88.83279545129766
-94.9620175970975
-51.88601727435345
31.442866361451195
36.27484170441181
66.43443317594787
10.300331480986415
-98.98633006631317
-91.771646159171
-84.63018179372368
-56.15793686248103
49.1132991361294
71.2484106289287
-60.064891241703265
56.54120856476908
-40.33000626332721
79.2225572165996
9.147218136139543
-9.98616129450545
-68.18413541426514
-1.2951927915388666
11.19399994404256
1.3430773377251626
66.48777011960041
1.96901391779474
93.5029455658017
-48.55117780283786
71.03399995335408
99.96343676551379
75.97730919989894
77.91323633259154
29.01971973806465
-87.23731275155978
95.01164161733183
54.60579945134708
62.64518313429036
77.27957698918613
51.38091359088182
74.13848955382812
-70.44901330919346
-2.699945083921108
-82.67164507626066
-13.604327819927704
-73.06988671164056
-40.685435871258505
14.047012540176596
-53.495508158695436
56.00221631818346
52.40289916410276
-88.3423087573818
44.136874622088385
3.228566794002191
-84.58937488702139
4.579739111865891
41.641667550446385
-87.13976465851255
-11.178215753613529
43.793880648938
28.97005672775694
69.91433143773892
75.12832557329338
-98.75469272190817
76.77269680155504
99.62914297730322
-49.96011013886792
-22.065502617215984
-2.375656745527337
-1.5675526264247424
-98.83575187833131
-77.0146878070336
-65.60804339092428
5.342627052752221
49.75075391114359
76.19533109113996
36.23507827578172
-83.04929609484029
62.31933302291455
91.3447354413986
-56.427263707462316
-98.62046982045163
-5.682641555372683
-35.185150024970355
-64.05439614487776
5.576493771571677
37.07418689484834
75.16484257210979
-92.33832490808183
42.49338031707015
94.17750391819112
-43.26088451203971
-59.060862458663756
-94.28039456666359
96.13384155832989
-51.0200713029292
4.26007781142637
68.33987043171484
-19.218188342116733
51.50112261045075
50.96011888710305
-48.777786405093714
84.00148793545182
78.31980298539071
-66.14937285232475
11.519459748113519
-86.06975576528777
-22.868147567862792
36.551268624152584
-70.72001034009861
-52.56468951434732
66.45036699040762
87.48644005031409
59.7681806226509
-44.45447939027298
78.23532792086371
-62.719347342227906
70.00246177118646
65.16039511057033
-50.04860679845464
-17.640444574367976
-68.76325520120483
12.282358180574576
58.44853324613774
-71.3418002666608
-0.6275335457554405
83.51256425136762
71.49062255159947
5.160454614032389
34.753632837549844
-31.018885123976887
-12.95571990497362
87.17139483644755
0.8330341624208586
-87.58347089876959
-18.12201015052024
94.09281036114527
-62.614221832865894
28.00969333169766
62.73238615517067
-39.58574800342443
90.51708296468433
-94.4068998052767
25.384856566888487
-16.757969566676053
-13.931373478530134
37.774381023949445
-65.98544290055779
-45.48476560020971
29.043927843987802
33.26513068166136
60.26731141079841
71.15003083514583
-6.465323070940144
-10.02867336729112
48.6291962510241
-2.4916111052378085
-5.7489638372484535
77.67658412296362
-3.6315162980422997
-24.466583137026632
-54.974958432020806
-76.3258235270569
-61.58210507696262
79.86546940533782
42.09902235386869
-49.62415803775342
-60.29737051642741
17.03342508309305
40.459030280749715
-52.4365061669416
86.8872997765638
-21.010040192868587
68.87062570960643
-18.762924329471062
-46.88596510966669
-87.12853353468321
-86.12974306708256
65.67251360041067
-43.63756463642379
11.448585186346833
5.0751191733309895
-50.13610430458861
-55.38994896882083
-2.593126731084695
70.18834999086889
-95.20965831657446
-83.48664550261897
89.73795117932897
68.55587911293776
70.72184876497985
3.3293940620517333
-96.45168287694392
-67.72523945365114
-27.54567265795123
84.77547889166465
84.79026887182312
-48.89742248812703
-4.953341982749677
-50.42402670890602
-55.018257892495306
17.495167833347452
-3.062921064380305
44.74581093829087
74.10162801162969
-27.479750656016137
45.36638180313045
30.526262868737888
-28.928897183074525
-94.65506090548081
87.82971458707058
27.350054021085953
52.406728064475516
-70.58047240722132
-76.02876518082773
-85.0605167372816
-20.544414434102066
-91.82691251493604
-74.26458177097805
9.23406454215477
-30.64048614825498
-91.96686106643077
98.7737697231218
96.9941951518392
-54.789693464609776
-43.01582668138633
-55.34599016266648
93.23527002641649
13.456487169815333
66.24066820926211
3.763988985567309
-26.082192440959574
45.78324337918599
82.93658656945564
18.89962018525
-11.01137532256405
-53.39756492373873
-7.629110907713141
24.734176557809647
18.704773255263916
-69.34855925484217
-55.692373645882796
12.080735478773533
-63.63253147737091
-2.367640556705595
21.153703364463297
-39.803570425524
-6.1806251664608
-32.34343250603486
31.646915596919598
64.61697639458376
54.08142689319919
-48.40437380315985
-9.541679010035594
-16.125874510948663
96.04298485088816
-90.49625135134826
46.0560481948454
16.991051352751185
68.38494769213784
-24.084698792670082
31.017682037295373
25.07540840201719
76.89371086798712
53.19572542608921
84.51384799784137
85.67454702366294
-6.627909076004926
38.449664558567434
-37.258072501405806
46.58198773934873
-28.964805447512276
78.08920070686884
15.410523662279346
-82.25632633118572
-45.73613410874546
19.219503921932485
-79.71916357378257
80.01245896942766
-39.12733509059467
45.199201131854096
-80.29329226126774
29.025430705331786
65.21121476784322
-30.54796267127233
-64.55942931406804
