7.224759786273793
85.3156198738958
72.3958867628811
-0.6595944402116203
24.68771812232633
-69.98228334136165
-39.03141712283129
7.285814533343867
-49.42178155652059
-13.060632558691736
-36.30496681714608
93.10262246790501
-74.26771939108943
30.08184257916008
78.16283097270801
49.12057495798226
68.54427690880053
1.2687806637223957
-55.11016153466392
-65.3668389344054
-80.34605093127918
-97.17489165245885
-40.59431490443836
-78.17593133422776
-67.23388716060319
-37.50043920330781
23.22251186821029
-86.60244972509774
90.2635889322363
-74.33802518871121
89.66154228475045
-68.91887021424938
50.54186365031663
87.59123677862311
-82.66464347847835
-1.5372778403241512
-11.448359188924599
81.25354623051729
79.66359845037411
-1.0352948901126098
50.60832933028075
-12.050952207093715
0.8345532286169828
-76.72597383528222
69.04459240893556
62.468876175655765
19.02489953370548
34.75274109264572
26.7846607195453
55.92090024942192
26.070143261475053
-78.96708527997961
-17.257812457502666
-95.35657830178879
-1.464278297431207
-82.01460626432986
13.287351736361842
-6.176485894369321
58.089411028177295
98.5202107044114
-89.84677927734583
97.45352582428794
-22.877664256927105
44.13686721429039
-99.20452811961388
87.85462886420359
-25.481830805815036
-86.19154706607813
59.99744846448792
-34.18948756786888
85.7609195790717
-13.902126728656157
-69.01947886580308
-17.935999989365797
76.46972028799229
44.22568419197293
86.0104096621861
-71.85379948146348
37.90319575122254
95.2070146504795
88.77753904772757
-22.23584087069075
61.45129984749448
12.38143485510001
-52.09862096738818
-69.10368198664972
-72.14590878688531
-94.3315143093831
-24.189018291889326
79.23224098453056
28.819724272151035
93.11175140818747
-10.478329884551016
48.420355974393345
26.614853149304807
88.51821412031609
-26.909247667818818
0.991357949150796
58.99325136291381
-96.73425782795029
20.205554338019454
-98.57742954820571
65.64225288903569
-23.6831013831178
-22.69809298681014
-29.09956337083439
-75.3415334215343
-33.17860296628017
-93.65041975880817
56.984618239380524
-2.9847657655524813
-4.792299839712541
11.731066420020369
-8.011134672625133
73.17581751950564
84.96275006889431
-12.030283172600818
-30.238728159626177
75.34984799070637
93.42910569205915
66.30920974975191
-73.63770014117853
25.71519629949428
-48.558652521612956
29.295248207019114
26.126415239852136
35.813968899671465
55.01315935551338
29.461250737182667
-59.018693585054564
49.68312916520159
-73.83076953209202
-39.61037999271624
-99.04049067037323
-39.327151415804074
-63.47518746955141
29.147265118634095
82.65641027367326
31.075093232004605
-53.35809951442776
-51.51431867396317
-5.166224248368096
-15.647499473774957
-65.59294787583818
79.67677291976327
79.89726847637718
99.67080259749358
-72.8032308880904
32.32049218921156
-16.586425021278046
-93.66881372291044
13.43495887842164
14.160044841226323
10.93103024298378
-6.64210943010761
-59.60575668924663
81.85618908245667
-53.69612036514664
3.029257591555236
18.21953467891788
76.08389007929708
-99.08039483672842
-51.867250629068785
-27.907960351552674
32.48592489168149
-93.79469450322262
-40.7398888400114
44.30480193366847
46.85649231471564
-14.839422010778364
55.12528537591834
-47.25722469469667
-84.59695750845835
20.463199742358327
-57.71772577862675
3.921084481177033
26.743224599742476
99.68350636301273
44.58088884829377
37.911227714024676
-58.315243263277154
62.51805148134602
62.72862331110818
10.420234216125806
10.721333593731686
2.0330055614959974
49.4958334514175
75.54164802550986
24.35590331349185
76.58512872698441
94.30691417718947
3.676862164578054
-3.2745170301247413
-27.682700965250476
-35.4457336728012
-69.65982357024853
-34.43846967240603
-96.33358011544514
-82.28946173038447
59.64667863618553
26.54894964771772
-46.153951668582096
-47.091653772473265
-79.14390795961712
-67.52311684737168
-23.870036134343138
50.50010287749393
18.16401506281558
-27.32042511548059
50.15281283633831
-29.107026823970244
18.00110366899787
97.95003300586484
89.72038398776908
-5.544873226188571
47.72553706795378
29.938587338977186
44.51344134961079
92.31932854875421
43.56224139368578
57.61698670467308
-62.26772632339903
-19.098487294159014
18.805273018275926
37.95512990985006
67.17046431802623
-92.51758930059921
-20.002623567581182
-37.83660138861747
15.639746208598055
-13.615874038731945
54.37151724389324
76.51603537694766
-62.29278145980479
-2.69895276089467
-52.59248566965737
44.909304364722004
28.41421042437227
-45.57637010034497
50.6772123922149
-10.067317122518077
-30.608840238588158
-95.03847102145733
-42.76845314566382
72.52659042105978
-12.473928043399638
-96.22875048117963
43.51321898456416
-52.01404468861568
20.612934006549906
3.0152642229133164
81.65419560604101
-77.91554536381508
42.53624489160384
33.622137819815464
-88.37852736991512
-98.5929150321656
70.4242553170547
43.467004233155535
-48.13441319468381
-31.629994778675893
-41.97954624791611
66.24639579085937
94.26549809857849
-55.81102379194645
-6.203493494384844
-68.59955396238895
78.08202767791778
-80.16513292379865
8.57669306210633
-25.45916879599588
-53.26327370024684
64.87334706657327
-98.62008817899834
-52.80843046213546
-3.248929426024489
-92.41830542659571
23.004298786613802
59.99403447364094
81.28730237105273
-92.02276641717941
-50.83497592878399
51.228999763664916
-3.547133605312311
-72.87268058386786
49.38166181569463
81.34789700215683
-39.978846514775014
-47.0694814710505
38.95731999934091
36.93403929636892
92.29666735533371
13.1562735873066
11.645662436432374
41.73092463965142
30.252256329514495
-10.36660510901936
-98.36397280207716
83.77629319656975
-11.995578074332627
-60.085193426715946
-22.191864929855726
62.190296431020585
67.17379637646573
-49.13072816356754
66.84746322396552
-15.875707768975673
-6.115712074793578
30.06117590525355
-54.97543541248226
-17.97853483244623
54.346899199759264
47.38664821421554
90.79634330168821
-95.7617382685088
-7.550133716450944
44.175632002896236
53.9336235796367
27.699759036730825
34.85758872242647
18.412368049565856
28.355381739827664
-77.30004056517586
-44.28067617152156
-16.605733631508173
70.15026185766513
-97.54298165546467
-93.79152202975808
-15.29407977850488
0.7891022273138333
9.24952346042997
90.94836292683797
-10.472248549532196
-45.71103259700868
-42.703248293148754
-53.52598371408688
-93.08939032780688
0.534080415493392
21.73215140107945
99.25290341134453
-78.06560797800539
99.23149870507493
76.25922731806091
38.946088991870255
-4.59699519437757
-2.9740931140398175
24.79902272932854
-76.23916058882692
-55.40168449552774
76.53371554443626
89.0296211235111
39.737661709863374
-56.5583983981784
-76.85112434541668
66.30667175369291
0.09931257521454029
-92.41392314642334
-49.08373475258316
-50.63515316718754
63.075011293284405
-71.96458099768842
-95.11110863990248
-92.69934776083726
73.27139608822111
12.55360822160523
36.089516746790935
35.56580374428765
-23.419618616455182
-97.13966894871629
-89.76052626656808
78.78589305638278
67.24553925525387
-56.62589648545519
90.08905493356113
-59.87081306869371
-25.108019921834185
-74.47036114852115
-42.44997108837458
80.71923509581731
-7.278117957368096
40.34823740304782
67.16046486111648
15.966356674717503
44.84190611346787
-72.47710395041423
-70.74032937068657
13.173908862321497
-87.97694546433672
97.67358319658052
72.67132430771898
72.99010596084932
-86.29903046603584
-70.86477149275584
-21.98605226486356
-91.48822773292318
-96.79822898440457
23.416419393113614
5.855853553961339
35.002609810772356
-2.7565808979976225
-4.623299254503863
7.3236157212597846
7.276838405231658
-40.18552656898955
93.03498972515146
-81.17858637690456
-61.761860805458625
-29.291862209565053
-15.441511951852021
-79.5293665848138
-91.49713452449186
33.95824131361118
-51.492133191271996
-76.23596279310158
-92.77484499776799
-63.140363725504244
-91.72677849173246
-70.8097390062391
-18.313464803183322
46.02924390988113
-26.364324543322198
-45.7135637310476
-32.349943430365286
-51.25048863840003
-51.980085468991
69.85476216161933
-43.92995913419231
22.46141218317655
-82.43890198621095
43.89250981088074
-42.900044397801416
29.37488362066412
51.50914666084296
-17.33720760591777
96.73551741207822
-64.2470872899413
-46.74601358213486
-75.11177718850558
27.368823569189544
-2.5260340674630584
-32.773762045004304
52.77796822010657
81.44334931535258
-41.15756151505279
-85.35188764527335
68.30763928639828
28.935306511555154
81.11837872252866
-80.4172695588683
43.47651645971496
-71.13527696228277
-20.26835927147374
-17.92374568701831
75.04995837816472
-78.96055486148468
-68.26390516135115
-54.5866936994595
89.12535106530731
94.32918400867379
44.16259321228412
86.11482114490968
33.193277620838074
62.28319144524184
55.95364881312619
-36.28319791896115
29.666224179578336
-64.62516401378926
27.643868082440818
33.8200224310379
99.46608070453073
-28.917729914954137
10.235459756335558
-43.44480851878467
98.72266104569997
31.015649746490567
-3.0395245424635675
69.33888417778164
23.25350134943298
45.07117916848338
59.676084626436165
80.46209589557077
-63.466960905530925
29.256394438175988
4.777285847217101
1.4503394402757976
54.225085443843625
51.36383778272605
74.48470410535856
96.83654170514546
-82.02749653631302
-89.48792141733234
24.01080794402685
-79.69578351597042
49.376388895161114
40.66811050027013
-46.09393504033979
-62.51559621184579
-24.0273693820198
-37.25243609463953
-62.964862382218726
-84.8919671110683
92.22938347968969
-55.44256540296586
-83.61287319113785
39.657147349762056
-55.835588483120915
-2.280054321546416
78.43600869098728
62.19639844278731
19.295436575898364
59.717275384309715
-5.104793276318986
-33.363248738565915
37.63823841302067
94.2489697339771
71.70733457054737
27.26262613864607
37.05780579800836
-94.03306060114684
-64.6008887345651
-78.40301343414143
-13.581035782967234
-75.41258952764503
-55.621747441119965
-70.29478691337715
-42.16552506433573
10.170213030297063
61.14414997577862
-14.25306476005494
-21.266017237964036
-46.39257458345478
12.754549919858377
58.9336955976469
76.38229339756123
74.93300686640922
42.948123173885534
56.65262512141743
-86.67445458097849
-2.058413266548854
-73.5011373754356
-18.810137039949254
-80.95840619985941
75.24943880843264
35.98276385516928
-58.191663909148076
36.63603970063747
13.512185814908335
25.33573544419916
-76.85395705783901
68.58446347543827
-89.47412495800239
-2.977976260002606
-64.56037566869432
-3.5027265796881153
30.90484221948512
-9.419388440996656
91.38230705854329
52.056724759816404
64.8632469966499
-12.574497893968939
15.791506730923757
-28.636519931366863
-30.884215006389255
38.645007245425944
95.44100068681269
8.287655458678714
-36.56793161252061
-92.33629493995767
-48.88402230458342
-33.94381116402165
51.32303666568916
6.761126217082733
-36.99587825633812
71.72161309405067
-56.774720704880636
99.61833616508656
70.37024883939372
44.25146705794219
29.438767477442354
88.94034142386994
86.73880201612906
-54.02120155514534
-79.83660700066706
-50.06986963230597
44.95471200333051
-22.890166463732186
-89.00452317873703
-13.07862689423105
16.221935969441148
-35.41468960975432
13.168650554369577
97.22836028092789
69.50653708418625
-31.810578768253862
13.446147047260595
27.240059266382374
15.6007849402001
6.52540626669709
23.930028393341175
38.762330938067294
-63.826147020589175
53.277168748445774
-40.97070910381244
-18.709771107502377
17.671047760828486
38.80147951418732
11.236059383687547
-47.75351234171197
31.944186519708495
-93.66059750875671
-3.6617917002930795
-69.23340869524326
-78.52303774255039
-1.1839494131581176
15.096522655562453
73.56146465948197
26.159803666770358
73.34925109171891
35.41291114188704
62.934061662839895
-70.38229292225108
-1.3860503194036937
-80.52717379386895
62.478971935353826
-98.20107189017078
21.39222008563931
-20.738179493308834
-21.256312567176863
-81.21797188855726
42.78328041562287
-24.96795218636305
-40.91704974699753
25.3678763227487
-32.51979162392938
33.38769128156008
-7.155357230128544
2.8898345423721707
89.57160903230809
14.706791731912404
-19.411507076521332
-93.32653224245924
33.6969305070902
13.517657592719374
24.684233285161312
-24.342720239260657
-42.04931308884821
-38.74285009994494
-34.45661130586744
-16.87706973888953
10.277590421640866
51.851720817316135
-53.60387532702118
-54.3270879220755
-3.4741865390421225
25.80032746313057
-84.87612235147246
-94.88006150950505
29.693272509614786
-26.40075968547744
-93.85893886019794
55.47828536331983
-20.346975686546003
24.768395523697833
31.92365725327707
-27.60970187861784
-11.201299300436148
-99.16128380701947
-56.06197864837772
18.382659793498973
-26.27191665390103
-0.06321978602645117
67.09894039796453
19.309235230262914
-65.02894164532887
47.96006456328877
-68.72024942735848
84.46834839645595
57.41128065169235
49.30073987588406
-74.24696217673119
16.218577180491693
56.6541563679929
-6.93509119445126
83.13215484884503
98.70123729961432
-71.59450764963498
-78.75768956850202
-86.60200842468124
-29.742525560237226
69.38680736692328
-83.24522176190084
9.937794784726762
-88.52583596762567
-89.00233124119212
-2.491661055570546
50.7869707138278
-0.47197847618276967
-99.93410749359239
-87.23921385856492
-5.202840113261445
82.33526339673628
17.28877378257296
-10.294038821340052
-72.44274203301171
-39.089400628062435
-58.88593898717374
-17.241369233952724
28.152482435541174
25.982851568986163
-19.887353835889314
69.16255067673265
-6.325542227559637
-63.559085732956966
-92.99556905182034
-67.55075896030367
-74.83583186269671
41.57742871578776
18.61540751515409
27.324554971810727
-55.78974214645898
40.535760767835654
95.31197341263038
16.4612167102012
9.069037718862987
-22.8905121669398
33.0155695569394
26.774343226916415
-53.554400207569856
-21.936035325591362
17.17186153382248
-58.6298089155328
86.7734383907854
0.18166225961022064
76.45814079520628
-68.84848386286606
54.41082599898348
-44.65348601591344
-99.18657287082671
-51.458789981599296
81.24635466291579
34.72458449550146
-36.696297106853116
-9.760060917802576
18.934384567798034
-92.52872386947888
-80.36211485457761
14.043353036480923
86.99144649853918
-51.25720563202798
53.61056983414653
39.83776015487496
-17.087674595103252
-19.919251051442387
-75.62265291453534
-89.67953521880246
26.916961723630934
64.20893533942089
-2.106917620964694
-65.92178220211065
10.237294685795774
10.78373796317402
98.91401286901873
-57.56950051044514
-17.99430350372549
51.26015438041057
42.64731640621332
98.27544701815495
-12.125792085162558
67.95740346491556
-68.90299142603735
97.6287322016004
-88.26608629062065
59.65232134686664
95.85454601996858
-30.086645643230185
-87.31834117269734
-76.21655743639657
98.06999570234146
-77.33924912733742
-64.2480663746181
-93.08448944648036
12.46887734011463
86.74505793486904
58.06007702797501
71.972536650498
-98.38632140970634
89.33180600620753
58.066484762281476
-41.99632073092954
28.06700620188002
-31.16251046719023
-1.5723540675454615
86.4437299791525
92.44163372933286
18.89472368807536
60.2449584836059
-46.53999083142093
-7.318445840873778
17.869793453033807
-82.66147787440454
21.952486321895677
74.85559845355337
-40.437517081428844
-45.34682436867248
20.155905365179834
-9.948152670462719
-9.216499030121938
2.610977098948169
-6.800711968989788
-53.360404963232355
1.673743277792255
-72.86976486432906
31.53128422487103
6.745178902608558
49.05053026486863
-19.059045823329086
29.05128333651942
43.96777550574413
-96.8975809157107
-29.138147496807846
81.98969589440372
-3.60874092902219
-63.45088898642561
4.3949726209344675
60.532316151527056
-60.07350430052547
12.787436663303993
40.44051387899083
-31.31203491825127
97.79115634649739
-69.07411603762552
82.6263651418459
-83.55153566013753
-78.41115878085373
-91.44737543923381
38.789910598320375
-22.75501286946431
26.93375659781745
38.75823794191419
-17.368801508150767
12.974224083297031
-95.80005514702987
63.104607864902164
20.83049401575117
-63.308768778984124
-95.6501189129798
-72.3441192008687
86.24356497220188
-59.63210758533106
30.84057213042439
14.732258314808291
-56.606717239015666
-61.430878690698854
64.55978826378384
94.92064072430324
13.691495000553061
-34.187522137809665
0.5648606783288415
-64.79394267237954
-96.48273519526767
-2.273530953555337
-72.84168048026649
-21.61208958272691
82.9984090130306
71.75627830963467
-74.742568106513
-9.427341798738638
13.460737558062718
31.597589978519466
50.00314678303579
17.250363821884036
66.50849358887672
84.38839334106282
83.61523960648648
-2.2071763456895894
-78.86169258856934
45.56604385940082
37.614727826057646
-53.59005240466421
-86.68946648551258
-77.9846664250349
85.75156701453068
-88.63136325195498
52.63825134337415
-63.321612687837316
-31.921975842782288
43.36014517341323
-63.953332604631875
-37.92437883156676
-10.091588548086051
72.37933672392208
93.868171281672
-66.5046166275656
-14.33745113431597
44.761854583770145
-6.805787693636319
43.06980029282769
28.517381661260686
-69.16335285784075
0.723372668935923
33.03591131310401
89.2223926966785
-26.766332910057542
-53.034921492978924
-18.04132246395487
-13.611230940883104
53.53038113939692
44.66403727288693
-18.824444010674
-90.04042203730418
-34.59935323070687
-19.82420098123636
8.83914851947381
-14.33380084803592
-1.8333655566945737
-70.06007210213511
42.22785423476043
5.795549214803984
-73.7494834042704
-9.44346145612269
-98.13570064314887
-83.15522176572532
62.842713770702744
-37.54874317793047
60.2325396550477
19.46983889323235
-14.17841430505409
85.45726785597273
59.92062781865246
83.74969443889182
66.19900219652544
-32.530983243444524
-48.5420991228251
-93.68610646650912
17.914608468428312
-96.22559906663967
70.0386036684989
54.467049496503876
75.8635534674954
-73.40947043301087
55.590001489192275
-31.787774104646303
31.30475102863332
-16.985622959439866
-96.26052418917351
81.20952074113472
-6.158950270139002
-72.1158867942265
5.569226479389428
-24.35156181269815
-99.86767326401183
-2.6474259711810646
31.557979167249385
-30.177559345846674
9.682001105346316
49.16796684750423
7.059381862328536
-95.32237068320144
-44.85321794835841
-0.1742019934302732
35.5539228454314
-28.960481698391405
8.31842212442129
-85.5571546055182
39.216562122577926
-20.01857455141547
-7.790071338604093
15.011234277851344
-62.120037006252325
-84.9524455738903
-76.9852205339689
-59.394659855478295
-79.23277239326463
15.665227859134006
26.614705607598992
92.10774816695528
30.528334855051924
46.00485327718465
89.42634245416556
-23.433124775328878
-18.301465468533507
-20.803188176040635
-62.43652311066834
92.18233827173273
-71.5150509001993
9.93937144911115
-21.96083852594515
-60.00940530534224
-75.34747755415574
26.435414706897404
-12.253387363141371
-71.49496888406247
-35.64569615668624
22.245104350177414
-15.480008297837173
-76.00298749659288
-4.379936571572074
-52.236492271328274
52.119278731952846
9.198395315744335
