96.49337612155136
71.89385656259446
-72.41832042191109
76.01751800804777
-61.7588799979609
-48.16596668902038
-42.36826980293553
95.79891148340519
-21.58892340022507
-10.141224942930592
79.83198165074643
70.36327578479052
-67.02682445075321
-42.684611296643936
-94.47551582556729
55.34902163149317
-61.91718029900783
-7.560535356373151
81.82062306523622
1.2613765522946778
75.6212660634697
-81.4035513197673
67.89446566751138
-99.69002302807701
9.275546634106078
-86.92624906868578
0.7089069629659974
15.736565510997508
-67.9280401074328
4.417064323229553
-49.04494417524583
7.865074978126231
24.926795770676094
3.18665862970677
-92.63132485144996
-80.93160329012532
-66.31832174688643
-66.39714952956726
68.15138899822514
77.17526630154654
-93.60241584107432
-54.07764322665387
57.150445495433786
-34.50669106091094
-22.280658009256186
-13.553301906821076
19.293705006537778
-98.46413606514932
-97.06580881001695
22.413025202308617
52.25865751060982
-56.99556304927409
-57.41406304383783
7.893750690449153
-66.80356370395918
-95.4487979625164
-21.118539432762006
-49.96576637012529
-99.82584514840633
46.57830710778791
-24.632887909606453
-52.292117943058834
-57.94716270900595
88.12308804290976
34.16440869625973
31.436022805750753
73.81725492458565
-3.332159617589795
-36.77933966361908
-22.99776284681741
-12.494439125120877
-7.5513876401591205
56.92098524918029
-74.61149818892379
63.31597626154314
-22.14707390740871
46.95853777601113
-23.397578122669003
38.79703118093434
60.56150358882641
-89.74793731914966
-64.83648425920953
76.11292156821966
25.515882208576528
55.6007572764623
-30.052508218306627
70.57773422561255
10.38670082356208
41.92738481313461
-45.61497886556327
-62.7698175102934
23.231915489493076
-45.981440430854946
-79.86732611291174
-51.67474168888382
-52.48554473321727
16.678838936300195
-83.25521597100143
75.81360422176641
-68.74872177576759
-37.05896386293259
91.0918520000447
28.244616288578243
68.88162898050572
-20.154494616347066
-54.281238300238655
59.545822527241654
9.353557880713879
81.3658092485718
-1.2976519136907285
22.553266481942075
68.75466121822205
-3.814220328429002
36.275615536157716
-85.92626464923761
-80.17992293264724
23.44441331236355
-76.6172289777931
-9.977826826920321
-22.894298635911994
-92.6730244956606
-22.64872347273817
-47.23520672982748
28.210687316357934
99.426670938726
21.409205624731186
-52.32837988786842
-68.79265699798687
-12.156044655294764
18.029171821184192
-47.10874058726726
91.26236067310097
-67.01039573922382
44.94708322457373
-88.20465573987453
-59.25719178613649
-95.75024840722254
57.14803907420193
-48.52446958807381
-41.63189737993604
26.190229092680383
-47.570456180214784
89.51554851110956
-1.796841760682824
88.78855140039553
-65.27290061824354
40.02594046503779
-35.25632383718049
-50.604133586743274
-55.56921146845561
-19.740497931025587
-95.4902126781111
-10.604240630712496
6.72780986875685
-72.62939126765534
-96.42045306257651
-13.771927783144292
85.59220480299007
38.238428285620614
-57.502413507208594
90.43187519631661
64.37978678793496
-36.56214797522785
-83.93018873667613
26.31317574236563
-2.47657321648056
-61.35155575024302
-18.337054227594862
-48.87920472421734
89.38166253633199
53.47900075562907
47.604308603955616
41.90430374326465
43.43095097009402
51.64120117855444
47.9605199340582
-53.35631732140893
-91.20728365224365
-75.15211618968742
14.408988144370682
71.93625584449276
82.5106201806787
-18.34746812637323
48.41990752821164
-38.51695645978228
-13.082649227425108
-13.662618474935968
27.308541430553618
71.11839540748986
-77.33953299667073
-62.27531159858823
-96.49777816394834
59.644652242122646
64.10920265425301
-7.563855705851836
77.5432081163323
25.136394246487285
-94.36644066311779
-57.751643194995886
4.857235243574706
62.52138717231057
40.54153186352352
14.263141158915204
-47.73955865947197
87.19673316740975
30.17650966235516
26.78153026516523
-36.532091741311845
-79.62956911042463
-5.9034777274539465
-27.523591991486256
-57.73658915797037
-34.054230171022866
48.44229850390164
-49.30077033255866
34.35209066112685
34.782670812026225
-21.86512538464433
21.76758754737665
-75.73441721768883
-38.61217283344472
-41.26341389095318
46.379938070601725
5.9767482010973225
68.48279022399035
44.21060520099854
-43.094069819109215
24.387700207629166
19.659238303555668
12.81876611281993
19.98131536518241
95.81184797749722
96.9681000128625
96.78570935572577
-9.977845207523387
1.4381721612568583
54.9655360388534
-91.2642517152563
-11.740151608691818
31.255057738175395
-71.50955798379661
76.15073312342633
84.0014800730973
-8.118457674127313
69.43981494148201
99.29107013731374
-19.84014281433828
65.10058575286044
50.33423928141997
51.62735673234607
59.56903622351271
-59.87420470574227
51.158811774149854
-89.4041710180774
-65.99844471082035
-99.75037249687944
26.285285265983134
-27.263594112121154
-28.513600341162217
-0.6033698295783552
-69.38486273563984
-97.19810474505562
-2.8428777962322442
-27.718601659348252
59.01430753183729
-71.74010071770297
-47.20294394378271
-11.955765293039235
67.95607691206052
-21.627369654080184
-81.50952056350185
52.1009844850021
15.097278214048714
30.46131331190182
37.96442718461202
1.8491089669516754
86.0811131058434
1.6751490108349856
-94.56184834625316
20.071164474350866
5.932771735846231
-7.616757427924341
79.70502790405337
92.55802742929339
-77.6328917354499
16.06491190619184
55.37002440810241
-92.43591471028137
67.60376974700438
25.29075792670254
-28.69892410448189
48.841402271997225
80.46719724563732
72.4098366213469
17.482446630401654
-74.31364960853676
-34.95762801235625
75.3029892610071
72.28714841494491
-27.065542329656367
56.77148481773676
30.517592011764293
-56.50859356118354
-54.96879322963697
-14.63113539422234
-21.780179307469098
-82.809404044329
-36.60870221588455
93.138663271599
91.13604723873428
-13.90713141093238
54.36711445265411
-79.31079612745475
-31.80846788700616
-8.264432113098778
-62.97674848196333
-29.637660790498728
37.08673935897272
-97.7173663588005
-81.87781098549891
32.73385517606309
99.87432251374625
-8.296083158478098
67.09482505717978
-35.726436825669296
-4.797857526222742
0.7459750990314973
38.31279994518181
14.164155354058323
3.9392283311054257
99.5220570967395
19.134896641350664
69.42600062399282
17.88275827722802
7.888025415260586
70.43915499686534
79.0275744719118
-50.30161855676947
97.07818175848351
-25.659910803655677
-42.69012494509141
-40.83337363186112
7.2620893935256134
-10.765659922123888
-13.145100564683673
-51.05632141007146
5.787818029694037
-86.77817073588217
-43.837396436644106
-58.4688610389636
14.212150075213643
96.47326147042418
-45.32322981841386
-30.18941521520722
55.29585101982383
-93.82448986159615
-32.61132530755151
32.19356948910675
-92.46461648141884
-85.82804084044096
88.66994453954459
27.128511034648355
52.79609804805
-92.49398476697786
39.24898107612421
13.002140250533586
22.72413509019715
-18.58066525358484
-92.1369222940466
-83.91589713139396
96.41840303944213
-42.58145966391464
96.09592451765528
-2.2689642630921156
-53.376701700111504
49.94892501335926
98.79463396249207
55.100697394362044
52.78585177788406
-5.862278679003083
-35.19005206508234
87.60916186783624
-18.8107055581862
-25.322562766112625
-93.75047337570126
-97.09279425289941
-4.431256319613055
65.58690316243437
95.08152678935465
-30.49896383158037
6.513761662281837
71.25969916176948
-87.09028464664321
-54.61913604675041
23.50603678116599
22.07983644793252
-96.22703222118236
-26.977127100153723
13.011905682694419
94.39511943805502
-13.783948686214458
79.22982428151656
36.35957506858912
-68.62055787354086
-66.33849544763072
53.88533923850744
21.20035199617243
-71.6416936903359
-75.56338758770187
-86.49569212060277
-11.88629761050312
-76.7177389306351
-33.15750191893689
-36.33803539461897
-69.67661908763782
95.3303581770746
26.53991174665913
-90.91997735773751
10.067851337770222
-10.420374846624398
-97.06643891246345
45.556204441968674
67.94592505636467
-82.5490973957564
28.32484982169825
-82.34612718555496
52.536645323340565
16.30555847771508
-47.960522031533515
53.46704985800548
-0.5603161495617286
57.792399933899105
-42.95605314210245
-29.67495175347419
-76.19084491070433
99.8150891583332
58.18853561877043
-11.502771892712119
64.03499948157679
36.2874377237346
-83.98730463270074
60.92490774080767
-79.58952240634096
47.49778521649347
-66.91105407453715
-94.34617910354044
15.285076430107168
47.81453074120071
37.518322168131306
23.023531112560676
17.702086835772818
-55.227564818140415
-88.8926591523817
67.8419828327479
87.87539798140631
-5.4415010615414445
-14.453742223131542
13.101010342615766
-79.56040647275523
33.251229939614404
61.721630702480724
95.6060897879122
-41.21146327566721
-25.78928229482274
47.75424562527107
33.61187349738114
98.50179165600204
72.02177491647996
-54.50294924970749
-45.91312229078402
30.180955196258367
-12.17904397122085
-99.3970191749803
-19.043941665771342
46.294905677843104
65.18677566699046
-80.62281256228647
68.56963696552737
36.83126608920827
44.42750541455206
-7.690159529408476
33.994151677814955
-94.10430013009739
50.66159968578276
80.00434900506892
70.77011416065807
-28.374307090161693
-13.759748623809202
-14.879983779269551
-48.247802809004845
-51.08502031742334
0.6141026604986166
-68.04915480678673
-81.17220083224284
11.277168007258794
75.2835563372071
51.32415777329277
18.31594551835674
-90.43496070984527
-54.96306988225752
43.354281592523336
-22.610270590022736
95.81636241784653
-13.359856264133697
93.66898826841162
-71.09548646449386
27.55170255805794
-57.87355530711964
17.715647442650578
12.618386868201341
33.58297805221781
-24.90578064528499
36.54597763332001
88.85515855631539
-16.654906444179858
-91.9165467649814
-74.50331313686176
41.69263344986868
-18.338703975603295
75.49508745000855
-38.96294830463924
-32.449679493721334
9.62137010616469
-58.07133975040222
-89.2412097267277
24.417423335257965
-28.16031221507582
-99.39141399514253
63.48808307847685
-65.91409811422338
-62.45862137396576
-75.00602433644134
-36.23072192950476
-48.73687861579656
-68.96367939760175
-69.42716506902948
9.632582694144403
94.15429252739048
64.81710868119944
-72.07716016085325
-42.643506230416506
-20.626413571489337
-99.79271724466498
92.65124526782336
45.60861956105322
26.593088021567894
-68.3633563020409
53.7732128139551
-46.64155753740884
-57.85090130801227
-54.72246808410717
7.1766889536494745
-95.22349576548646
81.54461990402936
-20.05624043318474
31.4895144560453
24.200431363404434
-95.26066999532334
-97.92649145623906
-46.05577673895902
-57.610171251135014
71.70093971695493
-31.551006210356135
-14.92975155593912
63.17071731164768
-5.546558776902245
-91.22145382694774
-24.71000085756468
1.0246050848967911
-92.9159683536019
22.78464282146328
87.39341785882743
61.63254413927305
-75.19883080395995
-29.00255864813846
-2.109895574542236
-38.14645128620604
-21.068774141980214
32.47849875181828
-20.112163881630863
17.261771821294985
-5.240861458216827
86.21645190052524
59.670867817323625
-62.769128466166244
1.674030730953362
-66.13320723546579
-9.683576833243762
71.71782607062417
1.892394550272087
-87.42042418164655
-50.863865716686774
83.83661295728493
-79.88846455037549
-49.29892257595987
98.09186736709975
-0.7971326275017816
23.511529986386677
66.24278722278683
66.86994293335212
-59.31716241342271
-11.439766492306802
4.553959212354414
8.664194406539224
28.3091828620241
69.45493334867629
58.873312373686105
-54.378990985780476
24.121097532052474
-56.386123505704646
-54.08858068871556
-29.536101693118482
58.69044439071456
67.10678332239817
-34.72030726874222
80.91460270063726
84.7024883912105
-47.01849110181169
8.850551298817578
38.20123456725673
-66.31014279642838
-72.29592260158498
31.787283843008908
77.5447365358109
-51.56274687467919
50.27340041170356
86.13701469187538
61.83266810388258
75.19811669853297
-60.06991397281239
77.87705059429138
24.24917333008206
24.869557508335106
-31.075935156536644
21.94176537812018
63.38567364783708
-80.28851773940606
20.59308560897884
-28.48264686685627
-74.83515025795803
61.71223966333187
-37.796144468222195
-58.52528984477776
-89.56039231941809
-37.089555538628915
3.288915096664496
-69.01824870065427
77.16279857431846
83.01423187392732
54.06127193186242
-71.62277539516653
97.19593465802134
6.265017563196523
-27.52560352124604
-2.310479075371987
-41.18407937017563
-14.605922434631523
32.818548441457835
40.56847444301292
-49.02264421919713
-1.6039466297959706
-90.07275757173156
61.507742719850654
63.13445233066662
46.41601858098801
17.15906464252845
83.18410488292491
55.00456086335316
-30.05442130786126
0.272966391802143
-28.783505725479074
-69.00087779872102
9.314323019629882
16.068279713045868
-24.628863615044708
92.15375302083763
-27.874684669007905
30.92919416452068
-85.75030273316449
-4.382949665392104
1.251979370465932
-69.25305258817059
49.098016164954345
-80.93554967648126
18.714967257540223
-13.227831899675067
-12.620760160904382
-8.683824390079238
-16.408078687637357
63.487860660292455
78.86119072292038
23.558980834699156
-11.803834652846334
82.45747087483934
-1.2251054073113323
30.103276457310926
-98.81061404916203
-47.55137953724251
42.35199328712895
79.2928918041915
-46.46478874680378
16.743941387447947
49.83927345254219
-31.13461825101949
27.227660709062192
-76.69645447347828
-83.23629045639642
48.39694206929593
-54.36215890213638
39.10415575195964
64.79537181901352
-26.94374064452812
77.75447067644814
68.46623911793824
-99.63960416451864
-64.84750090576772
31.45550622181662
-24.615562585633327
-70.33257933034756
85.25503726259979
16.45505432875298
-52.07206397112398
-26.28626342482714
-21.788832210817375
4.69356577705075
-66.10070711916367
-18.221422447951753
-48.49513872304616
-64.12192640243666
81.27053120389803
-98.75224157724305
87.65446199382421
17.99996586067425
0.2432909225523474
55.222854620733386
-52.92135953946262
38.171250059369214
-56.92846269355072
33.22392607167495
18.34631221136418
-83.89541725167558
-65.3455927920069
7.556367511795401
61.13084646049768
-36.48245664903151
-84.42012900007214
-19.091650796376697
5.686644811211778
-86.94851535767059
-4.849869189161566
-44.861790604071786
-46.472082141809736
2.7020701516632357
12.613714039529114
51.34724162614569
52.69259086541146
-76.76758932266337
5.511199188670176
32.25967302834013
11.666576093468066
-96.69909297220458
74.63217595748017
50.52094009332683
-84.97079419142801
63.28124015158019
-86.48254907271576
73.29172114038286
2.741010341931954
33.87257053435795
31.039356925550635
75.26972054210299
42.61876536241343
48.959690701107405
-38.6644614230631
52.201359445303524
26.06600668028767
-92.27283742922965
-2.704886928676345
-3.799699469848889
-19.813888752137146
-11.112688089132575
48.40693062725427
44.316391925516456
21.526408535272793
78.19946906033059
30.284485659147833
-69.0208196638828
-29.45004970862466
40.23798385644844
-84.15191584089825
-23.39448400753909
-54.77234565054834
99.40725370607336
18.672465937897798
-95.6558269737547
41.1733164260892
-63.84872474756595
-58.601950700372065
6.856300151759754
-54.9067803854054
16.41986767600929
-78.67664045632927
-57.36357447310119
-3.100652189989688
40.38502838323737
-20.81121596182345
44.73726886369681
43.94959575305603
33.59101192958474
-19.267247598814023
-40.280053290822046
-50.54599051467481
-56.6233360499063
-46.59262636442969
75.1606207860458
-39.640621491446296
94.9778379354234
30.385276731025783
-21.092460404802836
-66.24981515172212
-17.50422350159215
90.50188371910491
18.153580435693286
-11.188382764227072
-60.19273137237984
-63.007714021415914
51.62441894271825
61.02214993470125
-25.615083264484497
51.2742913513153
72.51078905248445
-96.29110219843832
2.972724570665548
15.47045297635185
78.52725334046235
-35.07411787519736
-44.494626243580136
-63.25725879206996
52.6326687828475
9.998512708487155
-47.756410477507735
-62.08595247128053
32.83777288381552
-20.326747532268456
-58.53719108535385
4.967071058061578
76.40161065929462
-45.9526744880431
91.84039379884629
-4.62100747215311
-59.43247214544869
88.90373256588023
89.99558708674618
74.94469941457743
-27.87001698632956
78.3031261069361
88.22023535130435
-68.35808994729217
-14.136447879361143
-56.6301383089584
-70.89346935632778
-73.18288274363802
-36.139731811138496
88.84229588087587
64.12472989867823
-71.3618817044128
-13.677549015068905
22.32779589870242
90.23020294022896
-35.03005802505213
15.37056860888228
-72.52625700394839
-10.671727211263686
-99.5728947150385
39.03267980600398
-45.457346920538576
-10.391342793885798
65.54092460482553
-22.19316948753641
89.86810221309099
-23.77258216479565
1.050988266416482
92.98692443957276
38.483381887018425
-84.02216465489613
-81.86394025835224
52.5518315221054
87.93556481583809
66.86644915670422
38.872158685351565
72.59589838287576
88.04370970968793
49.305552796318636
-9.171954079363005
29.70848960911357
-41.18789281136146
-76.29889137810895
14.094877722485904
-69.51546514808356
5.312408167762555
-37.05411793669975
-30.454612245045837
75.97282340197071
-75.31396886900401
38.481577393225336
-4.716583205912556
-58.56221392449403
18.427010610302716
75.95751855851097
78.05433224484528
8.731200626143632
4.448266444086869
-78.57108362519172
7.897145787441701
-9.082126823292242
-65.00476736206456
82.78025287317163
76.81753821727929
41.74396738020147
-94.29916727233912
-91.6462500458975
88.74353390279134
-60.43828412617906
31.174378617598336
-0.9404435566589626
-7.878664679434053
74.2006605713672
68.97791060143732
25.186115291956625
-25.188564594980605
-26.71343727672628
74.21829656377545
-72.69731203452004
40.64538461316326
62.19985623816234
79.64017760187974
43.288357600891345
92.88495014944093
77.74531232422521
34.749141820735304
13.441230088246357
-13.569828651470559
70.30026710788326
-10.709423460076081
69.61951420864182
13.281936820332405
80.27091618996403
37.18084915836366
95.90170521403866
-42.78765233583377
-71.04510391133756
-50.21796725144736
88.33548988015676
32.39324942497643
2.3695865673034007
46.22958532955508
72.48021664419892
-4.4748832715705475
-82.64215085764326
-71.3341102946149
-96.23323616197514
-16.460770227140415
-88.37556048328085
75.67804847010245
40.765230249695264
88.73362932202437
-39.95512125923351
56.50223160521901
-90.81207455237188
1.6157921243253384
93.29518886976467
43.36176936412542
0.4150217016766362
88.25369071916995
-68.95037888618603
-6.935983586638514
88.54396428541475
39.79592777726046
-54.30313784781213
-11.526018132231869
93.89579801061495
-13.4694604337313
71.10900103018903
-91.67159264651106
-38.82873124042967
-73.76654602049715
-38.05720926442226
14.291628573165056
-6.944632731157981
-54.722375617141125
-94.04066433209792
-54.56555168988992
56.80926273466983
98.74236724152766
91.42182975415781
-17.467993888419016
-63.2136499081936
-25.72872389076393
95.61107863131195
0.6844759301053216
