-34.35892772408292
75.83186882981883
-89.97873510101637
89.54573724677445
5.1604698336620345
-78.93924752016115
-44.507025552664395
-61.749519854283385
-95.84770042771771
-32.09734043857753
-61.59375833131497
32.91302129438279
5.924028008964726
33.455024268467156
-43.54356225158234
88.44373905664227
6.831002579848857
50.49995145505207
-37.74871528748971
67.08507055677083
81.29945936028753
-90.24773869179003
-42.195556620805654
40.49749776066275
-58.85846130439714
-40.72723059245025
24.759153188894615
-94.33178558689939
7.796085970242046
-29.469498067856122
89.07329708018699
84.52308603291442
-25.753775428493952
-61.496639881072525
12.5851531552196
-49.437373742412746
25.542480800442263
-41.15239029561335
87.09647528440007
-34.74122076924179
92.70572639476262
21.532500433265596
11.63001870517435
37.5515055375227
-75.3705144399457
-74.04183708630643
-87.5184666468679
-57.86275124037401
60.25762865827758
84.48150907539474
77.3741317322795
11.460342261464305
-33.52234101178719
31.021476174657124
-0.4558176110072196
84.31235436146446
-90.24593812315993
-84.56085239436253
24.034735579480326
25.596688978425618
39.404994642319224
-66.7068795835516
-62.581953173377556
53.61513363566846
-64.83286442838371
-92.05034011224727
28.678852475675484
54.79233638380043
-7.945978053985158
-35.311682623243115
60.599224383859905
-3.7250356727818144
76.54934463339816
-15.854362958707796
19.40791019672365
-33.45212738361579
72.08238871196403
82.39338108964697
39.976165058940126
-52.16392749438765
85.10794102860262
35.38703551352569
-52.153146817416385
53.23553674346866
-39.19968395874027
-73.93284223078376
88.8888650683106
78.41864741343315
4.911169980877858
-36.12510778984637
-96.263124877721
23.76097334010467
-99.6172632643477
99.89888290001915
46.8830235300841
4.525162357016939
76.40410606795817
96.50678750221701
-43.54533594432068
-70.05532063390625
-6.8446275932728184
61.50437815467819
56.53721928424278
-93.83869513131613
90.71896053026268
-80.6737837254387
2.0512248950581125
-89.73596658648793
48.54279386099296
-90.50939018073794
51.756845354684174
88.24796652921125
-49.65392384679244
77.19418193732656
88.65636157626685
20.187797562016556
55.582303549452206
41.70210802510803
45.92233686922279
-27.466918686133667
-96.55684837339074
33.811621020896865
31.88299923987921
15.105596765562822
66.34753850425005
80.36748480418433
31.144232652144495
79.90928577040683
-45.03995873386151
-88.09253480003083
60.76554063621859
84.80250604622029
-23.570618908349445
-40.452304547680804
-33.22232776179676
-9.283967606211377
33.043783975242576
-38.61934825443911
-50.080255088881856
-85.04913603161508
21.301995493953868
55.83931470791367
-11.143978263143055
74.63875401463625
22.805241560989558
-43.483319808785545
-51.562975550889135
20.631008417233573
19.012917939375612
-53.09857618890279
67.4057123820769
-52.377486043824305
13.30087643625022
-62.69382449636094
32.80943005076145
38.58877767535947
83.4116302387497
-20.181659965794196
-86.67920702612277
29.391645953345403
-34.54134142330636
-81.40423258191217
88.46196464497942
15.232406285634298
3.226479060361683
-76.97740019017598
-14.009137414330539
-43.243905585312035
62.98803547634196
80.89487357259867
44.93634740137543
46.224588124660784
8.319457705573967
42.611452497794716
25.38988605642112
-95.14636929808789
-65.72561341664561
-80.40912816458177
-13.436280854194479
-3.6501713357842647
89.65583398713986
52.63922551609562
-68.57119510887577
68.93806044311805
-89.08429487303061
-37.284912723962925
-50.98565743021677
52.38913800916632
-15.92981689892035
-65.47846224864335
69.14305984364722
11.962747445363163
86.25253959644502
-79.87687579692005
-43.964500848472255
-9.715724676631197
84.1002507242633
5.233843443831887
-74.64846466635333
45.5729098979549
29.01779301871835
-42.38310032065347
-56.962964333839004
7.193950632075001
11.382975993882923
-13.994827105359732
-54.501874045844346
-3.4737919570711995
-63.44792242624165
70.88247497773904
15.137562709636114
95.2005597394301
62.50027051780444
55.64075844766529
31.071561119668843
11.956899658634086
94.73341525690583
17.630858310349893
-65.55633930072506
-3.0409192942631336
19.958192610976184
25.679365583007936
84.5806606515622
88.74936379830939
-83.65335953740778
-16.381248904475655
-35.7340232610691
-52.48061734751624
65.25190231686639
-58.27882367317163
-7.791390315543211
1.4303752336610671
-95.95238335600959
86.81089408314986
67.83622610937482
-32.44912008578645
-45.90165667739407
-43.671309766185516
42.686880150912145
-60.09631528081365
26.229569586372577
-38.30471229066739
-98.81444441311169
-57.12590695313098
90.96022245768043
60.67426342882183
72.22764336999953
11.914671725477206
31.28421083941305
-60.0709524730276
-23.79813410111518
-29.0337296170742
-29.60767113534905
-28.24040251591488
69.06441101269371
60.2374397407425
-48.634990034446716
69.66334365327111
71.62455259970977
-26.346137666509108
-80.0401908543021
-73.69585840249933
-97.18441578552853
49.19400469354582
-87.5752961806692
-88.92017147502665
27.910549787616873
94.65771947841003
63.26916124483182
77.94759119314611
-2.3227561413151676
-82.56950914915427
38.07676776245296
58.31873206711856
30.92215696415181
-9.077005247471988
-51.63194166339049
-33.942305191189064
50.75124861576103
-84.77528187559984
69.70584643769612
51.53680475508884
90.6509441757423
95.21919387459144
38.581972766208
-85.63480830462416
-16.921270838211043
-44.09873672485969
88.4958673808118
-9.464918902243525
-83.73770465893197
-54.92699567484578
0.6598175886761055
94.43761634230341
1.6867151367654856
7.5159026333902546
18.34392307293807
12.515643625417951
1.9083511425421307
84.54151334680637
-97.98012069992113
69.59769936587435
-25.67754924447017
92.74304701612016
94.63654451769537
0.9390703171255836
64.15447829648707
80.4508564114638
-24.434680097929302
-44.62722685951106
-40.26986160219066
-7.2864905224176795
-75.00178361844765
2.864037592465479
23.40005279334045
-61.869349122753036
28.440372708502082
-60.03514198806648
19.972237032968266
31.562645275952832
32.749771485251046
78.72684599859431
55.9745363507831
10.214641674839214
72.9236141227822
-46.030785905386736
-51.62246585086487
84.837566761516
-72.9501231148505
-66.1924974797073
-51.08255574859024
-84.6272438843126
70.92366914984876
-97.6762384691416
-58.59830196401128
38.82078608786935
75.4257435875135
30.482393279689404
-47.64462432440393
81.46532458669105
-2.908170079076285
40.83212500488318
-54.15034801226815
-30.717396298114735
38.87126360431549
-28.632687008574976
90.04659346928258
72.1532824798831
71.68495302171334
-88.20076208822287
-65.4331226142058
70.2245334397218
-63.68611432965321
46.610382920039825
34.237860642111684
30.141342187779884
11.929771510315021
-75.53164235013605
-11.73481085120116
-43.070426053957746
-40.31964633854803
72.4314846327141
-27.352845674897978
37.52581438670873
-0.7386274902965368
82.15859479626795
-35.26579006050923
-97.58154542493365
40.83981996194413
42.177265272188265
3.8754896508873315
84.18044684680856
41.95997853060294
-85.11277288005282
-91.7884341934018
91.37506876367507
39.78047937609588
-93.90661159110061
-76.94070966188474
-5.889298151250159
24.157223456102898
46.611707961474366
-81.10137463404561
33.27767236969447
-95.40212916626223
-58.796172312378545
95.31846430001437
93.36610876259107
30.890929170862705
67.95347344432113
-17.210850742181734
-36.861320163348175
-92.02329848603705
-24.269573528421688
19.38964432908672
71.32403093954392
-65.41141836430558
-76.18931170520685
91.73286810765958
90.26522293941349
2.915456876893302
-79.92029317337581
78.1823081410966
15.505833655908432
98.56626500980104
-75.73202193806041
42.79998861733708
16.998630754701338
72.03344297840039
47.489239547928435
14.528507414619199
6.996660408168282
10.634173784561796
-18.736505424919542
58.8860822454908
-45.024618363993675
39.36455695642087
63.18134226676142
81.77723838348237
-27.834720743979773
57.92639271580035
-57.72564194287027
-82.85998348327874
-91.47944783958232
-30.33490146457713
31.00506698115629
34.332340292792
-73.4440711143177
-23.492934980925128
99.29923117003062
51.998452656688016
8.193406895750584
61.770368856019644
70.88941675102859
-54.5927074753475
77.85934452022897
-27.078156432693007
-85.20364753398883
66.70713609642979
-24.137956844327604
57.51085891061143
82.23114215962508
47.25692004262413
41.87207307356772
67.38946173715428
-83.41265449995284
10.917338723587818
-36.65908716213608
35.619635298348385
30.629108966070646
-0.10908745506630169
80.77368340834227
-29.96523516164848
-2.3048565384127215
65.46662550852807
26.2835011373042
-81.05114651309633
-35.02934616362374
-47.55423847755902
44.08869662720025
71.30211667883381
29.089630047979796
-6.67669293426583
77.92321190336784
50.39088039207701
48.66055997515309
48.86444500843018
96.4586452807244
10.83818155004414
-76.37405499579512
91.67556403680197
52.13863291530856
67.09158502405171
66.96495029546267
-98.56166860629668
-66.77038179270644
92.52876521700969
-43.468357506208896
77.49419821783471
17.05216019587101
36.13283739202214
90.03764820327271
-13.834264117813007
-9.872730532079515
30.377240678113424
-3.048980717960248
62.66641695070973
64.66530387055559
66.70743727907578
-35.44378695439599
-91.75107474483784
-88.274675239404
-91.28649605239947
31.910618874874018
38.670442524858174
17.870827792556327
22.260951751589644
-97.38025786332504
78.71202265800358
-41.2967519229573
88.18770269287154
83.94343172785281
-10.957401491939265
-24.872789636877684
25.2204379466649
19.998256214067794
33.64112353849313
-12.287211515048924
-30.35997604684688
1.2191746520690288
67.39430800250295
-77.99381334055153
-21.843466498573576
-39.96035645497857
-40.084412338911775
-5.077675550276567
31.376604349231314
97.79151933600488
-64.85058081301982
-86.94943496835357
-8.64278686850794
58.78655665746629
36.235199143090114
-23.03823401311314
-6.8462812806596105
28.409245131358375
-65.447412661009
-17.800253934976666
-20.66889267425276
-81.59335081097838
-34.563458075091376
-56.74266195435293
-46.38268911075687
74.3297709580537
-78.50558076971143
20.766500789052998
-25.634568840190923
6.086509138562064
-3.5792027778460493
-32.34568288969288
82.76222639764214
-97.90239905514882
80.16160396036486
-32.670159364862144
47.307673893534826
23.295533531258883
-18.340398718284362
25.81259558570889
-20.11060594057834
91.51022184419006
-28.212712818551395
-56.822687192909946
11.137813768806538
99.15257146200778
-78.1359433730791
-24.350335641761276
-89.8942034345777
16.292034065939248
34.793683686515664
74.19245857926606
63.900597542668436
-23.584355408945612
-60.174471105126656
97.61021413895244
16.077674769002172
-50.54870995565168
84.70247452120452
-61.95384973336597
55.089135458318566
19.96192394701623
92.49465577240471
-36.269385522437815
26.432702850097584
60.45809243849098
-20.817773094510443
42.190765922771334
-6.228964476606052
97.38069643340245
57.43045320184058
62.797957582159285
99.1056760726415
44.384608266386806
28.139232427805524
11.021272249414494
-69.58407104628697
6.353367658977092
-18.417798924154
-44.15927411417962
-28.41586568434964
3.1947783114134864
85.29362958830473
8.485053067197697
-20.31003824550666
-13.888491247942497
-97.0652515131819
3.037435806039042
-23.151220725183038
-52.04156450141531
-75.02884877506503
-15.363960713059342
-92.09323268507077
56.91731126229317
74.93709632475617
43.18891402858111
16.73907959864742
-67.39941554189795
-64.94715578979827
-51.47299391132667
-62.51664844385905
-89.23853491050977
90.20343743160691
-31.467083690749305
-3.810693376904382
-88.18190671189876
52.645430006009974
-78.16027945395774
-23.952427586543706
87.91319006439537
84.31621877494644
67.36564279485856
-94.66911791188002
-48.3815059470627
0.5742374533804337
81.65086453098371
-8.837207099914906
-74.79474474250232
72.8693104057011
0.07439128163275655
32.98147633821995
-77.80576021393472
69.20503305979267
12.69104077362499
92.29443561602503
-96.68439793671475
23.360876212152988
-2.0742849132813603
-45.08784725614166
43.13766428903193
-75.25686086147563
-44.68471542831589
-63.76256323392171
78.74190403679188
79.26229265833888
-20.02614558052305
-62.96435454395244
53.692953410579634
-2.0041911155535246
-69.69688146862669
79.78208374625967
77.51710610588148
51.52725501366473
20.60649197715658
-79.02600762903178
34.382322534675666
-94.59090246036392
-56.16059376448605
-84.57384299357516
-54.51326171474973
-71.36096322830664
67.95225518616047
-4.630399576547035
46.13581742624899
-59.0447945958275
3.7096589078419413
-17.27747001030076
-12.067234360562978
35.01718565237459
51.315312027987034
0.9130764825921602
96.36951835441226
-57.694425146022525
-16.12219646850137
-94.124893261249
-50.76618889722371
62.15120966982332
-13.227927696696185
46.73260790907665
-16.188842970045215
-73.6647280864193
54.00033832773181
66.56592896987556
47.35686169682418
6.052358951827898
71.73269231133244
65.11051306668784
44.443800511569265
85.56600969423846
78.74973553036645
-5.635703156077582
38.086841946660144
-91.36121219646189
-22.57706127522134
82.95138852672119
99.6504294758818
51.22162551703386
-74.26697764865871
14.542275595937497
78.80265588991247
-19.059756532434264
-48.50988130971774
56.71065516781289
69.58058141221446
-62.81111070765575
-46.48603995306397
-85.7896764818433
89.69220011527898
13.435060818982265
-31.290498475322437
-55.203867094415074
90.72622616100128
-79.63136751126376
-45.48743687557628
-45.989989286708344
-98.73997072292444
72.94601784730523
-1.1008976148672929
-4.756244296434758
41.1387201197075
-92.64657142861807
30.29515617898099
-82.83003688172073
-59.28363317897296
-33.959851908344476
-41.274782955440934
-70.71585061105912
45.50574106282147
-2.1392819200041657
67.26597397984006
-76.88360085524837
2.124980749870204
-16.053382879625474
-64.03606983935855
74.8738835047127
-14.417908787265006
-41.46503723611708
-34.20651064349754
-6.943042624663093
-2.1389816702669577
-36.93096469684123
83.74064840537574
92.45564564708869
-57.823701501227866
-35.35290043389132
-11.359361797187105
-67.990942352649
98.04974344520309
7.265413006361939
-15.951993713828386
-88.76902969873994
-68.83042476648123
82.45658836338262
-61.261726325949525
21.68668225498469
-85.82198990213719
-36.35487196889224
-68.2450641988608
-33.35567898687577
20.290068663397975
-35.42567378949431
-79.74191914291502
94.27695426848263
68.9256269575684
30.403386953662903
13.00859376723875
-12.511930888936476
-23.490143349365482
-47.70201516943613
-6.773245046413834
57.20815417445988
32.114985387516924
87.29632293111194
-76.33701560749269
-0.7791362894653133
-91.18320855136378
36.14632689853329
-5.295719138586136
-6.455438556076757
-25.428213576316153
81.27696028569667
59.74321376162584
-92.61311619468675
24.19410790150978
32.47393129355308
60.09402509162692
-16.37196238729004
73.39134880223457
-33.5659276474354
40.528082654956734
79.2991756711709
-9.947682721527485
38.22436853637046
67.26506441891507
-51.88062076176014
47.35617589897325
10.231626734501134
11.808124484467527
-66.43038391045343
29.16500935523868
85.96216443096611
-3.2468964389001087
-57.64957625418043
83.96413163972974
63.14585126677852
-59.06559540883114
-46.91099166325379
73.72097432741501
10.110070613688762
70.6910921930247
-18.31324966613647
11.64835071248956
14.399131859529518
21.988143726892332
-37.716274523259585
-20.51114642519252
55.91471042087656
-99.27293864440661
13.43663464768943
79.77578887534713
-7.825212417924291
-63.65365509910808
-17.507018598138174
89.34655656910891
19.773900246655046
47.9388925878402
-88.74364910682415
-65.21647861899542
-10.137589712909616
-77.35100810194797
53.805520117890836
-49.28897048937675
-89.03905703867765
64.25128628013792
-6.00464622514572
-49.18102690441606
-2.330579428450676
-57.569512183021246
81.84325969507512
-21.068234747761522
-36.43019978501458
1.53324029511856
-5.03898293054057
80.82748365248304
-18.149226732393814
42.07864779010674
47.49163211608152
-93.66976053660903
-97.14913723102686
60.655699978769974
50.143270214471414
-65.32078183671965
-3.4271965496725443
31.664135496578666
31.763984835949742
26.104558246312166
-77.3157403910226
43.36410069871022
-26.306826306201643
84.14152363122736
71.6302244575075
43.83843156015371
-59.28011043024792
80.80233374899652
-89.64787826502183
-8.124909175324973
-49.14049672528247
-81.96390904480583
69.55453914892976
76.40550872564481
-98.0189729899504
-25.975821432241844
-0.37532885891641854
-51.981873230967636
19.024635916051764
48.43709891037901
72.80839009862055
-18.527898990087508
-59.57197702921595
-15.206118137983026
69.93095939590012
34.66607343744042
60.17892575133871
-83.64944075999739
68.3663924679037
54.26521980218095
-65.21798207523355
37.52792846812548
-8.10071517262952
-76.28040814736835
54.560820797335225
4.3783768426363565
88.40805752517429
-45.91801272287772
63.72381379918116
94.55435203981202
-94.62857779268232
94.63755371638103
29.891778960059753
-82.35290608354777
-55.43783721277396
93.03619137993616
15.883336059057697
-11.05542137795537
28.4347219125753
-88.96979200019999
-19.364610261375546
27.868781140298452
8.273516937109605
-21.544395335747126
24.293340299781605
82.28295973039056
61.10049286882747
67.51614969521319
-11.314894686131382
6.976766794972306
-42.156371171091145
-4.351521904618096
77.81943199873444
38.06264897091526
-48.734803979615734
-63.2391261135657
24.235368756238728
19.188029510202355
95.28340284083674
45.80954030517481
95.6310642216396
64.12778444335845
-21.423337333320404
-13.268377903926194
4.9998580829111035
-90.25953963505562
57.56918950662086
19.87487137058011
51.01214561970343
92.77259263439052
11.592918284753168
-2.9609570100616054
-71.7351847697716
91.81581162277075
-93.52476530116374
1.5440522970854147
50.78575671086995
-61.21939608330473
61.81858697186178
17.221348389091247
92.44177074623525
-23.562132095610778
-90.53687694743276
-17.849087523507293
-28.37105542830551
8.70564518199511
-86.58553119603745
2.964916635485622
68.88365292392092
-91.23506334998741
-11.733176601348916
-93.01292024238185
49.35546229879401
51.6598301468496
-94.60041070525061
-74.03364166256956
2.9637739290601104
-17.85557423649378
-75.2035953243642
-78.2502380725272
-65.66468590874146
23.008778064504938
-68.94415792735178
-20.97032681087508
-87.88562715214769
40.14585784392551
-56.01871215036678
2.258823793775207
-23.36554455880058
1.8038818368466565
64.87622430570511
13.016005963124073
-42.061789712756756
-81.6401768170378
43.68368122396856
11.135906891086151
75.6843580547355
-15.637181739198482
97.86658866372727
-84.93557241582563
-79.81987010760245
51.76187540832365
-74.99101279292964
-75.03138778170282
-7.348560248941794
16.812911297311302
-82.60038804948451
4.585763244031128
6.123047809464268
71.29698416862723
-71.26964908701304
-5.741872512074096
-87.16331022408627
73.88506932783287
-47.356063704436544
-44.49877319336244
