-4.106849653415168
-31.831129346779036
56.9474801445306
42.74242242299442
6.343215960759025
30.574606490376368
88.739093572136
33.50565696405039
3.1038251037483207
68.54663389236518
-97.0931543524569
89.22615878428064
82.52135291222305
49.54312576027087
67.61020291570148
-61.801724408899176
-96.2121526431378
48.57096245034265
-44.94519037408846
-70.23210380286591
7.985125538838517
30.33967253247448
-92.81346408975814
22.81616924927519
89.18325023226876
27.041870372882755
42.21530573690998
-14.589227108984247
37.75037186907031
-77.30870993638868
-51.55688481127243
53.46169828902521
-39.312309034669134
54.28102748766358
95.83410911886119
56.64670220868098
-96.25159268363493
-85.51250150950709
11.369788739862074
85.07495700708941
34.00986447830269
-98.6313802683763
-94.1797819995443
-89.69233979715266
-5.476213632528996
-69.25599552707487
-74.78129317189803
0.2701275885215608
28.412824541251354
-18.94272588562997
10.546144998037946
52.60651767919677
-26.320711983597974
72.16899842067863
-25.263760328829548
70.01594520222753
13.748088770884806
86.68829249116425
-26.871812468694856
79.12794888538161
-72.18610494702178
45.830340988322575
62.63899546909852
46.10061302951712
29.762489484170203
-90.96109003880042
91.78014612818876
14.51054077060303
-89.66058052963407
-34.10595540401893
-39.07517701775984
-71.06407744248682
-9.027417065993149
-44.30994340492378
-4.640499572202984
58.840186315472835
77.48331261169318
29.725556507348273
56.86233548439296
-67.98189587366126
56.19030751564674
-85.28007933580417
29.37486486113866
-91.39189392016642
78.12979142238365
73.2765743684721
-79.61261624113511
-51.45903721638512
-68.4609055545778
46.24508022707616
23.76827597848454
-13.988228910767447
20.97943575185934
89.55973259135058
-52.19476876879385
78.2443489270695
32.55760318646074
-46.53517694490561
-85.01133543084637
97.64610209785513
71.78016758388665
-91.19028535797815
55.518284163961226
-70.22225012852252
9.03671435848517
-28.3694091766488
-61.245549457644024
-17.017586496250715
9.92596239343662
-79.14013973257255
-56.10129584383068
12.138914501763693
-4.167354008591033
2.1391632886924583
18.00505283958333
87.64989947417848
27.51195463951268
-23.76834946943501
-66.77687704592694
-21.135601186968017
24.01380098074675
22.7361257620976
-24.300969177063678
54.23196066304567
-55.57085888577926
-12.806810145010132
-14.544546976062932
86.03538501827646
-80.95431217338779
74.26210536136531
-62.55157925451835
-4.533198713375725
94.86003070805927
53.40035959103804
-97.2056036580233
36.73745044069611
-79.38132381339511
-40.687418787787145
-49.64850276330588
49.69157038767412
-16.08971162073982
-13.241231227476888
72.25930329050979
-52.07803288639694
72.04236329144521
-1.8526583151892595
-37.98107320559401
-29.855468777272918
7.995210067974995
-57.53815374671929
-93.37537256604934
-88.4464027217809
-28.64182116090454
96.90531759369802
-62.95242822418325
-31.732143455198496
-61.677484915073144
15.296636640292931
-36.24235697759852
-60.86827168958118
-18.84018439569266
-76.2661807221176
-84.31701486595603
-62.336997961191166
-21.193613114109382
-73.22950720412675
25.239702613352705
-94.09234793519386
-95.79199996451749
-47.7262251554297
-47.92399468275814
-98.22332371057516
-25.667819130880815
33.724178592839706
65.17690022265253
23.938484577849977
-38.91104889278143
43.94207886342167
53.93855917430321
-36.250160527845374
56.37922877351292
-15.189295739369939
-33.793756483532206
6.344172129700382
54.27761365921771
-61.0677630867712
41.95516263968369
2.2227670702569924
-36.1914084317507
-63.59031616347095
-80.5713147639415
80.24043233996025
47.86987202571186
93.65766151695158
-68.97876033722237
-27.087959607322404
-18.520140514863726
7.104234997201786
-20.093987484358138
53.00947975561269
-65.52525219976579
-82.47696139838534
85.8040663809033
-71.62007563843349
86.40182588049925
63.49777535800516
37.47304090742389
-22.317878324261358
-61.92720474173659
-88.72458103724703
-72.03851058228629
0.7371336342911263
78.96350815516121
28.495897870175668
86.11844675006901
24.382733440224285
97.0736576092894
1.016956286037157
-77.43498705514429
66.3589046656989
22.96312783124685
-45.61744772910936
96.90052748071486
-96.60283645698709
-62.166744282011166
-24.78452918215848
-84.54840246046038
19.86577833383471
-59.52538901402542
-89.30323021765376
-56.66925130613527
-60.33472345930524
15.03416030635536
-63.39386304640762
64.09332165668314
-64.12774444357241
32.159273109846055
-47.77260045175809
85.87249792268886
-36.570348763452486
-8.842810333592155
87.35753026298386
-32.154785029979905
92.5586756533248
76.05994329743723
57.0882740425175
-26.426212944484817
64.85243933464315
-58.05461475259577
-24.455151661284987
-40.33894567862046
-98.70718753494327
-41.15589298705298
77.19299694006463
-72.14591571406675
-16.889106666491415
-54.89409952580502
-40.614272434702194
-40.811312338188024
-56.09501630854095
67.16758944130089
47.2946396454567
12.04605609759055
-9.435029173977398
-22.263605159875866
68.2358069118126
70.94699742125988
-48.315028457887465
99.12791989932072
11.047104533637267
27.796923239002112
75.5107486735177
66.2028035433517
80.70313585731884
-65.66575950292733
72.62728218463982
50.233257907555696
-44.88161150603498
89.68158130378055
17.038031881642752
76.47851165286389
52.39180076150956
60.468402170439106
35.695523239952564
61.91923395580753
-5.8505319460077345
-16.781832625428166
95.45649694875803
38.06330320787009
-4.455784799350255
-91.77722219499829
75.36643325623143
18.76944058745849
75.12830371670461
80.3992607854108
97.86661419295612
78.60028306697254
63.04600882958812
-94.56620874675319
-5.587406538717076
-97.4605145482625
-2.0035950838495467
81.4738975901102
-17.493713116565687
-32.21019547416435
-24.936339852187047
51.25838977931261
34.869029205965575
-18.662772073324035
93.56294296429871
-88.60355951036169
-37.42820109199647
-9.49258293758426
-75.0087124072914
51.96754773172182
97.57944469048365
15.350384707108972
-10.347643077394707
12.233517341369478
11.625942001726173
-2.959840898456818
35.50589037925886
-20.199569035242718
-56.44422094294217
55.54240676876594
-82.51357625010627
99.909048817186
52.46704501996541
-49.57200322666229
-28.236138682115296
65.40238119467881
-29.98553609024141
50.82959217736479
-69.79470026533423
10.083770518978469
-56.58197246349987
-20.81760485878739
-41.332720220744726
31.871686250511743
40.426782903413226
-54.71263968840623
-61.27741533836479
83.1900004938299
-27.780595778902992
29.147999952955615
72.54081496863236
-72.11373389089692
66.47294710073669
87.91202986101945
-60.582351302560625
-5.418234973192227
-52.8442855657828
44.50969574409987
-9.539228696830435
31.63912684386355
-59.917942462475835
-3.662589599933767
60.68475971868048
41.72947942080094
-37.1238651330005
39.32992446234039
58.59477934734571
-42.16241287457956
81.02490995349092
-85.6044982262528
77.85729854830757
-46.002113477413054
-68.07339137867234
-56.998860600397364
-46.492921076523565
55.74732113022739
-90.2697886192326
92.10481082422405
71.35785901156783
71.7791017932723
-9.757562286663472
-55.13914515894645
-5.02913257541131
-27.54248882408774
-12.99826823458406
-81.56335323994541
-85.32735051263363
-30.13897406613519
38.45382351631267
37.93112040577097
91.69015207712442
65.51697325199575
25.867360579443726
25.3496603822486
51.033430213800585
50.86330038969439
-95.86819262946074
94.2023299028144
0.6662117536081666
0.12010950754697092
35.1072543706841
-71.32225180831307
33.92974980669163
71.55074079254993
10.677713929573557
-3.8011830364231116
-72.64050877400909
9.449565993457327
26.90565422853777
-53.74575252753113
7.169033856161278
62.10607804885686
51.11487447892037
-34.28618207180976
-38.04854765398555
-84.20046052590075
67.42015416230521
-88.10955048846563
-68.36466902752633
-58.911483072165495
77.51794815141909
-32.892949998266104
-0.6131944761544901
-6.050370816785787
48.63123248052224
57.904263726941366
-25.7622350173518
-92.7901332080123
32.64115212757227
71.89403274601733
-5.836904430051021
-75.98352222917782
-51.55681635237737
37.593429082129916
11.775482284729378
72.03457437700317
94.77119392279704
-3.8112597205355314
-88.09360790793748
36.17804107511117
-89.03176241466872
-96.84951456266093
42.38187273943791
93.32629363795641
-82.82916915785476
30.09155834392547
91.60613436427911
-18.852024873590636
-82.90060170702516
-20.069888358560604
2.556560136053548
96.07140739240413
-62.3219772005148
55.09527713328296
76.10479993610659
94.00383623461329
-60.90845128974638
-93.97337676577185
-0.3797196313422262
33.83941154225428
-84.83701186731022
45.30227022306704
74.52312754863942
31.54232422079798
19.29562993923264
-77.07521215332184
-89.90063188188185
26.1040276975493
-87.39047135277956
54.5960749073125
63.89252429910647
27.019763242569155
-92.03795337429885
42.952950043103954
66.86367587533155
-81.93086886671637
17.280826453073942
74.92767555482007
28.440884656956342
-33.42251968334176
1.488362614307647
35.44946900411969
-35.683371629464716
-19.877655354128535
-39.268066677736904
48.9358457742789
-85.43792304681244
-52.12966840929385
-40.13970786772483
86.00314876040298
-33.1996746168346
-50.882262996411875
-54.90980883732415
-38.13174502663384
-82.31084784765878
-22.22167975469182
96.62664520105338
-42.625522468963695
-4.1762810400118155
98.15304614203248
5.981069808618585
51.80711926614302
-75.06912073636272
-77.41104409331868
-49.89744416218289
38.151486610755796
6.153534492917672
6.676104154853093
-86.44429361629156
48.5799620416297
-17.598414549841053
42.6040312777034
15.080821437593045
70.19488658723222
-20.28061258287464
61.078231921068294
-39.82259550437275
37.43171342136961
50.046006656994535
-1.1946408778043462
40.65269569644332
61.05558437977041
-8.121236674936426
-1.5015844422056688
90.82687881445352
81.91824816882928
78.40822096901917
30.490939302214343
94.89818630874464
-14.364838075974035
88.74578395896836
52.79012859167486
56.00126958601936
67.11156211423659
30.762787679033323
79.70729063726151
-51.80556829148506
-47.17014718352743
-76.09982062411318
-82.86489725691793
-71.41009198859894
91.05336713760627
-20.528542122950967
-88.99208856252068
-1.7385452472862966
-66.69939507260113
-0.7387214362457826
76.36030723000749
-35.27860452017448
95.59212119415315
-99.80654384996166
-1.5342560008236177
-28.92068817457873
28.57430649788222
-28.328524042059925
16.527672127353014
3.6959534315656413
40.914214846458464
18.984459039246858
68.00792460844539
-49.00568631917195
-24.175060476563345
-28.788704575361663
-33.45879791374924
69.7153322246065
-94.94738378387649
46.438667714631265
-71.60695749355381
-41.783847282509015
-4.108820045951262
-74.08945222032435
-39.58736842362438
14.793945030255657
0.12521531552063436
34.13760540120501
61.0623392285799
-9.653056154671162
-74.23143696842621
4.2969709117815995
-12.898309757662815
38.30661426693203
8.068973836328226
-45.77960005277739
48.21525350198223
68.01126684282002
21.806098678743908
40.864377034491696
-43.00680000029424
-52.008833686670044
90.31654391776263
-51.587823509431054
24.622719292110133
24.648802231504703
-12.02381673690492
-15.652320171382712
-38.8355007668715
-63.332594469456694
-6.478910651515562
-26.338052942822827
-13.57219942196437
90.91570719965307
85.77768403540648
-77.90978800811689
-37.08376425495521
98.890179063664
70.32390261580755
14.640817654007904
-38.64436274910838
-42.394182579770145
99.47753268260465
-52.81105414252376
-59.21929927834058
20.21595554065682
48.33238696879246
15.517782847234528
92.262936712923
-27.447822998617383
-6.01836269598796
-73.05672808104887
-7.785658041314505
-63.50476858511811
37.47706255198236
60.122573888866015
-83.26142200815204
-46.34155273851359
50.13445006644238
-11.417693500405207
27.767561645356437
50.32245750281635
-86.82858084929632
-9.934353614119033
28.94970207431294
-15.598055607395708
96.22999694051026
13.471802622512058
23.21698819765608
-16.899499243951382
43.04409984300307
-44.09747048058823
-83.90781291098288
-44.77930463586337
69.14059925695634
-91.95454561112797
16.759726722915858
55.59286782173882
-43.149846379972146
-92.35322440342355
-15.863261810644033
-25.98006397327282
-74.12602478484693
39.5354028038042
-48.33126147879503
98.77833138988586
-0.13913680781207916
61.35396162361806
24.411847995576437
40.280696788166495
-70.74735264017471
-40.61020946447278
81.56326318076566
-94.56510787668083
27.247511453499996
18.524739042545903
-84.98126829963437
-55.59332929409941
-69.3148812032468
-21.69156954139511
-59.039984745391024
-68.15562949304599
-38.76713650162602
-11.235788168889329
-73.85184816877823
7.849333831777926
12.790353380228709
43.16584822584403
-14.868637138969703
-61.25282298857484
-94.64899483121845
29.237639953828364
-41.20756208398064
-35.25087748681612
37.64120332111503
-43.38236649352274
40.47201861482631
-63.17475095226273
34.85151541132828
-77.7642837539386
85.67605452138093
19.16345665966577
-78.34584750521898
-16.30935016955941
-27.704873529258293
-56.94274751703836
-82.35586435375583
78.27212854067588
26.309932161914816
49.57355093504751
-37.83063986048758
-47.868742211724815
-57.06108663093454
33.35538048992214
-10.09024511868435
17.282267134246226
-98.47333327268126
61.77732740885102
16.753417489636362
61.47235346589824
58.52746320381007
66.78726196857286
3.903814186658721
6.142823978980587
60.63426520941576
-26.381628424384985
-23.726147897860898
2.712240837669299
-50.958333329636865
67.5612566570669
21.825141529214903
33.18288186159313
-55.46199988096112
-77.75025071366423
-87.04373985429335
-21.506921119141566
-88.32566267040644
-11.94775226151981
-81.48253294550531
-89.05335882875673
-88.06995651622191
-44.86710915822212
-92.75221258371174
-55.9122179515328
84.00820321974831
3.79323582914796
85.04569248021866
-3.163054736273253
-78.84648945550154
8.311591481801898
60.02318747978552
-42.15872191059364
-13.984974222392623
-82.83746614633253
10.408489838955731
-17.749572007790377
14.180991562739777
34.754288767817
3.906027198823253
-76.0569584703082
-14.50379605194965
37.44826426134412
-4.382310969202592
-89.53663050555625
28.466248533586253
14.841691561517933
27.269968450906674
85.67143217851259
63.82802134728567
6.412140618875
18.065515681062692
80.61302880528558
73.65988287440678
82.0515519755082
-45.602499181757054
29.630632841819022
44.635649332107675
52.588481847925664
58.4869806397177
-67.98397563746863
74.59351959259013
40.98409793830422
-35.43813700972723
61.77155468663071
-11.993163452397653
11.616160107031817
68.30194950769464
86.06633207236999
66.77298488869843
38.873315486441186
-35.20945025690996
-47.75696642209564
-88.11190942832224
20.049597621154035
40.99912692295979
-5.054354915472743
67.8430702276936
15.833848480433915
-87.854034199884
-80.67200790987687
55.255439648670375
-32.851829866815734
69.84321634518273
-45.01041028271526
-38.72090077200685
-79.90592933425577
12.424026702133318
-9.619149233283153
-63.34167577053793
-23.71315925475099
24.466681040158676
47.73458323889963
85.22326900239344
-75.99500973041108
-14.648036663061475
-82.5199984522756
29.52680418589162
41.77205632076911
16.359330869859193
-20.754628148404294
51.87814905022395
-1.8709320935628995
-81.57023354289572
83.65320197171124
3.257208342759796
25.946067899163978
33.636888220408935
-43.34370302312563
28.202925137596225
-84.28443030716485
-66.47922537588329
27.239456894134335
-76.89574414857887
62.09816814717871
-3.0162251516229475
89.27616194567318
-3.0925901719176068
74.69808843635494
62.24554459752591
10.442316276030922
-3.013114623977799
59.83758863904205
35.39672469889268
-32.0649479457322
-33.92832867163705
37.743261251132
41.35805600579553
83.7735529770589
9.88095261528008
-10.066059484257522
-89.69744204532148
36.399731481453415
-55.0375483113148
43.33239414547637
-20.598479311442006
26.50447122062178
-14.571867768516086
56.61408148656949
59.22082802210548
45.28245706276837
91.82048645649695
85.90959031563864
88.47863305556493
36.959176891298966
42.595294825162
44.45150582762
25.94961322168598
-11.704485752315748
-24.86760360489943
97.82513294427315
42.229008340194156
55.356893094266155
60.50115647718948
27.31691650991965
-56.795274133749714
30.905705974157343
-8.697527368503245
-94.59109003768769
-60.902343080550246
51.797807316910905
-59.84706227476171
-63.85181282859429
71.24779494235577
69.65927647856333
52.92696828630349
24.578916401747136
91.96446490148057
-69.49072273247594
-78.26257963595704
-72.74386087806974
97.83888592446394
31.161550206929803
60.76590282539752
71.77390242808025
83.7686247263648
-9.991720567701861
10.094637439137273
-90.36788153562483
47.0964327881087
32.526417258282464
-40.35252956768112
-46.241667933110264
-61.490732932848125
1.2685902575588557
-83.4978200834804
-47.40884278106523
-64.84326762080816
-28.328884672158196
-93.3429727818138
96.92838530227738
46.404585383306625
-48.62861521189758
41.93279433008857
-96.72825286823613
-59.71207847459981
-9.61462839909322
26.654625616362466
87.14481007856904
26.513244793631685
67.22067024478761
28.04883075757192
72.89749531502386
7.317825509432566
-10.155784734403284
-66.6439557482692
44.32706707732285
71.8025102331082
27.962145310177362
-99.7671431586002
49.14761190433626
20.157632608853575
33.81977563085633
-7.798616409576354
2.5964412387961886
-91.04586797369987
-12.141224447366668
-96.20178596396379
18.78874317740589
-22.68928329909143
-8.512741513408997
-91.06961082619006
-80.25972814334379
84.34605637302064
-8.06175916912973
-79.19632244655708
39.8409452952134
-78.71835257451644
-77.8993556009952
41.06033853502194
69.78841067781383
-21.94784956058338
85.52066630556345
40.729561898616595
88.5669104200937
60.27358962880953
-4.44399761022774
-3.837616151824804
-54.17619805173906
-87.95735121888319
-98.96596533311781
19.809977167294264
63.29852483659084
-80.4979553316347
-73.74216552618229
46.35704640920582
37.04577474077601
-17.449774871958553
86.51974457222025
9.490498520822356
3.7712871676055357
51.63922368329739
11.173513738552245
-90.4171303023267
29.728650259825258
16.848017972872228
32.10722531511084
93.18633926559028
55.841058207695255
-65.38733962183443
-49.35442254149582
-69.89269583122439
23.263654574823647
1.1844016782945062
8.626330122003822
29.807178329908538
-50.23487109797675
-8.153647408723145
-7.704805741264337
61.92742947510132
-37.70798125671813
55.12105487112771
42.157464960579574
-43.20355098563582
98.47542420570164
-8.642658878318144
4.5221997264202685
84.78898031843468
-49.58056253582694
-44.293214907801534
21.067485860324226
59.78152511836595
16.849932784250953
0.804901656759526
72.50721372368287
-90.74988168555896
-12.632864240846814
-91.57990014112477
14.89053891410768
-33.64566043429204
-94.77515798080805
87.39933468279213
-43.60024154668854
-77.28259325732311
33.12338431367078
-75.74568736055436
-6.881200761836425
-1.1632753790628385
-75.16832417276134
