85.51239440851728
-50.06267469403418
47.663507373624384
99.7710383680149
-15.196548360719774
-44.60327928531576
-46.160606762534016
24.047254495972666
-74.68919649744376
55.88961313064718
91.024576164179
37.90653751099674
-74.81780097012577
88.28155355910116
-11.834058672564623
56.76968628766667
-24.019685403427786
15.66616128481715
20.571473160169077
23.61477311890016
-70.00044259057097
75.14191984391286
19.60949002838946
66.67067585999968
96.0257139502923
-53.49248537620856
62.94509012007285
-23.27765269133421
-43.0426055957265
-23.810334542781007
7.322873276401822
78.3225036254149
-36.1061626119435
-26.411145678310973
-72.08773371844697
22.85913420925054
11.033591407243051
99.91613849987854
-16.75613207320366
44.78642251920087
74.38908704357948
4.1868818459662975
-81.38595115528942
-83.11944487859817
53.78023689752618
-22.980956269488686
65.4284989737412
-63.1393818904425
-87.40113276458483
-97.62557849347525
-15.296861765386424
-54.89764546182272
20.79373612468109
-92.9416288622771
84.72091927013616
70.1249467909052
-25.103181529303754
-61.1829918739532
12.924191222275354
-1.134420493948781
-93.6625654857966
14.862136609019288
37.544461557573044
-89.16010984102411
-49.72831830543125
-54.41468712172215
92.96875477233715
62.299661126815096
-89.642578129568
8.43165139240692
-71.71514969288219
51.12662645877916
-11.941344866699552
-41.701599661374324
11.611925903400618
49.750073419546055
-8.39241889555744
-9.462239294132814
-61.2276564612493
-2.479057515164527
8.40673214572574
51.744472053112275
14.186314986151245
62.518339057977755
-53.3760719103801
47.34053792082037
-30.93386037108432
83.68144566416026
40.41061405617825
-65.41312947464944
-22.522894879148467
89.0807448999924
35.20356028422222
-21.617174909020733
-2.3086015591841544
19.204914498212062
-37.76650762612297
98.95186489988623
79.77949894113081
-82.51118698852528
36.19929773748126
-79.82993353144765
-63.08461140948678
-67.00595798066038
-91.71351917971046
58.460764848094925
84.5937136624249
-92.74795385933699
28.28268658141795
19.568986855820555
-60.48075236092363
86.36486605332371
15.482411770099972
0.1686896256138084
77.76678920401062
-27.77807404143489
46.082933098629724
-88.32980534536914
-88.50673446227583
-93.31010938326378
-61.39666228314775
-77.54394572877679
25.964905824258892
47.456341283910405
67.2569733401499
7.480381595322868
74.56278618180238
-36.91269961290566
32.6070542681434
50.7949048139121
85.23049754938171
-21.466703367598257
25.209404318940514
-23.37029013985665
-32.06374938454721
-30.372001874697773
10.488467819131955
96.03172482052125
61.75579229345436
82.59053840143272
81.67453370922809
20.54553110681121
13.698787077731154
-53.568852775821576
47.33587891481724
-39.54778388803977
67.11953655167324
67.94139328666247
-97.06697738951915
-10.832284100986485
65.84285544320716
78.16875607029593
41.272241801443386
-87.68620980760514
-51.118231000348715
49.00960500108479
79.88840702399426
-65.35626936214132
-58.176573427036885
19.270616998764268
-21.865650415754075
-76.13322376160359
44.87454226710702
-75.12927301243741
-86.00758036170441
-48.36668182238248
-35.322142368914044
-47.544771593921055
52.20883645681073
-32.856210927698086
-94.11690363882528
30.233980867501543
-40.51475199004493
41.82212587479853
10.835279212565581
-83.86046527969759
93.30949833707501
-83.1310043309584
-25.389869289455078
26.268151553145586
-78.44271140828525
-72.42847752711994
-73.19484485833432
-54.53145830515218
95.29987256910817
55.25909960661309
-15.470541869975008
-91.91186486868723
-73.48424060526617
48.23069767090885
70.69653123764863
57.722628444943325
82.25885825423111
-70.13338372070386
-41.0006825304005
89.39040371699929
-89.93947125912354
15.88904722419116
42.98495057208288
-1.4725526553862665
3.005013324905633
86.8374776996134
62.38842342910104
11.95770549118717
-20.174770850749923
6.39030973200137
-64.35655668932262
81.98164851705766
15.336346868585181
-75.19644790240349
16.00051147507166
65.05368067068412
34.71863535861172
71.44150209868857
-76.3836025000119
-90.64453156426084
61.08004452200356
6.805346651396221
32.939813117763606
-93.00894506138052
-39.33479939899711
4.548748324024189
-87.45902785118116
53.47634454795042
14.106828315635639
-54.958558312823946
-59.29314168263733
51.14867999364432
29.92010093183623
-17.60581190589386
-70.48942523178985
-51.90180257617596
21.11356683750762
69.41333327415086
-56.48669535349686
58.494581893534985
-11.903487661843059
-27.291307204141788
88.83022817803047
-48.78219183345731
-50.924950879942
-84.30238971624146
5.472172381807098
-47.97767242253681
6.490197143622197
22.87375140641585
-20.582952859413936
-71.77621670772471
84.54664900678472
5.224637086285938
68.60452101355051
47.46428600933632
64.02555003348772
-83.45494160991834
-76.13990044922934
-53.109574113029744
57.7744986956244
24.48243057011959
-1.4272612562871103
85.21826608989446
1.2742173201970104
58.31551399029857
24.76620770200229
-53.788160089936234
-10.932353923977274
-68.98082297797328
88.00233504839818
92.5151458887681
-75.83012398606178
-11.423408972247898
73.92175316687272
-44.31144369950057
34.860657727360376
33.24557320166781
-45.96320721545264
-48.46841878102386
4.710769495886382
25.317358405003304
74.92491455744994
88.46648353573318
15.801792862801662
-5.930901140086874
71.24346919381605
47.21111937873434
-65.81413905089961
88.47817567639771
5.521635226742035
-56.75069759579478
-94.49030861570687
41.28272419987411
-6.565394041646954
91.16791936034033
82.31398742808219
2.937794466501245
-10.321912667827064
30.70639068636038
81.96013237067578
71.08199766085716
19.976713748287153
-4.853752948814673
34.68813887381873
91.54327683610788
-40.79828327264621
-88.75135434711447
86.52578016360482
18.669576449787797
45.511796956946455
80.29644640479631
1.7393303625989205
-9.93585398901702
-53.30064125497154
-30.403452417638903
86.5386044217882
-77.51400436412135
-34.991946719635195
-16.629418561440843
93.60033293186208
99.4951717274252
-8.9546363758664
-0.32490527922507795
-72.6628900315482
99.62819293844683
-61.01102771922393
67.23909594985759
-70.27133326315604
-46.103539969383746
-75.33453268761232
-68.31459565648761
-35.908699905272684
38.36404070510139
-48.68739555721036
20.654142429141075
-29.168630894399342
12.943331398273187
-56.60191534448033
-14.1374695779312
23.615418907986168
61.299102334405376
4.156926851664792
-50.758951941839655
15.292575014302585
2.349323500050218
79.70753935859085
53.61230065109902
97.98027866616516
10.171549501011512
71.06515151327955
40.02776405507984
96.27090013482075
61.73606773267514
53.608529265436545
-37.57840081019399
34.953864227378375
87.7399780452765
60.198414857958085
19.450347137574425
69.3312295999956
-92.100898511022
28.673877126222237
35.82360814357122
73.95152356744748
34.31741809278299
14.744591601629338
64.65907307337997
-52.010029494793365
36.27695110711994
31.11045464336354
46.25653664079468
95.62610832706281
64.58800567455813
-31.226927403767817
-70.81488837773453
-29.535859782561147
23.79565291329267
-19.63217771624612
21.944582264501207
-7.081963683767782
37.93672612925937
-73.3073289373372
-79.15346452884262
-31.509562808656156
-4.019478071309962
61.88590228919827
-62.83945059839422
90.6547919815986
-93.36453265552768
-80.29649940243874
45.038136806682076
47.10211949870964
38.788010628227624
-43.87412504513273
-66.53536836096447
20.262397998984838
93.35704215123798
73.2016147457123
-33.16611643087988
-61.36167524805012
0.5682105616311048
-90.72147395752151
62.68328146858775
-90.00902896034796
-69.79432208535408
-96.88464477363901
17.369513350424455
92.89438064270067
-33.75692210443535
-94.49085425794692
-3.4896834554552782
95.02132925322687
4.93361799523062
-1.6271248638850153
-95.25974008297142
-39.937429087595675
-61.25256408028472
-41.601227278345455
24.163617908026197
7.010464463274872
-34.132196429327564
12.219300017543915
70.79152127765869
94.3098090002442
99.25772190525143
-13.48611373901889
-71.12518137655277
-82.80332025478504
65.32421084280116
4.236339732968332
7.814989917714371
70.41839013321334
-28.063741841369023
-13.772816787325183
87.39294391810694
-40.872981070057705
4.80447114614897
-15.973641583507515
75.4617027101491
39.89806383267796
-86.75393775154146
-76.75606002969445
-51.913505460529066
-4.4233493244691005
-97.39189163069808
-35.040210214047846
-97.1009767747019
-4.404278466345502
-68.51251199101469
-33.96531087309624
-67.8822418949335
-28.57841134883239
84.37746749617293
58.03070585850091
19.553195625908756
51.05305114046405
2.2960446499168228
-68.41542168112349
41.463883623370634
66.58442121165072
87.85344838753568
13.506189489871105
-37.33821240164825
-78.41953154230323
34.26726210656568
12.04173763212215
-56.2051822092545
91.09761909342453
-84.59892648528748
59.04729705859947
75.01177590136584
8.671627787227166
0.8187499423236062
12.230941851837798
33.10930917293487
10.933765664512407
51.79500638089439
-91.46569110908172
35.290844587969104
51.82935225627733
-75.05183833871392
59.56845992604539
28.649096113971495
-72.64772066179418
-35.584697626104784
65.35026577775514
34.29893157639924
79.36849326578837
77.75447919220991
81.66470789357243
38.983781347440896
81.67093279113874
-73.21698591216241
-98.95980384794312
76.61484569968104
91.09062056164692
-91.69323791833632
-55.11116451186493
82.04005120367515
61.72534332657878
-43.95163875091863
51.44689172941054
48.64155318615789
-80.65721311613059
42.48851266216752
-10.624185424514849
-6.547452102760289
-33.4872654358831
60.31914999595324
38.93383660075176
20.213255907394867
35.59577076049865
75.64114941224818
80.9554435605238
62.886690171780174
-65.48228525768005
23.496198132119645
82.07044298607903
-1.646840175373157
-68.3290388446789
-35.321317137478104
-70.97404105422392
-49.171005215966645
-91.35348110005101
-88.18669996786423
26.410522023232176
44.8248176495602
-43.28543466533592
99.72837368636448
38.23792380288296
75.49938385331069
38.4664781927209
35.01760557456478
70.4152503201829
-59.834974904408966
35.482063516677414
-3.927147082258543
23.815300994015416
-35.31863031458806
-62.7109289006641
-21.145698653347765
82.03251370950144
-82.29204049830628
96.68923529443506
-63.387502739715984
-67.31696481327789
-9.65845306072373
59.76081641236851
18.40701565511391
-79.57935826636735
-46.20533736619792
-34.67097311481902
-63.235759580731
97.22277544877889
80.86449517670243
-94.73582037299886
29.355910165304493
-27.93036416975592
62.84785587743551
87.41289454552006
-93.89971699317417
-31.728403851466453
86.19163239489768
82.9212812322152
-66.94975077445903
32.79525984171545
75.87244718066327
-76.40675881641923
52.57954879605816
-83.5597708385355
54.98529838647278
-63.687136624636764
76.39253123708914
-50.71858245649683
-52.0628732574959
-65.58929868847656
-46.29313018552836
-64.20817764242392
87.75299697607664
55.12511902290018
-87.58066162664768
-58.06710266016775
-44.80369317197888
16.025908361329073
-96.1820117095923
-79.06807122216743
97.30050492988508
86.78598868321805
-62.78070509008915
51.5727804744096
51.90829493841193
79.69355995645788
-67.45239119158896
39.83508419138215
50.55539901527345
61.79626067918093
-20.096536062737556
-91.5455426387191
-1.026474991331483
95.83094630589238
-44.87947493397992
-79.49097866565384
-89.19665032358424
98.93448454274593
32.532582443586534
9.865003806529884
-5.174488379496523
49.15970539869954
81.9126261803606
-67.61525831003468
-98.18464460037023
78.58215495075697
-72.10471466003662
-84.21745883344119
7.072988632384153
94.0307934964269
28.64843350828022
39.56349294137155
62.96170044492396
-93.00052919089678
-17.99390194268311
73.88808550619777
83.69954857743494
7.37331376159365
-59.5467975638976
1.4894219822459291
-94.29510210199368
-58.590417585012666
-22.653989235918175
-29.225782693109764
-1.675115833094452
41.62567203388264
68.87718650835856
-52.99998009200824
-23.274508830920453
-41.80317286343866
-97.56761241730274
-33.47471169934278
95.65500980801647
38.988377296843055
-12.461591189280853
-78.79401533126418
-91.9059525158044
-56.578789409349085
20.412628374153897
12.56015922790074
53.415424215089814
34.61769178826398
13.271211245645588
-2.737803316115844
-33.52977797665923
-82.18967738041735
8.377942214673027
-48.812929726412065
-29.12318490485228
12.473512629232147
92.705643438093
-22.3600288471268
24.55380151344977
-15.35951721940549
-33.828898916791246
-78.16830991106582
-98.56655376283005
51.83711767992878
-11.97561223934811
54.327176358607375
30.618789650373373
-16.88297400874032
80.81793553005943
80.1554549715232
-48.63059968778436
32.00024767238972
-57.58137757630679
98.14170515073397
-70.09095246542589
-15.232802508859564
18.789626531268965
-42.472712958272375
-94.05326946187583
-38.92175933234774
-60.72391193795947
-66.11190450602113
5.947474241153955
45.309903731583745
89.03696487840119
24.1154573952074
-89.45267289003051
-23.341536947688482
33.03026530076917
-30.6615008525051
-23.58400771943306
-14.226385196590655
-33.779955292145814
0.174727958506395
72.79275776462336
-8.027091377893612
-95.33638719913556
-53.71580068294924
-88.54000272740252
-92.22191636722492
43.121131709395144
50.630355772337396
16.878915181636714
-90.50355308760037
-25.29693925221808
-42.00865453074203
-45.263289354683
76.81215125319733
-58.39636868321636
-61.8092913491479
64.11301377992265
-12.179026157113967
49.17856347887076
-16.14119294458544
46.930085026780546
-94.5435136093241
70.38821768781659
62.77808492730341
61.60754113417039
-93.89411678201343
-26.210963151344785
-75.36288606337473
-28.010543859378004
-56.80585444915203
-91.9853287722593
-88.54530191490801
-14.870678060355317
96.91316581611389
63.61175311515086
-39.467105683834205
-29.564772310421006
-81.71530036355122
-57.822326734879034
3.6962507126925885
98.06358172959847
34.94998278993634
20.571799197132762
-86.54752740365741
-90.25045743030533
-88.24788164491403
-77.34714367909936
-34.477331780654325
-19.817990865452458
68.6941763298519
-43.253685208657004
23.735462475812326
-16.445664741313266
-39.2975427657361
-13.629337327043729
-40.616010654627054
67.67823630943604
-45.174678759511735
32.78971817608078
-63.95871927176997
-72.96956152013927
28.688686722750845
70.11363359441302
-35.460122952448685
23.593165432775137
-77.01972747660338
-16.553927672421736
-63.815458478017085
-45.225450991830044
-31.64789009280912
-53.52186978861986
85.59089475504805
0.5691800613646336
55.787828947241564
-84.09297400402629
-48.76589257371502
-97.15633884531255
46.172773114321956
-35.792591910087296
-32.98794695556333
-74.11793665697701
-27.801602949672002
5.517929503720367
96.04966035071979
22.718782380931458
75.58410053388275
91.19971520118756
-29.562985063964064
65.66599062485605
2.256069189228853
-36.66863669882159
1.3291485989582696
51.59879653592316
47.64306100623102
97.5046852578001
-72.24087233344984
77.80503162140133
-47.776871999259576
49.30541300884107
-93.88976314236857
4.525127097252508
52.09854625960219
-82.98319194261106
78.5768684232782
93.18639127426087
-43.620613816266825
-90.56433294178048
-56.924017496437386
-88.51680117386766
-12.6592537425704
-54.83395925713801
-75.42286041882573
-9.07974720728673
79.30618546700427
-29.97461974548456
29.25372810026866
68.03018745591947
-42.09438249415447
11.033336421647164
-21.78641602757287
-52.03842073964602
1.8933591230527043
40.66685762312983
-42.358868042991936
-33.02239812056588
-29.220277402207955
26.941736616665523
11.688074331692036
-7.969239050965669
12.841155802648956
42.04140335493392
-8.083500002317436
58.898950422127626
17.272013433452685
-61.63420875115702
58.07763141289817
19.87533900305793
29.283133682749508
19.000216263117437
-99.97781491933131
-5.237445939300358
-44.62447104364915
89.10656364989009
-21.917256992490053
46.35844114162171
20.822596609352928
93.44573934622207
-41.666636564902284
20.460909444177673
30.609850173951855
47.07593169111871
-5.73323240485621
85.3487764772683
98.9763240145916
81.60675861620689
-57.6406900739447
-95.19640821867642
8.319143837056544
30.067193690687276
23.194245310008284
13.280876762001398
15.093679319105206
-1.1428416921909275
58.61145938454149
20.87364673168672
-61.351586317224324
89.6965078959773
-47.27908563960308
-99.55536614406952
-85.16464026182003
34.69476130730581
-66.05659547586684
-20.05255061124946
76.1003475345756
-14.307839619427014
-21.341932538990164
55.84811791684032
-40.98292620649433
-25.24244342007151
-37.50447123853928
92.70790617364264
29.272890537750357
32.97060132997947
-45.95286984337723
-10.714167388175653
49.79815008116219
16.42235125697256
28.412044467096166
-10.2088824987745
82.68149375736371
7.330744723546957
57.293170696001056
19.907896523823183
-43.727867221336346
7.710813486478173
42.78630969309535
-23.912166799401845
68.98266859704441
36.174966558415775
-72.74833756173327
-94.6304939438545
85.14501437240403
33.425528223385015
-35.81489526764203
-18.795168834409907
70.22985587688376
-74.68241066478225
-95.18987154428149
-48.25380293572559
58.480173863631194
10.978580295917268
-70.65977114160412
64.24519485817976
-81.3770461218408
-2.218653264643237
-56.81869829552222
70.94621533935964
-0.13741343607679823
50.33862695204493
69.11284829460138
98.75515419048236
-45.47639461949979
60.89117309718128
-28.386331634009366
65.67191038999562
-83.00147661931607
-43.07067632736585
30.69485337543506
45.08116612212859
53.50117297068019
-3.17289170710427
45.562464264455855
-32.235681148514246
-95.20514215463574
-74.07406161890904
0.5808617863033874
-11.38383765616959
39.96412998792209
49.63428560406129
-66.05655302916253
75.76259958782785
59.677125883386964
38.084880232001154
53.977992850952745
-95.71049443135146
34.04102678489738
-64.55570080526083
44.451587541719164
-70.85697660053765
-0.277470897216034
-36.773436260290836
30.151105380208122
29.225175749368674
-20.31637735667708
-95.38377816734238
-69.44072288811014
-42.478758616566445
-56.44823911692147
-68.6183210345579
-69.25938821672746
-1.8130680952808973
-14.432646385655474
45.0082507357387
-77.92803014880903
45.575414067641304
-32.63819448277481
28.85462923554013
46.578118951770676
45.19261995697258
13.492436544000185
-38.472596688837136
-75.57307782333692
9.02890888907342
1.6667896793909733
-68.36988213225348
-19.877208769799637
-75.66427087422385
9.209742361077218
-95.24116181438154
64.90073524803626
77.53534666661665
48.07170001742344
36.63436949251624
41.52865185803577
9.711325765489761
99.230841069283
-32.17487133439188
92.56709987688564
83.81644216210421
-94.3299376048472
44.61415104589429
-13.959916253807279
-65.5258892547389
43.47068232621098
63.51546295892706
-47.956596806497046
-82.7085507275875
-86.45637491923945
-1.7696632858242367
94.69604901272243
-80.12811746360464
-12.985586991598268
-81.77005484735682
69.07313103163685
99.68726157594821
69.21930462984815
18.896013116367556
-6.522643169713689
-26.980890914648143
