-16.150248739445573
-3.4968401503162596
56.37194852868811
46.29902745730615
43.40428907660143
47.84964738306229
-91.46704419726066
31.51024150263791
-35.58864914712349
92.85069180978502
70.08494860862791
-34.197468911103
-92.16995768616756
-86.08966677038907
-30.53425652972483
-74.1103101735913
84.51415204088252
12.19342509123662
33.970878132501355
72.28210383635829
-55.088143324029716
69.15610522369224
-82.14824967054855
39.484808972882036
50.801917347876866
-79.312935991718
-0.20672255584011623
-96.09922710145946
13.264385216229371
-50.21129013815224
-4.285477550289357
-71.30007940014002
-4.614936217048623
-6.346765431909603
-93.99107894782462
-36.16593375315003
-30.653511316423504
-84.5719408426163
73.66996693128806
67.00899483129461
72.12677094830659
95.63728157678531
60.34946266351969
-55.89402280146669
35.07200343781474
15.363217504697488
41.00091618056777
-41.849476363753865
3.204040001125506
92.18881651629033
17.849553543584946
-42.126400573974855
0.6969641821167727
21.66212649230259
56.39186861421916
-96.11121596644996
55.747984850196076
-27.84220062186718
93.1609798026696
-17.96230561658912
22.250628024985588
-17.69721148682855
-13.838073861832129
45.128748840464056
94.09646327963398
76.26068959430319
77.70341366753445
-18.10252370708973
-3.6561633078506333
-48.23349567936192
61.21575749073489
92.42087255909269
63.57579544102629
-44.99115413414114
-46.653886664584945
-81.92081339503488
27.490717681908563
-81.97298158089362
51.93817037856408
16.248062447050813
43.66867193783375
-3.3791884382887503
67.53114338038424
34.689264213371274
10.95243886902179
48.674408758090806
-72.2077417297637
-48.148636990850655
73.24093393263826
14.33116825651399
16.709069496154157
90.66027716182313
67.54739410769648
27.11074412820321
-70.88106334217257
49.60873281137353
-15.23883733038636
-67.60844710290625
14.067055907536911
-12.615701102690963
15.880660525239378
-98.5359083922858
12.90331542916823
78.8586175500609
95.34457022368349
82.27877466270508
-7.7575115473943725
59.95120285818547
-38.81792130925044
39.354898761518456
74.59492100783908
6.761159731328604
-77.41023544818654
74.62080783626294
-85.89390993653925
-7.862486767750809
-72.51662719979169
-66.17594022522235
-89.6271062988653
81.51453523967294
-1.3228281792515304
-56.8340626880024
-6.902172354100244
-92.91360548877061
63.09644878865464
26.732435976325334
-68.8232504075233
-77.44533152496246
0.20642744474250208
28.62068405188066
-82.9914932703364
-81.9638805555445
97.2130937728831
2.451321770929354
72.20309901915499
-22.76926652726614
1.3258445407348063
-34.39204660121685
-8.51465855372713
30.130840167804706
5.5915267614884385
-7.236013875505719
96.35984732789615
-32.91687273838875
-27.42499608884708
97.45158456812666
-23.39386931333061
-93.13995035597522
-41.8594274787621
21.37379368978776
-91.81384210505415
36.35031083766438
58.4897218173125
41.05969953342304
-19.4021682961625
22.48823458728843
-36.25534240858113
-34.68944814907053
-11.118494412691732
-63.06693207639822
92.82000513731066
-25.229460105955766
61.65533475682213
69.51412733994582
47.92716150827556
-29.336806762229045
-1.6006586126797941
70.79106424524994
82.88762676206147
-44.97485628800688
-70.80966524500596
-74.76028548885594
86.79496641502479
89.39554430988551
12.521134618439092
72.30218927663233
-31.093546927454895
68.98156474362483
-68.70811146581322
-38.39486264200338
90.6783134597751
-74.6408400636605
-92.99083737802245
40.103832410758315
-10.521079786965686
-48.664017301441255
-9.22140005659513
78.26508709181647
68.9617679230276
45.62462303007504
-26.01844495096725
93.1407512155318
75.42257105870951
-79.23606920730481
-82.5435556610312
19.567745571726974
6.845063625149919
-0.30512355989480966
4.577526026975605
59.28131035863234
6.6028412660252656
-38.41118340987146
-75.12930659925928
82.65582028485042
-10.094908703848944
10.78601614932333
-73.4229997316334
9.37379071184452
59.26481573218595
-78.30727966116184
-70.47938278176242
25.58764546349491
72.54696466803873
16.364562430206348
-94.47856661610712
-30.66822582026829
-45.70478746269011
-59.020913291846156
-96.4447763259537
-39.81709734835721
4.82627266942302
-31.198897790255018
30.06237558631983
-94.00675680751382
-72.44447505498968
-18.99066228095701
-81.31930691857019
-82.10923331566313
49.13149138158957
80.56863615969849
-65.78834324779555
-75.56702231697443
-1.5963581751475573
-58.23282629997044
-89.31535165853998
-74.37747040312163
50.300132401149995
38.68885880419387
0.5913809793119924
6.187050345451752
42.20553273546906
1.9602629353962584
40.181346319441076
-79.71611121304099
46.40693166432058
52.91950862366076
-13.92508488645268
-5.916285493226937
-87.49911459950839
-63.8756043919664
-7.101130654836638
-33.164656092006254
50.28170624891814
-12.374545860110047
46.03443552436431
8.238348025210286
-63.00929767898862
-31.208943124288837
-2.964799434073967
33.12182512696964
-20.127758098274583
10.705017639161824
-41.02995346720846
-94.6034063709457
-49.522668041650796
-81.53787649821247
-47.186224178677485
62.49234227826517
-42.20867157844776
-51.77151281225929
-82.80988205954627
29.117663416658814
85.27181431887144
-71.46255324255549
-20.600142818228022
53.1201297344233
-35.41742972929947
-41.73616207263138
-13.27499250647135
-27.73616084554847
2.9097019759028626
-25.86379072418943
37.393801802755235
-4.4009221972495425
-9.816611527874002
-15.05379780667812
-59.94103485086973
-95.23405362142377
-87.68944568322969
-74.23351796447051
-20.87800415916618
53.4694957188548
-63.10095712532684
-80.27735686574049
-63.22117986705669
93.14887553674228
91.49657283790887
37.410146446125395
-30.68331645357243
55.745913361632574
-15.23016031450635
57.998309774571766
93.540629413327
-58.3695538195399
-25.131338742493824
-62.359162476042805
63.30670193234809
29.15593090813516
-42.13825012643153
48.20417281371817
74.24205949025782
18.624580279260016
6.325444429120623
0.6241895358512863
-63.389427206577324
26.738105621986747
2.9943471207345453
7.203977120437983
78.09030413093433
2.1872396342251648
-45.47368716424105
-57.053403107100095
58.3744411432738
-95.2285543697557
-71.92334729795611
-15.014315387053756
-97.98690437640964
16.414828555116756
-91.51758103216952
58.18216848797644
28.30498536011342
91.90952102783092
79.18222252432679
-71.99920819078886
6.571054044612623
-99.77118879362341
-91.64616267988555
-80.9115835707146
-87.53642097302932
69.72405568847267
-84.57397508563803
-49.04535059941857
-83.59965727821327
-62.02726654862436
-29.164451795947713
72.570813606764
88.20987555374339
-47.528421058067494
-15.795025556116798
5.528470287460024
-2.0144834154220916
-92.91864234924032
89.03287351635203
53.14765777865651
-30.088148183297363
-33.91706294271812
78.56480769158651
-16.997668251756565
-86.65327638119247
-51.70699371030014
-45.82557503399056
67.69454745884173
10.071072412063401
80.54227012149622
-71.79676499475815
-67.92332334338111
46.00844675586728
37.019538296549285
95.38293410966065
-71.6146354747788
44.28608449617221
56.44961961627041
16.760974870000496
49.387994469993004
54.824858786431065
-64.70081914945234
12.641413487380632
-21.916421531666415
72.1280544754035
-17.829046100045872
-93.84912940118933
-42.24292157961089
50.257016942982915
65.1283455725069
42.87255298414695
33.53736276052723
9.697533589467966
-88.01590765231767
-61.764530779354686
50.007873856922686
-91.30363018503913
29.56657191533148
83.86272201729184
17.22632554112107
-13.791621643874507
70.68872626128885
29.760506622189553
-54.67204723527892
82.10317796865604
-17.09724016338984
29.32766684500797
48.99447067725845
-41.67182797909419
-14.324208010608004
61.126613266107
-38.511121053403265
-44.53436740275198
-8.093630004783222
24.986826192030478
-50.628721692514134
10.529988992057767
63.57165878852845
71.64896306921631
86.2120282443259
14.477251003551572
-53.8793059813288
63.339945792438215
73.4346888407672
15.643565321003749
-52.410480297451834
5.721935043035202
68.67449898223384
13.190163755903228
-52.81504921870444
2.868342941175399
-79.80018095209743
-76.43194106253408
9.532711649111008
0.09344906028407252
62.96755405664092
-50.428340276814446
45.69753689302621
55.47560883549559
-56.99653786854968
5.7658374095629625
88.47985396409936
64.88022495478103
4.689427706849742
-10.706890434248322
-28.830653948227763
91.20783346396897
-32.1308572426626
-82.98139434287273
63.6925699605485
80.5813188206433
-68.51866979013685
-49.259345003942244
2.2572336180868575
-55.05406814904197
-28.590707746162323
51.493241824325196
-82.26055443015359
-19.3738439329684
-65.3632352210912
24.316758918932592
89.30275853865544
-49.46765848461556
65.79388617316343
56.77831764781257
60.62405962519745
8.08206817240314
8.143545135599624
38.28881142819182
-46.98480427838234
-43.100005021015164
-48.83068102303323
-52.66665827564869
33.32633789450651
91.10162328032354
-62.18380468274389
70.45306810547427
-50.76574590928611
61.75609838132664
-96.44004634868064
87.21660032146028
-19.023116664300915
-41.493879034584545
52.239608922653304
52.17658864419866
-13.453007219170928
76.84258283221001
69.8389432646089
-1.6383421335776234
32.35593805404733
15.545794788081068
23.358130731315768
60.83632334674451
83.37299862993058
-79.6061450706995
-83.5849427491238
96.35045134532993
97.2576377960169
-95.50459652489202
-84.47835498057712
3.624267561665647
-63.71379412970801
-70.1188890293138
-64.44829568885743
-10.6435235191976
31.938090078213264
24.545034664245662
20.27138308878027
6.011240992026771
78.17849974114756
-57.709292677637805
-68.69588850894941
-78.63055755888617
52.21158922143081
8.33775042270193
-79.05666514290344
85.6846886170683
-46.448235250038
0.284327562538806
-49.95330375755629
-81.27702467023016
36.4414157179161
93.52246765016335
18.82218595682015
-71.19664382108778
-94.71295456568198
27.119148464006827
31.95634330716851
-89.82178736828416
21.449592482646594
-60.72145056530858
13.69233145381827
-76.18357588489009
-76.5776261957669
-81.49999015971767
39.67879092878039
99.3912710119146
-23.941172564838453
-90.26083420636888
39.59267765080628
-55.770862405970135
-24.41429056579088
-52.536667543317094
78.19328448033548
-95.35259770763264
-31.34648160073725
-28.739411598480217
-39.01052507751079
72.5794759647587
-38.11610804204768
85.08838155020138
92.34034749139084
22.039554846766137
43.26035636421432
-57.48464166483254
38.34061964553547
-30.286746703332938
-55.38851261390403
71.04220287585318
-59.63209366316369
-74.30495990318909
-4.937450948448998
-48.44953778798946
-29.510304712797833
-70.94457718806709
-41.12500000513979
-64.24103727777366
96.31397481242178
15.873140798659605
59.42704348463462
54.37081520394469
-95.2840339302119
63.56488448761908
40.34025077093065
-31.160244748231733
46.8036359776074
-11.214645754736324
-55.89440370271481
-43.2499699069548
-97.91569827157751
-46.069293676227296
64.32825955660147
68.38199108506396
-30.544082258236884
-36.10874587865831
-87.36568949236556
68.5624203710214
18.463605759954078
-6.061221011974155
13.772108945923463
-74.19437047215487
-4.430122297696769
-34.888164087484384
85.78959569240433
-87.73196052303047
-8.219355166168015
62.06475421922755
-48.850545802707046
14.703660435748219
15.976767324025687
-45.887865498943455
-27.79876180533391
86.4210855773068
-56.40809342656068
-85.31132147612368
88.19209303261539
24.9832764185536
50.37334318837395
73.6172606999138
94.24351925693225
-25.34270594766032
-33.94882197582787
-16.509058153657634
21.245713151687127
24.764829964132716
-39.395589540700435
-39.889704039448446
-78.22914934786283
-0.3515171614230326
52.70491110541323
80.31815324432884
54.246792853269
-24.828923491547698
-58.19531874893584
69.8307477223847
25.09803665595946
52.94142307187545
2.2785760951622365
-47.236057433951764
27.15619539936789
70.88369835638142
-84.93005503461757
-20.136173170036685
92.47027397901707
-60.003212479708345
22.691486981086626
-78.15488204491736
-49.99461525102027
47.953265205527714
99.82986892298905
-39.39066917947487
-23.044772944971854
85.23726404460726
29.007238149260246
-76.0042434644458
17.830188967600307
78.75540665544483
14.991214867201762
18.519545944047522
-5.092625944981592
-35.15045311541046
14.28447753252054
36.512005296841096
24.060337081425757
88.01711214262667
-81.86409576347373
48.54811944823513
82.21944514817287
12.248447793050673
-17.810841755593643
74.24282661151648
-87.19151326041712
3.2407555633020593
69.58883866628963
54.32276236823958
-5.876035872152329
-30.868198660375313
64.87462416869653
-71.83136423630252
65.85562303181953
-13.549771922436733
87.17937950220846
-56.5493070573277
-46.73057600996806
33.01007178108114
28.096373492340604
72.25848833671168
0.8073972843338169
39.5863690683274
5.14971086533879
39.011788127893
-47.01241656557214
37.584855572579926
-76.2933644198016
84.02862221701315
2.9851056325347542
-79.88847101522174
97.51334973795213
-73.54340361130964
49.29149156126741
58.57770428429441
68.17593781940752
35.25464746911271
-25.164638444171473
26.485389322936754
92.36011681044155
51.675172286077895
39.83971258982163
12.041912423385554
49.80013950631778
-62.81605974777405
-51.85342228847845
57.87881867564283
6.276942533586947
44.178649630897496
51.19932471079318
-18.835880110990928
-46.51260351736681
-11.974870448472146
-25.904704749956025
-73.63146302797439
1.593172607137035
-93.00279564071867
-55.0529424766665
-5.79590107759995
-95.27474470360302
64.40445348551799
-74.90077128836424
52.32458436897079
84.07364708851546
-1.6550207472205472
-57.77203939323887
-35.10568257520343
86.03657479182635
37.44611926359721
-6.972854841802217
17.812397749758276
93.08505374098846
43.515475737192645
-10.453581054595901
-61.94174326290109
-66.03972680481252
-96.45982992660845
-5.493946359125985
16.853575939883925
9.747673821176917
-16.78440696579841
-70.87843647361511
-32.337160912928624
45.00404442896294
24.158927053892242
-42.664709780124795
-4.562332821062682
-84.41065146232188
-9.398090903184041
-83.64949146194303
6.474937814920324
-6.580959693963308
28.053998726023167
-53.03268870159441
54.446576841712925
-68.92918775020571
78.74760950583101
92.43662789465529
-83.45283664450498
23.527508319609353
-65.75163998950349
38.501810806025645
-41.58697426286717
-73.81086852075278
-84.71880117810898
15.680895095408104
98.21520481173744
-14.39863439656051
-87.28022407504814
21.947970020534598
-87.18618801510418
-12.673462425028958
70.2020193176148
12.863906542145045
67.70038653269793
-25.23998771265859
66.35338980008368
56.73393477656822
-56.872013437431846
-65.55434110820306
-59.544473701927636
77.90603008640639
46.43322216840093
-91.63505388186846
23.616228083599353
-10.638216114658846
-68.0828361578638
-76.70929456680199
-46.660068693372715
97.6932817333468
-65.16574361925387
-98.76793711125697
73.01619435555534
-56.16283955285542
-23.388921926318744
-67.63631353306634
-4.49550095019822
36.41034642138007
78.29017086905449
11.009305004583567
6.097904584678872
95.86051534120622
13.415027319636707
-16.621386909439636
83.89291240517156
-69.15727941441325
-20.95039800557248
82.30862113292758
-16.113332748749727
-52.40771966277216
-79.833756797006
-19.668904439690408
-5.530204506402953
97.97563699043172
80.69479876159582
32.51090917563053
-33.14483924719522
8.824973960285249
49.46466333545902
-54.66123752140233
-72.60412685136879
20.6787751915586
5.464920417073543
54.970273248524165
-68.82818769588008
98.73372468464905
67.08266569763072
38.50847605742024
-68.84972315393017
70.84179139093806
-29.314729513274784
-31.542915054046986
90.29399699394648
60.123512334281656
-30.709416867892884
-63.69996675500922
33.415161008084226
-61.25279896732971
-73.28354092803322
-66.00127337836051
-16.769583345429155
-53.306489217609546
68.46709947557517
-47.866611926089675
41.19413941858386
76.86899907685208
63.60377290968191
97.34834227082357
-77.66423152607857
27.14141772437499
-19.236037196050134
62.79682909690524
-12.001742988387278
-82.37129262134242
72.13246299780494
96.15735995561596
98.80647687739042
-80.05912978232321
-6.744831748528938
97.2605732862356
69.58500875361682
38.07442427613688
84.87792503110066
-21.868086570041385
59.801301783493386
16.154465274376648
-36.590612684995435
-89.37565648131833
27.40261046031884
-60.58658412805171
78.63357330129105
-31.42356975459495
42.99653358978992
71.20506395971506
-61.71819038530009
-75.55003858855909
-77.00936051847984
26.653174788169693
17.375126748435306
-29.515006886951028
-59.20350019891978
68.46251633333515
-4.071609560045488
61.0599033897704
-41.072075302106235
-51.285172590619595
9.657829344508897
-63.91000290439881
86.1130001758159
-44.48423572244862
50.51577291806967
-21.480255009832945
29.259250420228312
-55.12714022709315
91.6341235296868
-15.862055506708828
-64.9420277694563
-77.188077613617
-49.28704320046864
48.40385111711802
31.194506667019766
-49.441480862031575
-3.6783587458544105
52.32923512571185
96.88717336198621
-13.806492073908487
-5.608465676702522
-5.8451339248896375
60.50447367223066
90.04026103391129
-57.42877154006676
21.522304184535272
34.02748016008945
23.959556293562386
4.11519470218434
-64.07615386771941
18.105440642244815
60.64716835122326
-52.517477632616874
70.39069036547826
4.983444506828178
-98.30556455866457
41.26794840626812
-26.67489276888145
-0.4527245184045512
-58.345765109693424
-14.903756292164204
-59.39742214889703
62.26856399237687
-2.0624781175259557
59.70754571424652
14.391932903123262
38.64822345928894
81.8708209100526
10.38248851971062
-47.3347046231591
-19.44925069567232
-61.32363410519503
32.67720948279336
62.20228997015312
-37.67426545534909
31.83474744366177
16.461820880976163
22.056098869960678
-98.74820401615843
-0.5287580636763352
47.93725553223072
-71.27829283772445
-71.71279256774174
66.26397618249257
-61.131033082817375
-68.5568376998834
-20.893884557516913
-96.8787070193293
67.20432748179107
59.903954485974765
78.27195354274605
-60.86301043417235
-44.73957270429647
41.795535087951805
84.2271673759291
72.78658354823372
-54.04557595398922
-9.00510210435877
-28.57724324632487
31.316405264068777
75.17320248337441
-19.14333848656365
73.32320765144416
23.054501787062236
55.5986773610218
-6.2840211284978125
-24.648498971198407
-27.819434022217806
-15.523860696381234
-94.72920202913768
-97.98552124817554
69.95214939926967
30.834625236074544
-49.5155658222511
48.502239451617584
-46.15270964112697
-57.96209581083775
-79.56504900971508
80.75608875432266
-54.2694813061519
-35.53970894771972
56.896585252698486
-11.091179265105538
-57.672803064649344
63.433192135377425
-90.66513083860903
-60.92751851209408
95.2965217359259
36.798777324126775
-14.662605410372691
67.06052710350076
40.308555639520904
48.14269871495421
2.8910041263768136
20.298023532451694
54.78018066444656
46.10821806908314
-79.18854519511093
80.78027421599606
93.64562738286949
6.96824576474981
0.10102009464780792
91.44773080464034
85.07045313813722
