39.46600446553708
64.56295137591141
33.21671578260822
9.284419263849102
-26.222903287200978
56.91376779571894
-27.539930796258318
49.717069714669066
-18.740214202456087
-85.48131187324755
96.40401734888871
-55.286560713953456
-86.73946473921548
44.852824037537715
47.6664803677439
-56.444324892722555
27.720273278298265
-4.81590664554048
18.27734616020203
-97.39550144824494
-77.0929521453527
-88.07248072981898
68.73634215586529
-98.52531216521061
60.43922123351865
2.1594264344367105
20.6529554568845
62.76236519506432
-59.927122514821484
-32.36838963974526
69.13369554216814
92.99159901408731
43.16019431579247
17.951765151332296
-55.815704491112264
-11.471573057886573
-47.30682799122883
-66.81187929245398
91.56105880623471
77.1610555711942
-11.811107337539028
-50.172793678003536
92.13665742242571
-99.12877975995997
24.394824299948525
-2.889313632438302
81.38238397985288
-33.949828515867736
0.15814364831277317
-40.25913491325797
-47.86960970966192
-45.10233380240361
-95.58007502980334
-72.90809352438971
-65.12916898099343
9.107836416278147
31.401311095015018
-82.32339023191497
71.33483218423743
65.77245447456852
-57.98947051964765
-4.190015978382064
-86.84743274139603
-81.73566460559772
65.71655604149652
17.080564207808393
52.90181247539908
-76.60691232032733
-57.77035181928423
-45.46880549529333
82.26583363140233
-16.789683168475193
35.02366513137076
-69.07950946524512
39.811143947045394
88.80296666113844
-94.15855482993511
-3.7548951318465953
-13.767300261033682
32.74197629967222
-47.51711897890678
-45.490302665927906
97.10713150508502
-5.500419639781057
-96.40351129661673
61.99300938662208
80.22951859533597
-68.99197446252472
72.20228827759522
-5.158378450501772
-10.626512178631415
-76.49437612010144
91.93286644222928
-76.93976608183311
-85.62073661896372
68.98995690459901
-99.17476034884005
-68.30523697530509
68.75307476859464
-50.97130360429523
53.058310890441305
-58.34596224085351
-20.638328749638518
-44.065505187143536
33.75218530326626
-17.048564759186576
-65.04284025311634
53.152053942448674
-88.77120027214171
99.48585071283838
-8.943388216332096
-47.20906442345403
-39.69229258960865
21.052969143886074
-76.30333588438154
59.935060497667735
10.658554468318115
-5.8205053365906
1.9862964813304131
19.391662668276183
-3.196970517125223
-95.98519496306324
-78.16898126720432
-43.460205617836614
-85.57488835173454
40.115185470900826
-73.09056314720117
38.38626819343338
-83.41942102293444
-95.4312888328138
-41.53999766188452
-77.03752943528572
-88.26569317159077
-6.410089391220424
10.006131403751638
46.16873414269676
47.33418367891181
-55.75833945294886
11.270047107213244
-69.10235073994211
8.6011056666907
55.990504459267015
-79.24826998070611
-14.579789931406168
-4.625039527952055
73.82204379050498
53.761040655083775
35.80472906240939
40.47931946207345
34.06372546273178
-46.296650513061934
-44.90868211171022
79.08361269972573
55.217842949924545
50.41027082189845
84.00525138847331
-6.001685209960556
40.15697870578154
-10.146520027370258
-11.671873347547717
-45.60570050299093
30.275847425107827
-96.22691740821693
-82.90412783192629
81.19199072306714
84.91553176539935
73.55051311753695
47.146648906542964
48.61621845058286
5.115478942011748
-9.545361057796484
-67.57033989613959
-71.05226805838873
-69.6196450982337
-24.974405425143246
-64.75015737633316
-54.434239879605805
-52.018188859082606
9.500648797463953
-45.72957368678638
-53.63306904691218
72.7589540729758
-83.28907394748256
31.44720077937012
-21.497285180817855
-12.216001676594061
88.62818417619323
-27.755379991507027
68.21163564527018
-55.47329565949444
44.16046849598166
71.7207469312975
-20.420871779342534
-79.2850713973652
31.796137057512112
-64.0479695838973
75.752217976868
91.93638732923881
95.43373509234746
-30.831257714235093
93.14414365291466
13.701907835085663
15.363750367734099
-88.08946573595699
-6.8004631579565
29.64181237179352
-76.3370075856902
-43.347172770814566
65.92871324169855
73.79315695958084
-65.25447168982794
-79.79672100774769
-10.511242681793334
-1.6243502410294752
15.800962493493358
-33.492949706874356
-69.88598194610726
26.18145658650151
-88.86527693388821
-2.6321812089557852
-56.60773389972624
83.97262444804801
-60.25917012398381
-35.62206771075655
38.216701195740626
91.26231162950461
99.20006585956955
7.085673384148521
-43.20375067834028
55.59960870871956
94.97735741461818
-5.311635661463555
-4.665036693960701
45.29076398794655
19.092629762435152
50.178493830368524
60.31072378062561
80.61310307240939
20.3918924572378
59.86207570117983
33.418372925225725
-66.13755067025085
62.21715750636116
82.90478373970598
-42.22978786240703
-2.7083111139223774
70.64822599327707
52.55439372175198
58.009145952283035
77.10467079772792
31.853458820903
83.6304385479871
27.68455741263196
61.44994470428179
57.61091016737751
-36.36115324791918
-23.393474980568982
-26.860390215682827
69.43686090807336
-22.21267747500086
-27.363995558719267
-58.538265435780644
-10.000018581227593
-40.02552611651091
94.53471763268263
12.359767361119196
34.58544185473548
-75.7836909900413
-56.245215043050266
-68.05566904397433
69.41790724911186
91.52705749630206
8.347491692877227
-50.31380151059244
46.327833974860624
-59.55888991091685
56.40848394060308
-15.290595794917095
19.955175140141534
-62.819482958519316
-78.38330596073435
-23.096858155389313
-62.53736755950974
-39.01797482978084
-71.66716456237324
-60.88903958104619
99.57710395482366
83.74527456001445
35.10021087547858
71.24788559071968
-56.88048117299913
-22.579041435565813
50.79943619535473
10.810224519538835
-73.01355030959232
-48.434810790013216
-24.407413918036752
-44.733163365417504
-21.30974228229489
-69.82199921769627
96.19034191854746
27.688844328633607
89.24083001299277
84.65248922446892
54.07091888218872
84.61129886582529
-72.379376518771
-35.0386709204122
63.080408248250535
-20.548638797200553
2.3922346047210397
-83.11546850885694
-23.8353076175097
-26.099326650304477
-39.25699806153729
-17.942284245621607
42.55065037597842
-22.89399850864011
19.231538319287395
-0.05059052353588811
-68.30803311017718
44.48532426470652
-83.29225054717767
81.5103620804442
18.226246604309665
-87.22465692200201
-44.72222140116568
46.476330984677105
-90.23580535774185
15.072924521449394
99.25304402863432
-5.665946768410862
24.654884540993095
71.44957849457987
-51.112445467762214
-0.19058287812742947
-79.18446828027666
-66.15208334946108
-45.90277447347837
-0.3262765468983133
-86.99882034155297
-49.85434019595101
-7.284848010835049
-4.062523822873757
60.38493829107017
54.59254584614342
96.59697386852483
94.5861580191818
21.50997409561255
36.713523920016286
-43.4796968247265
86.15407731240458
41.743016587883744
81.30698663105801
85.40469231579468
54.83386624964325
21.866232849446803
64.78112369027349
7.737860253772098
-2.076459721021436
66.53661553253937
-33.63504853797083
-46.61843770122112
38.19351805161472
39.33001375117328
-95.25441805083892
62.284944821594166
-71.29222779362696
-77.49930799352268
-26.955276392997646
-67.53300406364048
0.981625035033673
15.307038213805697
34.962897418637255
-59.5014967789151
23.708185199839875
-43.22453307754826
67.16117460598471
1.3071960385541388
26.860580066527916
89.56163514450873
8.33591180874214
56.07747403912964
56.33012621914824
7.326772900679998
-71.06999780053266
-93.90918912666521
45.420809939703304
-23.50961638616691
-26.629452854864425
-70.37025661768486
40.24414157519604
-67.85587020166932
-39.0878465657591
15.217344319717355
0.3565944525879985
-73.6206420283722
-25.77436579162932
-71.03786633304597
12.962000464276997
65.5914165372194
45.888617592028254
35.01402378401562
24.886934337813287
32.86849735961343
9.606561233093842
-84.17490957775364
-49.49121096849041
57.56737545817353
-79.83372882790896
3.880691797707584
-69.01441667095256
90.8397306261071
97.02384233512419
-22.657677097542233
99.76933744682387
21.88585831165642
91.01660957838521
95.33799233136563
-18.150631147907177
26.415693061658658
25.961127643876864
23.754819574443147
92.09224709451865
-75.9318195432445
43.6653347948411
48.23961186156694
-8.286583272671066
75.76821004056293
-26.657699698299453
-45.32513104952589
-76.63608060607037
-78.77110109365697
-37.76711412747291
2.3156763671115357
79.45650934020057
4.545037262450151
-58.06654072243964
81.84534632289927
5.620601558686957
-76.22669402473943
-69.39954322181788
0.69345940337287
-75.27384553556317
-52.27285135094595
76.95552753336102
39.0739896781931
-82.83119975483922
-60.98267071432411
-65.6533355823943
74.2445978001038
55.445073429039354
55.33875742256683
86.29503063504228
-70.14315426406144
-54.168205388748206
73.26778431263725
-20.195522253213554
43.22140434693546
50.656746519810355
8.15964594473482
7.739168690558657
14.572153654530169
70.90826170474648
36.395458991243885
-82.6370052603011
12.898144488999733
35.81498759715012
-25.294082448885362
49.572454711656775
28.61531149821846
46.47399850304686
-99.99798102086666
16.339212187847238
-42.112616527461014
-85.47058447867606
-12.986913231726646
68.05427762868993
-49.0531009763258
53.20214605473669
65.25403294815064
-67.27248210448715
-76.98034778675924
46.39407831905547
-73.37168877771848
-57.140249225778874
-93.05208739297643
58.89607829488318
-51.74196966062179
-7.386993712048422
-59.24058700304335
-51.38586623640031
18.010450086573144
-24.78283247769575
16.703188505101835
34.68875428663017
80.93326900724239
-89.41944942189444
-20.384433163423836
-91.16864595797718
52.146363100431984
86.61905922617885
-34.77587193816507
-88.06419421739993
-75.37367713789516
65.5907899423228
1.2609725868663446
94.45472168093659
-87.5645223287663
0.475627275309634
49.55172005236011
-71.03150361372704
94.93061808250187
-94.06388134971588
-18.128935131656917
-15.59502112178832
-21.103150262629526
73.14549098276439
55.297847815739175
-70.6380414470295
-21.146510805020995
29.431447675558644
-32.52923416852265
-10.556531306198622
59.60100237888187
88.72336332893101
-14.229901450645158
-54.745557467138205
16.574670889705885
-61.289075717096544
-38.35751548669057
-88.75953603821762
-50.11137330512418
-56.328950965809035
-91.17999774920341
-40.60342816828706
-57.61983816415825
43.556502481897525
91.01905682675383
-44.162914416473775
14.765788061278613
-2.167869970739474
-95.4794548116276
68.85032104215972
-68.23822167348901
-1.5522712757939843
-51.652050532243535
99.7880991264336
73.18904538615476
29.556330935543315
-29.741120169852138
28.448857362320155
84.6569781943069
47.18182874233585
23.206844675740186
-5.079614962556207
-34.705327887774786
-93.91646713665511
-10.399948797692588
-44.0011955390385
72.48676061898968
32.807975707959116
68.95527540118317
-51.10515780658351
-31.47333584325564
-3.503173121251038
91.84025935853805
-51.403003222251684
-99.06661136373813
9.900134895863573
11.522301039015431
93.33575598612686
33.81433072396081
-8.325045449619694
-6.6008477691614615
31.880131757484065
35.98657803234937
-5.06047566858021
-28.376505282610864
-26.13993860584496
9.997037075931175
2.3160469165767665
-42.0938828780336
61.736321666763075
43.715015588178176
74.1033067864459
-13.729059008797819
61.370842407981314
40.17979640577934
-25.153776749867518
-68.69450607756451
94.31115323057767
-51.67153091897623
31.78245921691783
-67.81866086306741
-85.99511261166428
-71.22075475101619
-46.56115915184556
-1.9564412156896935
52.291790717291406
80.16708461871212
93.32060567067532
-43.62125412107984
-12.317797921545619
-27.502329704090386
-69.8997722772089
65.92088566808002
-99.07163425107693
-4.256186422470648
50.45023362041201
-4.234333917843941
94.5727032875013
-77.79657126096993
59.34185137200569
36.712632570308585
-79.79104794450626
-29.617750454641794
76.65135606872201
81.20567647368131
-80.02084107281982
-70.07488234158632
-28.737120512406335
-87.53313055691505
66.07473375010352
62.655234570624714
-92.70820726587152
-45.55048527118606
76.31984586467027
-42.12188168032562
-27.560675876909315
-22.987821055078996
2.9795428433442765
37.6736334121357
-91.76347189491591
40.30118581254936
-90.23095269313556
-2.6096365774111803
75.89246618204132
1.9413674354381527
58.89544132570782
14.311020967072281
78.78086014806658
-89.47436388701165
-4.000348441731518
-87.60549690137537
-2.9973505042303117
-64.99671755446798
-10.241708298868161
70.04271245259551
-21.88956963199962
-39.38445068594785
-48.99912891479079
-63.52214967661216
18.81197219380452
-69.3650662421552
-71.15561968559825
-9.19919614038362
-16.80444745900931
82.57887829798364
-38.93421790068978
56.88572247174184
44.7849646346466
-60.43793166282947
-69.60565879499497
66.46401453486769
7.701391081340688
41.19285604615828
60.276957144948085
-35.36480578713757
-12.689048635771584
42.57123808746098
-87.64396226075954
31.71750538582245
6.0897915943522065
-78.77845006890136
-41.88712063863984
-22.29727806029787
79.62543295438488
-8.034916428910009
15.376658249219346
96.76268911978511
-16.36338280925888
-64.13281853729302
-16.340326026310265
69.18177624876486
31.838648893376558
-27.699655973786292
-85.22599593246542
-33.597679178432244
-86.71340317549432
42.735247998217005
84.48455414608404
-74.13340122169463
-64.5235289250792
49.14193961815894
31.56093993775218
86.65052811685791
-64.746075930567
37.85904617146218
-8.644908834694661
29.94443314146116
48.68025515369675
87.59905737937387
90.48440373871668
-67.9500846974371
-37.501274466422615
79.23866952289012
51.51262561910744
-12.405159338569888
1.8440719048697929
38.890157591778205
-25.861319262515778
-14.478504524283167
-47.550829936887794
21.814102547481667
-60.702287387800034
-29.91135387952066
-79.59013353423774
45.46633360834173
56.40841624282285
-97.69657254925302
73.60706337067074
-77.05303486025478
-48.76919979085701
-3.060638158972907
19.35147700579465
-30.141650445981824
20.384881391837382
-74.33975681664005
-23.88814369235355
11.745534513014661
7.1728044656637735
-41.257474871913644
-45.17886107914073
-17.182364605813575
-91.3034912383503
-16.38995069537819
26.35852641443732
86.45847349264466
-66.10758400647507
-16.212424407525106
85.78422672776924
-93.79112387519442
-3.033015139752493
52.815203136176706
88.30337793107796
91.10724804517903
-40.46747943678517
-27.796573710867747
-20.294539625911483
-30.21058813806023
-44.94046795644091
41.37047843889363
59.8770323371925
-48.77476130073821
-3.9632232642970564
58.038678692928926
-49.748303150708125
-95.95416965210168
-51.91773884538489
-23.2749983575587
17.252331468698685
-16.237782131064392
-82.16267555208543
-29.99538469754191
66.92116388986602
-84.2424141924547
99.05839487377196
76.0103410703775
85.32534525070906
-68.82896103244576
95.01822051187341
33.363789442567736
-66.67701305841238
-11.100223782084711
-65.26127805798183
-92.35216256146114
-51.74208869057275
5.827899881028102
27.902825158446603
-72.94307542378577
-60.87839915111073
-23.961387929624678
-27.128170928212384
46.43401717847968
-84.37986532267092
69.60342049211428
90.14693126400059
-23.828168937323582
-90.28635200454443
-68.15531575734863
-40.66928444932631
-22.503380562653376
-82.6528992097117
-25.344220557127855
13.888106159538324
-35.934613929865094
-98.35247486174876
33.57845272849275
23.995753882750506
39.59756007886969
28.726195894305192
39.50566204355465
-17.543695892410156
50.48770149353595
-92.35999833627493
-43.26668103420977
-90.83859196411387
59.43111869908208
23.870660774937647
71.53205202031597
-32.822245928747606
-40.51674576509292
92.78750232310128
39.526051557417674
-41.67263129449028
66.55904167695525
-84.10692494939111
-31.746752531691143
6.354318128514564
-40.76254248253728
43.063937475237
-21.537433426774626
42.88278268323859
-41.52835853071222
-14.164758257842806
-33.77688653020043
52.572899046697785
-78.54484245953208
-39.52299244316322
-98.65382018359132
-58.133995610765396
-73.8860493698811
-99.80969667016922
-46.09858472991928
73.80237945751404
3.8490285074524593
-13.502219565369458
-53.596603531441936
78.93394492983091
-65.81237738269755
82.59314533707928
37.148276562186254
71.61571768460945
99.39736563211468
-1.8721004806931916
42.69156299734237
-7.256539551505114
-45.70677576486084
66.68991968137848
-11.061753182005958
65.13580910367119
-0.9956889545541259
-85.1219097069677
-71.17816519094453
6.129980872035134
11.540147114555069
-56.47861410746422
-53.69062431096958
-20.550112406550582
48.692631006943316
79.86977515830449
-74.55017874203818
67.79209309845012
59.908982045184075
-92.34383010549858
-91.24619132660325
17.65817569692929
-82.90866503353023
-6.522823918849284
86.34953301112088
-49.41043824940139
80.48949270511875
89.76118966815753
-70.03267149451374
-14.69100348359214
-74.557894663074
-56.5193799815646
40.756365439682384
13.36873991020451
54.99823522971843
-57.36780952169178
-25.853157349776097
-84.20233828173103
38.16063055583021
47.60049699508636
-90.52623087745408
0.4624482033033672
-69.88263931036593
-78.47515862772414
7.513288994774953
3.146461207959888
-2.8220177373604542
-93.44904052881809
63.39457413439885
9.677953585721895
-34.244167159324306
42.900999495147175
-76.81513760932282
4.229145588719447
40.00540744036621
-7.362285796502761
15.53204990193855
-49.261034836787054
-18.752320800177813
54.994444951477305
-2.9609033456721363
1.6538726237587156
-42.09828668697615
-17.714175519693214
-2.9909165576137156
-98.88185357399813
56.03945415508963
48.90089690482026
17.569314954037935
40.41491303789945
84.54406037297838
-22.35198184423035
-77.6069684466526
-55.511018376513135
-93.87255373996616
12.73743850557861
77.95734600068627
-5.009632482234181
36.382062603409935
56.52000191316668
-12.037430847225679
-73.85366257030353
-20.200644288379905
-34.9619390850098
41.27681752363759
-66.20553033938918
16.269710789214955
-60.40804133405877
30.974642801945407
72.54184397957587
-40.52645676597702
38.42274591331142
16.451346745921413
-35.65124595752491
50.963438231605096
-99.35042907508662
-14.428689185930878
44.73393916139449
-60.98150500731789
-92.02358724474003
87.23894473016114
-86.05921498533229
98.91054793786049
60.41092169490619
-98.32748631612004
87.71234519646052
83.0392084805795
39.94853850009014
-66.36467378135411
-80.91903971602028
16.92002317787869
-76.09635403989365
-9.352343896855842
-87.38211160578413
98.7631499832159
-19.351665953719802
54.78626441657917
95.02239237202116
92.86880930133847
5.7680485910654085
22.124554213232955
-34.45075550949777
-7.62910759052582
96.06276352479307
84.1918859445465
81.76266010511196
-54.560100694036365
-87.97810395773064
-86.27485956783143
-56.6991225285403
-86.66671842672069
-62.13970950844296
26.527263610109088
81.8749563779476
-99.24278244566769
21.89472035973266
-85.83842810682785
94.73310992532589
44.53147309581382
37.30330836203893
-96.7534090986792
-36.00910155486217
-89.3424606985749
95.364064393038
-6.402244954178542
-98.7830502415294
78.6383699922221
66.57224651233972
-88.35169687023065
53.35136258177215
-46.00011196928939
23.752231418747755
58.97728887303734
19.391628996020003
