60.72187916147152
37.67372102752847
-12.985721152685443
-54.25737180351338
-36.39516649413961
-49.66623290710168
3.811302562494845
50.30645478069633
-15.574373468277798
58.14788669076219
-42.291306781401694
-51.26737044004754
-61.84825857874956
-20.625476638452184
-48.36603188847135
15.082897109931181
-71.81492134053676
-81.5574643013357
-6.625476465195291
31.963831189237396
66.81584644294378
-65.60250261697387
59.08009950706037
-13.154575432752893
28.440343909035278
-93.15769248635912
-39.744125735270416
-20.688593360477213
73.5144391205479
-69.257927246129
4.498873998079247
-71.34727360496052
-63.81153840783335
2.4156298600185266
-68.42882369442565
-1.888234564920694
6.118900386272259
-86.00097091330112
99.65555358902395
-9.292485097474042
-91.36630430865313
20.183782887422083
50.97417277077167
-84.29802110534663
41.58423181845822
-51.186125036646146
-85.33828882098857
-73.4670842360924
-66.64662054674837
-83.27337740401836
18.40718356520152
44.365972721052
96.76113086407386
-35.185579786873845
34.21669934831854
10.994584212736271
-56.49191631545389
49.08294901302571
61.51029274807871
65.77163364383227
-67.64214908709386
-73.91651737433
31.899998078242447
-68.50175635319104
70.78797349706656
28.463265864577266
-89.61249484517515
-95.04530876665851
-78.1879133931952
25.820485269484635
-95.91188910022233
-86.52279951014974
28.489622047393027
46.83517912932879
-38.55268627658488
48.74095021963518
-5.073680505257116
15.12991844376252
90.27965012640283
-83.57828449666567
-52.21122752685614
-38.368165698436755
40.39694130070458
-53.24134328609631
48.3515400981955
55.105249330476965
27.66084234106347
93.84951919985701
57.3493048061342
75.525393536975
94.53673066483233
33.08203481136394
-12.224175239446524
53.574669040158085
-87.42039209163187
-51.00386754613289
-61.0151857126052
-60.23660563090263
-7.034279531523822
-92.69626962542625
-40.10705526723024
59.938675065326436
-92.4052314519642
25.187431931719033
31.94693845053331
-72.02241671280296
56.79521900342047
81.21124218749418
95.65832397334663
-57.39909746981326
25.93900672460822
16.683695573517852
-68.00712307644628
80.66739301144523
69.37637419265542
31.815623821597086
26.57330971379328
-74.49140073989685
-20.034422726530295
38.17560430091564
1.2722305128504843
-19.8119951077842
-49.54935702683447
5.687399315409607
-18.571847826190037
12.453524430588402
-76.5638395902348
56.490107325277876
90.87054206666596
12.581242053305132
-14.789302196643376
93.55796845614753
70.93505331289543
96.52979017618938
98.13019063345257
30.198546173571486
5.896183858290627
61.64890015478164
-16.106875269919072
-80.07948232097715
19.76607584579189
65.27291787019203
-1.459055452728336
4.697350659326034
-44.788333968328445
-58.45941581006575
83.4305161302253
-52.80032735340357
-52.695042890187295
5.086628965599147
95.11150730932155
-91.34365201369177
-50.645541145723904
-19.49704573677873
-83.27503902591806
-47.21969583673955
-75.40737140847918
-6.662545339386909
-12.40496436895225
-1.189899660017474
-68.77501718770947
-14.378563603209287
-46.459097800914726
-19.360894444274464
-55.36731500135106
47.32015089445227
-41.84276658887214
-44.581592339846665
3.469882061710038
-59.4521152512302
69.49604711652299
48.01289313625247
3.6599344638195532
-22.403300477999764
-7.285396441267892
6.619211684563723
31.912582906748554
-89.52138319092018
-31.993382046926683
-96.18471311996386
94.2426360946281
86.66224697709711
-34.06563555854798
0.656108578997987
-90.71543168330957
-67.74251322724245
-91.59887790868257
64.16054091570959
34.16077579203406
-39.925554205367185
96.71731644931813
-66.54453068306007
-71.14691458265902
-64.6206370123586
-16.155900213459944
-58.95571416927763
52.143783480356575
-35.40949582532207
30.12745590306716
-9.25111126471154
-24.814768465194547
-36.59115473596366
59.090316941231606
55.66839279460771
87.53296464307004
-23.257516038751234
46.13979264585848
-4.7542581240045365
75.17983396018212
-92.31827853446804
28.36932831562632
-70.95143977034104
-38.240336067068405
26.280986614724796
-25.604564967848773
-99.50385385747391
-14.998913403757214
-54.809465798989486
-29.38493011221655
-0.6807442838119755
-6.485600252208286
-9.706550247188389
-94.1800091300512
62.54507744771004
-30.406403959976444
77.4151638608823
21.670835464414395
-20.690660777895147
-10.318061031208757
56.499388730859266
67.42150073278069
18.394939702443324
48.36374842440313
-46.70216638113731
-53.575638915237754
37.71999221738204
15.138041535775159
30.960990874021178
-63.746222662238154
42.037985363344035
-9.231558852400255
-65.36738486090343
-65.89476055193401
41.990495288787145
-61.27990640499499
2.993628979421061
20.511759227338075
70.30033350256949
-9.349531172369026
75.50914064181617
99.87418453196929
52.95135616352209
57.36811488432815
35.18876635670381
23.381679760338486
-84.38950287305823
58.32132879910023
35.23491872837809
-50.60506579238098
9.988670946264122
93.68049208098665
94.60618986782245
-0.9862403156786428
61.504979728827635
68.47919206205466
-20.688595606905196
-73.48996913068913
-97.80510314112945
88.67141310247834
-30.73436289022365
45.6071662448351
16.293682138000648
69.38173030976066
-84.69663003561647
-72.55950761026463
11.789007357348353
-22.897281467762667
5.09253434287406
90.52661278974566
-33.576892585610224
72.80361534500602
-80.59612595276538
50.34023798315036
-42.49568897698133
5.270505540759402
13.632022734671295
44.4198829731242
-60.73559830378223
-26.512075705396313
-69.31469939506468
17.656132688563318
81.53977054069367
-88.70193984651627
-82.0927329899771
-29.373103575395817
-77.10545854406965
-90.8421579994829
-64.07437815457142
92.98281568624634
98.31870546588058
-63.25786319559201
45.07613138554717
-83.62452268912293
-38.27078113091418
-81.56484038633671
54.67203268962828
-89.57032393986762
68.70843254577187
56.663194120352074
-88.47565478629244
4.962154196573977
-11.800513433722728
7.358571310286436
1.4314315380620428
-0.9906754173042174
-78.10239233023532
99.3029607947586
89.23637042361577
6.838989000729455
3.7793419345023977
96.34411450165135
95.66261249081259
67.59756607429401
-33.04933731931369
38.45290566830198
-4.820208211352025
0.6671050444910946
78.0267218317004
51.26829875278685
-78.26917482086353
6.959647275942999
-92.04373129944334
-63.45525759981463
77.31885416422216
48.507047104478545
-37.820830765211944
49.443459424698204
41.05198087153826
79.36266703177566
80.66877644785265
89.74083676489687
89.9099190943754
3.8988475155134097
51.36242110227258
-8.354283413864422
0.02855776857688852
45.68534692789092
-1.1175573801126575
-16.606717752966603
-72.50953630889849
3.355546668306772
72.61871611638543
-29.82082806677211
-12.797282389675146
39.09772650688879
39.31502921182613
70.83116890481747
-32.964107812940796
-36.77662734753193
42.58376118227747
56.40381436444372
-45.59918948290982
-25.8598699898956
-66.38799762713647
92.11700783601694
25.48387431023677
-32.6451032484442
-37.30348214108614
-33.73433110640501
-38.913056925377674
80.07219172719954
-47.61849993052083
-52.66937592003163
89.28140417872484
-53.781726697497255
36.4424937670388
-78.69398361470911
26.92003754439834
-20.41382759188997
49.28742417665262
-80.57826433657598
-42.58588429272601
72.23519990189928
-59.64214113341173
78.55961232308098
94.19349212202818
-51.31658259465483
80.17979535479927
75.87052560598701
16.634441736759854
-18.003564399146015
99.78117201221815
38.59766228886102
69.67469878899146
81.10621668555311
-53.52980665535196
10.671878776468361
51.2172356509017
34.702518828444255
-32.63230093785903
-31.166830099745326
40.37571406691282
78.71473309982716
-24.311272610584055
-30.474496154265935
-52.823428472891585
71.66045185046437
-26.744591529583346
-66.867002989295
-45.83777498916142
42.441404178772416
-36.85065648228398
7.689708531956541
55.22272511862727
-90.23248464730406
-50.34566355588272
-90.2990517903418
79.7879304836301
-68.37428197870716
52.17725906691845
57.292700130949925
-69.31881814218204
-25.795902934759468
49.65849664077342
-28.561652139514607
59.38022746429442
-64.47109622152325
-54.98068867530883
-86.07046723200624
-92.90014102217619
0.904635240631606
92.16422565006135
65.4721981553487
-69.5571161863169
-38.54375537384123
-11.159629444194948
67.92395009575188
14.322194151509436
-69.48126252565501
-95.10862207085724
45.49466711107178
-84.18177910644995
-81.22234100520865
-80.95995333019319
-28.344286914147972
-12.109925991611178
42.29216483296318
74.42735014946817
76.12378546863937
57.48046236419796
85.01557126912564
25.175826910434324
-97.3609018590325
34.122486901030584
73.44318137840474
56.75444525977477
20.92921224450359
5.84393603369648
30.469439963128195
95.62972480397252
-67.5051797524318
18.616494778397282
-96.55467323353105
-51.82705778192644
90.22456029652335
-27.210197800048604
8.466976434418712
-0.4471115132891583
8.682572195284251
92.49731870803996
10.452733280420375
68.17382661163262
-30.52058312774693
2.463451141126228
-41.992828743507204
-70.6372620881768
12.374945046574723
6.330725546975401
0.25547440375572705
59.67668784407576
12.905759989540087
67.8385907376705
-68.57095712236092
25.810159125932856
87.79771177273696
22.31697563212414
-63.4837571652614
-78.44479509613322
15.99308456281716
-0.8462008421875851
-14.854955732492641
-78.28213027762483
-2.5332383533458227
-35.39704422006467
57.95403605086199
-22.565117830704338
97.10796020115731
84.35934163079452
14.140539921383706
-65.21950455374166
-33.784780317066605
15.528180643253748
15.931210598099298
8.507023426607319
-82.03019326450752
-39.981479693294375
-46.35679904669963
54.12135579123017
-56.898685190866956
43.78377261765664
-69.78256174698384
64.09000923624481
91.65556213576409
24.29680819924502
4.8977464129874875
18.870250394616562
79.38535568478426
-60.20645701772915
-95.34257777161852
93.17657305497193
22.35748129957105
-99.21847811501326
18.990289094462838
93.47993761175209
-8.190578132007403
-85.13418649907247
47.02561681884373
-35.83015422739757
-58.008489968381774
70.51860911400956
-92.42692611347695
86.51789023853894
72.30545881213243
6.4968971159153455
92.16137304746636
53.30905630306563
-31.333355709775418
-78.0206697973936
6.711359125403661
-37.09660431153936
-11.292993576507214
6.695238591030716
-55.795854944913216
60.3513524890725
16.229204920991776
93.24176666072427
33.138329298967705
51.96149423018565
-98.9229317572643
47.5408952930722
-95.84700461642454
23.831500987361196
-9.730444933627552
-81.1025812186999
-92.41149248331213
-8.315002520250118
-66.44858608721836
75.84976713051682
22.38757701751129
41.4402472857106
89.38349813758174
56.7262684237989
72.70160300659043
44.99311401834919
28.790394313548518
-22.024897665579047
-80.34217027904356
-9.586831003777903
62.543688413609374
-83.51320570609575
59.87215035309029
24.233265387323115
68.21467980219649
56.838632806038305
-82.46273531434667
34.59417196816551
-11.130629346469306
41.868053030462164
49.86774471415595
56.27100262961707
61.30552616050318
1.820882131625396
-95.39394959554437
28.440704667419936
-74.28022371343377
91.50801790056656
92.87548777141822
-28.571591203484388
-59.30035599641508
82.45189630997501
-73.25192498406392
-80.71303502403106
-6.767617364634958
-85.43781849946069
87.16952748571708
79.61154106793427
-66.26939701825373
-90.35191415000475
94.10432559466275
-71.84554629009233
48.871136761056704
-96.1114821618899
12.528519354701942
-5.119113211900924
17.852306267900914
26.708542143979486
60.83912746697027
62.704834223638045
-11.276771463958426
68.98067900718169
22.143112841698127
61.110870464214855
31.2048547599461
-45.938341478678126
-84.06890641616813
73.65924401364893
-98.98033167836027
45.73432767749716
-56.97373150469094
77.92990516450578
48.5157013440554
-25.2857579983486
79.74824417887598
-94.47373101744543
64.4514443637942
-49.60159718099173
56.59357624889597
95.46626574337282
-36.870033205848074
-34.632976515213
-67.39060966872204
82.66318776388547
-21.811963997511995
29.82890122419269
-26.99064990950835
82.38316699716614
-52.57214994035779
-5.848332036804862
45.63815959577957
-48.57454853253
85.60404040121875
-24.383586825521945
-83.19547763871647
-43.41653774833867
18.261596275088365
97.94521578649329
-8.600991731527458
-62.790627053150416
2.7427269970601458
97.16469254361473
19.257970351460003
39.3059749698165
-21.260993709830387
56.79131137304313
35.65266164130156
14.856137527706721
-86.99920460596861
-55.162800666995594
-18.913606332879368
19.9727603649617
-47.199051315618675
-70.79574831425215
72.34435598256843
-8.138284946874492
25.961003313270652
32.43029402685261
-79.62101519430283
-71.30408551761764
-50.4360940803948
-43.788540277825795
-91.38712578478786
-63.8589884399831
-11.15733806269688
-58.08633091170701
-51.3701084839955
-71.57082722755814
-10.51327525508077
24.122524423040772
-51.32283624767633
-28.022043824724236
17.876410118477096
-46.9207435945747
72.49248968629675
59.54622299375342
-14.06899164598154
49.62247829945707
78.14318876931986
-39.36204626187283
-88.22142513521334
-50.5903146212308
76.63378381192817
-76.05518541691211
58.07586209230092
-40.77018334970815
8.700814028279268
-86.25665083919993
2.332103478310657
34.98532285188284
-55.4366775136331
-54.3037299965585
-57.02170474595336
-22.67539034843405
99.02470946039912
-72.37433190128384
6.092982896303781
-70.11607262817839
3.3337859187217163
-85.65472723297273
61.936786840802455
-90.1968953837974
-16.592783744578227
87.99164534879625
-75.37496917944566
-97.46469115643809
-39.998898319780054
-48.497086286983524
-50.46328273833986
81.88747105031996
86.47584768916508
-39.98406602004432
13.089234339082694
-64.872404321196
70.63212257294367
20.712275315267007
84.23734275560321
97.02126073182072
-88.97514847291028
-92.4739533888112
-79.87861945477002
-0.24409149903479488
-55.9893712537834
6.4833163580436945
26.161908577803445
-98.15784971168733
-9.759118600483859
10.373156183430197
-0.7220285867690137
-90.14004946891643
57.33733475278237
59.945931622519055
92.6749620396094
-29.47000149105608
64.58280604827993
21.784270700429104
84.58685376075357
-49.92649930196495
-12.728542584680483
28.39594935371315
-75.02824625807725
-70.12864485403153
-75.39423758365731
-8.337093318373064
88.97683072550618
-10.93976334630176
-74.81941450375268
-26.547460715876397
-33.96113021569933
-53.273523450028605
56.93711406165647
-92.4417202928909
39.84521505796346
78.2470143492992
20.043568619727466
49.766409335972696
-66.16656978537793
19.637334766874815
60.14657499186757
-77.65288002358596
52.62595816213917
38.240161141738184
19.642521481287645
-25.283174237842417
-49.64002444357896
25.313057444375957
-59.1638756236295
-57.06435570576354
81.59159756756185
-64.42097219143099
99.3213613659571
-1.5795324970976594
-17.64311209551373
-92.43743886486837
24.171858078104975
-51.22372164901958
33.452336348557736
40.19163686711812
94.82665794194358
-38.470153018368826
35.66413337009513
-23.256634833678973
-15.663715069673302
-67.24644367283166
78.3935060650928
-26.654392234273928
96.93762747716039
39.1689054953286
-85.31081683659998
49.07413341260383
49.65409140007634
67.23022952538668
6.135102114341478
-65.09396750560839
8.109314519407306
40.776130750600004
41.8023780478147
-23.299247695385716
55.74434196695785
-55.38652519106269
-26.288558523042454
-64.67541400208701
27.542036582290905
47.383466160207234
-89.74950522435587
-37.11668877457812
-93.37427760038479
95.77014675610707
95.6926294603486
-7.606431001712167
86.91130743818115
25.74576554316812
71.14431768148518
-32.723819349275914
8.988005752547139
-78.65921023548934
-51.66771979991216
60.434633089016984
-86.30937366706435
30.207470360458558
76.9765059318228
31.466160466754246
55.654886560139545
79.3064800726755
-29.805819096556178
19.938767422728617
-25.758324826181948
21.72838059653344
-19.09384299031707
-86.51011046169843
65.1677950120459
-85.70906975857027
-44.418714014191664
84.44655613666689
-5.177331991474006
80.8343052218803
25.493422053418314
74.73043202374524
-42.201032663190574
-56.70205773436643
74.59915851289091
-36.23187422682241
-72.21896913660115
-63.02348468115853
-10.032781658547506
39.279596430125764
-93.4023666458438
-93.13331092005215
-71.56182926126871
71.71052388610181
-64.47995088204956
68.55342656770273
-26.74285898258455
1.6430960651279776
16.581045140821928
19.95658330509862
65.15418938672559
-86.32236268021279
83.55000802998791
82.24653389197385
-75.31866658450137
-31.093523004436193
-12.05712226953925
74.17897713271822
47.987396761379586
73.87814321192317
42.36587931686839
80.01250379081671
-16.8786967977764
-64.6454941564781
91.06081134328852
46.95876295327599
87.58495330482339
-1.8701539455598493
72.62440485381444
-97.08469635601071
32.89422577162014
-68.75195965667902
-60.43249599171603
-32.253157311039374
48.86010438542567
-41.00161107372746
-83.40099732102553
89.85999709320095
14.540662504422357
-79.68687596638064
-78.3186460378902
25.820013375235646
-11.567814914151313
85.70111736327235
-38.54374360927253
-45.77435267840815
24.306562325684197
43.711869202806355
37.08106956905419
-59.05835482897896
-41.791197748205214
39.1432783547954
-60.58599040384034
55.71049623319607
-86.94036844192622
76.27544726589056
7.046813318675717
67.32026730692326
-36.577605474863795
-44.816063544617826
-66.37497839920141
-97.5226149099762
-36.47790224724188
-75.97594083979966
33.138304169577566
64.49736453413777
-60.65998498141012
77.46474356200531
-92.6234510629097
-80.50847240681946
23.137218859973814
-8.815007666577927
-11.70170868236309
-47.23732423752338
21.416169935958365
24.913953858091034
-76.5145313867269
87.26148564417983
-1.3905666467984474
3.747011336742162
55.79478349005322
51.623531536368716
28.107196537198575
-71.65179601366818
22.70763096621795
-61.599579667393
-16.347562680069117
4.450650694759361
-36.90525877165318
-78.06403096821072
-19.558074427957322
4.630882303732633
-14.285695849643432
20.255331117903125
-21.299254785822555
-23.261374906001507
18.8266052257502
16.623126528014012
-23.935302527228913
52.278267857820026
-6.041156372226709
90.07648159675688
-53.014505449601515
1.9345227138068566
-57.04840819975101
-92.29235607458861
-97.14952252903504
64.11191741251261
49.56708091609795
-99.52577391812395
97.19586846109107
-6.123817404303367
-89.00846807406184
86.7126002447921
22.403416764014537
15.015943968940348
-99.58722251282643
-66.02933864753516
31.32979637669456
25.629633626834107
3.1110375919743944
65.6405061406285
1.9681857646957894
-46.033057592893826
-68.17555187047995
-95.59120216808384
18.70265108024863
0.38914176795037747
95.28405016410292
-92.41480300259141
18.78565163572563
42.55123294268418
87.19004956184389
24.94618712755272
87.96695151923103
-72.69776371771937
92.50145221452698
58.211069729168
24.72295500920019
-46.90968343592703
42.49344891059431
-19.308145974975943
17.908336014087695
43.209987624574325
-78.32670989555413
59.5099613113876
