7.953363427554592
16.887517996359207
-22.129278054114394
-39.54363904721312
-48.1590053231703
85.08444604463824
47.48322242931536
-90.52815981875521
97.11250458857293
-53.47848302336977
37.1120104514458
-98.36790442258199
55.563644832668615
-84.68760272523359
33.03918066003607
41.99983372142236
-4.00129688106415
21.903493678892843
-90.709914036373
-17.93262644289871
44.37755494461601
-0.7117898275101169
70.0987111471427
7.734582164639207
89.84149822590561
-32.81288711536786
92.42549649932968
62.39468172497271
86.21950698365211
35.119963672252254
-41.10374603018545
-7.812889373368833
-85.55781156108635
46.868335733745
57.045806095195246
87.46188712669306
25.57585549665653
56.22084288463745
-76.16623230073307
-32.7028168182663
87.39818500480183
83.39038511490898
-47.26303657140984
-76.41366984676793
-9.724770942119903
-74.35946658416285
85.68163403492903
33.642858414349774
-62.192504043789064
81.24287815412751
-23.476264777586508
-52.09880324452061
67.8557227486103
60.24716971061724
30.364691960623134
-82.95137547999944
-17.70839290706124
-40.448181610243154
9.084659292117763
81.29680615285918
34.73666129900914
-8.782087811621238
45.677037555269635
77.8359249454507
-87.27042803625949
88.24129882049812
-89.89159191299785
3.7063579814243326
67.82100769848691
-72.15671886004526
18.603450042020356
98.29547290690263
-38.21529199285203
-26.81093442294275
98.23008439590294
-40.53077351396508
78.40048909881895
98.09640291309066
-94.64844392174516
26.51497921244122
-85.07974513294312
-17.68999295029768
-60.42297455715797
98.5048542601852
8.56320561312171
71.16569674110622
-48.54487649604566
70.08969617634665
-48.17101027897095
-49.68418285870986
49.85291508586005
-98.71680397354537
-54.49181625526296
45.72392545160301
-65.45519627270222
68.79424926176486
-23.48308277605642
19.496955092986767
-62.95528142534004
-72.5876025550761
-25.57902329609722
-41.8834044838941
-75.24752557488466
-30.659506577605583
-98.81170358191098
39.58590378728087
-85.58611415359904
-18.68743759979334
33.483979764255906
64.78935965369007
-46.02005883362001
-70.41123229445782
-23.529136065824446
23.80013645176247
67.7669482209455
-72.14979422000711
-67.29645119396781
6.17385645624428
-56.1055893178346
-85.6510230467583
40.828501376642606
81.52304685959191
-84.29480534960373
-36.675874883389056
68.06970848849798
-3.531749020902538
15.989851635090062
-73.93529993968544
71.39660458405413
45.76138613107119
-83.12994781654959
92.2982158310435
38.777019336444965
-9.244640952996136
-39.59479972604256
-94.0233626340214
-42.45027330128115
-42.14295617321157
-47.26477840545389
69.50829310871569
-21.996638280173258
-83.45295169957049
34.82013507200642
43.08854725396475
-33.24534659436958
45.449669382750926
19.22308081002714
-66.88369972084595
-71.48321347991427
-94.90964605815397
84.68358370123246
76.40701167996858
29.25953076358246
25.519165434781982
-33.929079490640675
-88.42000535055188
70.69142974514742
40.82390320629449
47.20338927075008
-54.920390338618866
56.546193068613235
67.74835852997106
-28.465993411516294
46.751665013470785
-24.776793650992474
11.747516543001439
84.2373120911644
97.66484046002799
-83.20400508343113
39.45872112122123
-80.11925587151296
60.18727442244193
40.08807072242837
38.519932659149504
-98.99923219484225
-83.12189770089635
59.142093533257224
-11.195643804885378
-65.44640026079706
-66.76118472351753
-27.514210771559064
-22.88745333230173
-3.0913950907442995
-93.41323070379796
12.385238826253016
-92.08535030991376
37.31070252289658
-61.84462594683675
54.89690173908289
-25.694013338174443
-51.45219766679296
66.43283885034924
-97.2402887696046
35.32617449743179
-84.79665133672614
-39.47252449002174
59.9290795495894
6.125930697414191
62.16579087604444
-57.079809466825424
69.75411068149134
-54.15223600503971
-31.568587404213886
7.274495660678326
70.9447029848127
48.229966819298085
-87.5210054559056
-23.198257683503144
-87.84463285003623
-70.63363094078967
-45.03993006973661
-40.96462794481048
52.55696196163436
-3.3836690652331924
-73.87683937756148
-32.671963249190284
12.333745726710859
-3.504454229114046
-96.67294632918824
28.406153427693567
57.13984957116875
-46.098947742331696
14.8824661248415
-55.44666990450351
56.111843354524495
13.18866836622341
-35.911345100430395
55.24530092402563
45.18992456191569
58.92813311892709
54.67127683057504
-40.2986891634669
66.9644013142323
38.784502207751956
-74.31327320640197
-51.309888685505726
-0.5697396299135136
-61.863218988310905
-88.65695664909354
91.73781532921603
89.53542216501796
77.42215878886068
77.89002946850275
-19.298617935585185
72.47079401314892
-78.99959688918872
-41.42408027736
-24.1776693282913
79.52854252527663
5.271377999142615
-30.94635389545705
-60.851361327877115
96.26522616554641
-70.92817412877929
-83.50419449567379
-68.80063440197512
63.95878890537952
6.586828425975156
-67.48563856619678
-7.525412382981898
51.2710859680997
-36.35280178180271
84.84023328327771
-18.49672993488302
-63.1525513106465
20.543247003355972
-37.37173589531797
78.494393558636
50.80495884919861
21.352778574294746
-86.89179263903965
97.84092340524555
23.114095205366382
41.44409575108932
-39.77217517251628
-47.98750576390225
74.81427081986345
82.87608487776436
53.62146780466955
39.9122067371398
-61.91028914896637
-79.6114759006511
-86.92925679746818
15.27804920738302
24.62008308102439
-2.576952585141214
-28.15825524918374
-1.6594875797993893
-91.76502714505935
-1.3056684118985658
-90.21459364627992
-23.30749560824033
88.54449548762412
-76.70426883392973
4.4946666106029625
99.96037321991633
52.93539346856636
-14.457928143076444
-17.91197741019826
10.593609444982803
66.01026815126835
-70.24012512908864
-41.01137106497408
91.10223318398582
-49.86999307840723
66.69809298281794
-14.017108946810836
-32.01273266875336
-97.58308094563328
50.25209085954356
70.0467933538028
98.12021342339278
77.12840906605794
-61.07470437878118
-22.800587387717954
78.79890001908154
-52.69706541978785
15.52960762147768
11.284768025029763
98.27273048654337
94.34947239642997
26.811729920595553
8.495624551653862
-84.17859095544667
-21.570565886475237
-6.643467932951182
81.16160704322317
13.887245114500217
8.405894186310064
87.04524572498445
36.79303846107658
-54.812272404920684
10.422884139940606
-72.67971897073673
-69.38304272677966
-71.78683142395361
35.956275180319295
75.7786186270103
83.68324655891294
-85.843706712809
-74.33291698045485
4.305015605650283
1.2162939278052392
-26.950305704203842
-93.28976742155642
-48.96072487155969
-8.682034535906297
40.251257232770996
19.668102078428063
65.63002204656038
-49.311759791544205
57.930635961669935
-89.44147021461973
-38.17808701517058
99.07512790060841
-65.33293425099916
-65.10539911704521
59.47172634695406
28.450678191217037
-98.18448681109533
40.62500869061074
-35.37813706372428
-17.660976614940267
-53.63852779904725
-12.761862605984348
54.17683159838052
24.859441408168607
-72.12208866016752
2.7994779062301376
-19.461573808470106
43.29906227160831
-34.741991308457344
76.03459850049876
74.95431971068012
-78.78396949128032
-79.62819376368017
7.961552580883563
72.06317647629535
83.22585807291918
29.811565031432906
86.45338481179286
54.59934474621758
-83.8744183025867
-25.434895137759185
20.431469741130527
85.46477173737244
12.70111967458962
72.36167661340787
-54.743404711235044
74.90404677896777
42.638912414608654
91.47296377278832
73.25726589191609
-84.7304332262862
77.19404009063601
-98.34662785585078
2.2447347787868637
-84.45823025144716
-89.71782112112987
-13.840897844881823
79.35474514766474
-48.75331695946939
23.019474189119578
60.312569838856746
-58.10590449097865
-20.168029595693994
-69.82510663230701
49.007498725912484
35.05702112704395
70.0397542263947
5.0398430636110305
14.477381126680001
-27.15688454666727
22.02493622572173
-71.88704271463567
78.67932942607624
-88.96407561779426
-12.020306719182642
-12.893848264144452
96.612052319318
-72.11076329057116
11.845344358608784
26.116573705568328
-60.020526076632464
-49.17865836682394
-95.63863921625033
49.76817658396138
56.135725332214946
55.672327664410545
-80.97622888106835
-86.20495368331984
4.185097632598783
39.696860409541785
-8.01498314343172
64.23012662800491
85.06167838135187
83.67062095616657
23.53608692121159
-65.47638946326302
49.26311982105793
18.316729363719134
18.233393706368275
-50.42425214350856
-52.64454013078157
-94.26226653307195
-80.58387676856577
-77.73605633911185
93.18635655785005
-86.3573498695434
16.109558391015526
-11.664424744566475
-82.62148628526529
-36.53309404470277
9.24592373225515
66.75095569196628
45.75356823914106
-3.8570447595541992
34.60394566189942
70.01061215475113
9.88014719429988
-11.405082045501231
-8.764985082127978
75.5002298922802
68.62993553312177
69.46946799197798
-73.1133860888061
-12.793622008551182
47.006669337154904
-73.23331668799528
-83.44174789147914
-85.52462067578257
48.40573010335984
-26.304273269250572
-14.165632394731347
61.510720057114014
-78.59261591427435
85.17365376285954
99.64348786440439
-94.27407703288588
24.280395167183173
-96.94115722424354
30.69018030361508
-31.93939477538285
45.32107756814153
85.04938024208153
98.9431300246923
-2.0692255309242995
72.68100741309581
36.39361876036216
86.58190627374981
27.381613732860657
80.48733536184432
48.857570261222094
54.96840094783377
92.10998220691644
62.08656309979517
2.5493294475135997
33.53437320136982
5.90364364228077
-44.82525862230189
-30.868881257149056
99.00426303007018
99.97705643210156
60.77785501949023
-40.61722013937785
-41.573948996739944
2.090265869127066
-42.65940651362254
-24.541799757547864
77.66628509341805
62.27246750095631
31.48210111535076
19.320170387627073
-47.817305953153564
-78.03470525017815
69.29214534301926
44.95817674595696
1.49626006680856
-94.54991715205988
18.19567032770702
48.58009084846955
93.29129881917311
-25.80107288514411
97.73607140605318
-92.79677036124252
32.0356504596854
-17.047533178603103
24.18128466890596
28.701428975753686
-47.22658337351433
-97.85943694386626
-90.41519584026243
96.31779228607652
96.33611475450053
22.830076420565916
11.765894255561776
97.3111795661008
-25.268056601554107
-3.6114003614030423
-30.04192946647484
79.6069560949349
-63.649340730153185
-48.43210495310559
-5.70436320524432
-12.533414405714069
21.426048024237886
-14.855565785916468
17.652523947436464
0.6810433606899551
-33.865632586678956
58.07356415091854
-71.34607897263443
-0.07562640345869909
72.4090249528852
-37.38434080938031
-76.04727746397515
-5.950998933315631
51.71267742566107
95.34224789876689
-53.665934559226926
-17.049118117435683
-40.96466154734672
11.856153741776936
74.09539349025152
-37.370176933115864
-4.1011455090762325
91.39008358184807
-42.556614527348316
-11.318050958061619
6.262120961108053
25.72269089685706
-83.77843693958013
44.30186433189357
-41.46363831954485
-53.963904736857124
20.29713318242304
95.75313606318144
-38.73741848447918
-20.40341676372195
49.0900658161317
-35.52546208007956
-97.48991740654043
-25.963750877655343
-14.118695777591554
-55.84930772700118
-14.408343603748392
39.05438789021284
-55.30386338929005
-7.629864149021557
-92.83768795418663
-72.70687181526768
78.06903322491269
-76.15412444376713
-77.19038743399037
-25.323548351160625
-73.63851052586199
29.340576240972183
-52.154630430993485
2.5331697676365934
94.45426087671316
33.52689873828683
-6.6772762970346236
-31.789890671535346
27.174968968567185
-48.88324046683354
46.622808478422144
-57.73365029491187
69.07330182129328
21.226627756675384
9.316912723462394
38.66656003196269
-63.23691634827679
-30.070241469219866
-25.202310315592058
42.343155565193825
-81.01285042822786
43.72823697330057
48.781515008594056
70.494572126354
-21.002376782153135
19.277010734690975
-12.437519377080037
-35.59206612469792
-10.059659931304353
-27.388615721737125
-25.13132373238382
-92.18135882986003
-86.94055330419098
-25.884766715684776
13.434702341450944
-11.32742122399091
-84.95422515628431
6.5472228850306635
-78.9487806032779
70.88996188670757
-45.193206055758694
74.53237600954569
5.484687955918616
18.162079348694405
62.68510227401981
15.673641342648011
22.65751262742033
57.99261131876568
-19.89769565606072
-82.71075464824855
76.31061672219971
-27.59274307658417
19.32245962629233
22.002575178034462
-35.972038318613556
-90.15454458078742
-9.98635234100746
-48.48968582335225
-61.31380625525287
-13.70664014314957
-84.82867101331438
78.02012773821446
72.81606476629062
-98.82798444216246
56.217809478086934
-1.625396371022191
80.65188200986438
19.046457252099927
-17.673853387499207
-82.22069191642112
21.145289073226195
-48.44108555313331
28.053444830427253
39.685187657183974
-51.54053918159713
24.34804652733746
75.4257062013235
-53.50281530370895
-28.386054305262107
-51.42146734195521
98.93388019131453
-42.55277478472974
-44.2980561200901
-97.96521572669737
-46.36429762458041
-40.46342418212665
50.939967967249544
-54.092576167247316
-53.801251506902204
-64.68600985643607
89.69756383847499
53.72261653322852
45.391016237707134
-14.062398297465279
70.85312591277736
57.05912710484151
47.57054392236165
21.416973042673845
-99.9819684920379
-86.394918823507
35.81233610868898
16.98532698443043
55.83318150318058
-57.02629373401695
79.38896796543608
48.145606612711134
82.28801502513849
-16.148311209111597
51.16101686754507
35.22719413999033
-76.50865119956138
75.44834836613384
25.325810441857158
-45.49699622258887
29.00252518256346
43.25862154254159
68.68484502108006
41.19009190208644
-73.74175676658004
14.64012620098707
41.783792378510554
-24.140367521881075
63.82925495906548
89.48915610288773
-5.18847782257248
-28.77332820886707
53.971743575478456
-4.5703659002535915
-45.8896281724289
43.872478656657904
-77.4700336500029
68.02675593787592
-8.55193606488723
-24.25557431901626
-55.09611220633437
-25.518329865608806
15.462189469077444
-46.10970948675255
1.9979798949944865
-52.465349785071204
74.9653504271891
47.52902274251767
48.330090442516735
-74.38789546971181
-0.06348240869367316
-8.170465072845403
-40.12985040171573
-95.47451265074976
-91.81217596990628
-94.84734201604492
-99.71110922857957
-16.516480537167283
30.0344195494381
37.41556312221948
18.499242610643236
-15.096491317533989
-36.89725910888257
-10.603728808042916
-37.20800597808136
-6.0140408447570906
-48.00537053947771
-12.56883796207147
37.7653204905358
43.35792686841853
50.2917678724377
94.37040441063832
-76.21660474914545
-19.359258897384436
-40.14736452463998
25.737902958819504
59.158599351875694
27.09022669654226
-36.77076843907443
-86.29043499384414
-78.27041828133261
-16.269042097615056
-7.636922995916791
38.642588125654186
82.74390351453664
23.598370198105783
9.556638702414503
74.84381031726045
66.70788911355356
-16.330173951465767
-23.06149460008922
23.208486348221996
-94.08912786135059
41.740033346044584
-48.38719868332431
-34.71075772966384
52.50318932674011
40.948167851901786
-54.98107689506706
96.08261258488778
12.009910988932646
-34.409797288170864
-73.79543472907746
-15.7714598902337
-8.61765152635654
98.16419278943573
17.153664746946646
-67.38799867906391
98.42596935778133
75.33329778192905
74.98240499785825
15.447531660255436
43.01636844000163
18.78526508092024
15.073024710513465
-19.81331111019007
-47.68910521434586
58.19724346015556
52.94314758188747
-25.9532994315624
-35.25063852829588
-29.817966735392545
-13.438733665954643
57.65655171833734
-83.86696962416946
-10.34659413249581
24.356684058479033
96.57784934370378
50.4195885259731
32.49237277532873
-30.548474252801455
74.49165791083166
-91.81321139976866
52.37130722897396
35.52182496753292
48.451247869712745
-46.01592025089079
62.97452819504653
47.895338463812266
30.093339615927363
12.90574724208085
-38.927961522803976
-37.39781298883269
-26.607348754437908
-43.79320190031753
48.374202235702114
-27.711300255842005
51.79667076624307
-37.710128157695344
68.06027678761589
-32.166312245663036
-81.03090677874425
24.837861560852346
52.48795814303253
-34.397567448499316
-55.703450475910984
-29.12766527748633
-7.985820985992902
18.125365901065862
-51.35722048006801
53.7901963347264
74.7326660752563
50.38620560545888
97.62101391552389
34.28604119525161
47.67933182185189
39.774480443970816
-49.29488750899835
-35.104686533760116
64.82983981364947
-12.003029928148436
39.729675171126075
-63.41195931961583
-12.77777688409418
88.97702217567692
33.99131275941815
79.1421216214651
-83.94436466202973
97.05885990025627
-3.9060189763093547
-11.796838293157634
78.29210874701349
-86.16190433931116
96.38280333641211
3.793443775444743
70.22637106019491
-90.44976908267417
92.49597177694463
-21.551758891897947
-29.621897507434298
-61.121723983134025
-33.682615841763536
-81.39009702164643
-63.47179813228823
-7.269555899396991
-84.37465748371065
-66.2823016096412
-49.67988514915942
58.25279762248152
36.15238360798409
11.932229694167432
51.97486197478017
-21.3742053779616
48.33163224844904
-52.987321918650146
80.25116874705856
-95.47888013410528
36.5006443119083
-3.7720095024288582
-13.985390048068425
-11.351026620620402
-69.29681321215664
-42.95805691338626
-12.29308199431432
-58.96568313251835
-42.0263044033399
-21.517622516199978
-26.270186758690087
-14.073595172991247
16.631868797923374
3.6714774316398717
40.54521842247439
-61.29033679214435
82.69308395838863
-42.201297718699
-47.792079561312704
57.978672628717504
71.67517747737415
-31.675233433367026
81.1581488264386
73.26219414006198
38.822192241499096
-51.73970314550829
58.069247972798706
-39.831115545619355
86.38032837173128
58.77363417315641
67.0241584018672
-74.34734080610832
-65.92278086879855
-53.376199573747684
94.34098617068315
-17.020674796151596
-94.70943388315327
21.019775982845033
-21.90043263655437
-75.74746757493787
92.4850773704874
89.95003035910833
47.579270430818895
-2.483337644362507
-21.908672611121702
70.44730934900221
30.212357285710794
-82.59157489406972
27.2528561555107
-0.7032226998651367
-2.344217829393159
-68.37490688957695
-9.431919428958906
93.58548505467218
-45.58469792297617
10.86480079628555
-47.9800918913883
-78.36696843954931
37.689258460150995
-16.49201556710929
67.57033102146244
11.152576368583794
-80.76019504941927
-71.47968858578596
83.52959338540617
-88.82935158360007
73.01888343388464
-32.65815558557385
78.34539744368612
49.37524852704905
94.73866496534941
-73.71659268530041
16.88879630516537
67.08304144475571
-59.00707544273311
-57.038780970037294
-76.2691956926648
86.90307438132834
63.91777542981171
-75.64741288755661
-67.03336594237541
-4.629999557340028
-87.75725216092786
18.318845487173974
2.800640642952729
-3.2237586755920375
91.15475372873493
-48.796370251938306
-81.25966616166991
-10.531422403551076
51.56624820868507
45.77955780700748
74.60418742005922
27.12592362070805
-13.741972769886914
-58.11952909794229
-8.835380761098705
90.13057849347663
-78.55040534614857
-94.53333110191609
-58.66002790470173
94.27508326845845
60.663451866375254
78.01697971955338
