15.05367766338459
18.079455817951853
99.04687312307195
20.379503939893823
-36.81300454824237
29.636378729634686
-73.48687824637861
-72.43404064439926
-6.4710682777839
-71.13549989392278
-62.29692578370138
-64.6491498308198
-39.68066772371137
-91.43382719585311
95.0290539747217
-80.44528149153987
12.925151234756413
-89.2673728160567
60.2926276153631
-70.89327020049666
-7.9200164720599275
21.489521436217316
-13.520581385072347
-35.088129580567525
-86.55906417650121
-12.488002592180521
86.74901590709715
47.9323481330058
13.838366771626596
-78.68382106729699
3.797472578627662
-32.83607749928623
-34.78296196752831
-11.268310783397425
-34.15372977605213
-49.54962327389376
42.63431502592246
-87.50241966047969
-49.60920179979871
27.9525879510999
24.73718710610862
-88.880340431339
-60.99470480154936
-3.8055267436281355
-90.88926515775594
-73.16751258629124
-33.20497178009758
-63.407968360038595
-93.58025878152236
54.05550527875906
40.759636940591065
89.7051835005418
29.26328328369911
-71.09771684990474
-42.42599834173928
-28.89410750069392
-37.023063845539085
-12.255989367295598
-60.66873370340331
-62.53789679561683
62.03865224083734
36.32318582408118
62.53167428234886
-91.72910475205722
88.0734364464449
-73.97586139612469
20.078840683000365
-17.574328516865094
-43.10828801970441
51.228909344171626
-25.63463868126273
-37.90808575717317
93.45977976677892
41.119768079273854
-76.78778037138778
-47.26801644577057
-87.29226379032127
-14.252784243876349
-71.34084911645793
-14.081876767686794
13.341652351850783
-50.38714784701974
-33.571266481350364
3.442315173281486
-61.192606263129456
-40.53997418194386
94.64455305199607
-23.927938189026193
-7.348125245800958
-88.30494064020102
49.82586985502607
99.07797938115223
36.88083262036906
25.373511372720614
3.7524989561688216
71.23765339907294
73.21571777314318
-3.379669430769354
65.09571132030678
-71.38164810224302
84.61662958423761
16.022939454039786
-66.11220561589374
90.12419882243373
35.3915656866661
-82.79292392662705
-19.775920204627013
97.59271209898117
45.700474202619944
53.27320010526222
99.62416745393602
92.67896187652042
-7.049380461413165
-45.63767838056722
-15.824490688908057
-52.830995800207404
89.46439386588531
-23.499317758415998
28.333846550639265
-97.483381391202
81.21020452484481
9.018303551665
82.4035288145406
-82.96174663603703
-88.26410736386975
-7.725201450824798
-90.1314488211667
30.711799583576465
17.944456964204548
-6.995093795469657
84.95168261204452
59.781947842792704
11.922180491747895
-23.05902626178525
47.32691294241653
-7.83493037369918
26.615515447209503
47.20829235959141
-91.14063535471095
-0.0938010720480662
-4.4898569182633565
83.81549035741668
20.054199494076812
20.495947059355757
-60.862323872246435
15.14667058495165
34.92813714736039
59.476546985023305
-47.88068751669235
84.99785967207771
41.014261917922994
-73.1768362467621
34.15220753661487
33.23182132021654
-92.78195618543126
-67.5418023109705
35.04213383986615
48.83884137753435
4.968985743722371
-67.10353593348339
98.3152290874296
38.6799593748583
17.525828330637694
82.86987753134326
38.904352340293826
-59.5864010535049
-49.393771650171914
-38.44656047053265
-82.25600802035027
7.901216728116609
-46.29676930503515
66.7022261657686
81.73216239568609
-96.85451951069798
75.69610765122877
7.5293509968428225
-69.91017617519388
-43.797519655812
76.43571387756808
-70.10009962736154
-23.777795518765416
6.716314276566891
-51.477281498580616
0.6165607252252698
12.915032772266926
54.27731405837153
-44.871798171923906
35.9097496261538
58.926091792505844
92.92638031592244
35.50568245039463
-88.59993569510414
58.14026049457922
17.591384734466843
19.666343844708052
6.282366002080053
6.241967754261893
-18.182535158286967
19.457287872233195
55.33988458426475
-39.1378601599055
-87.77804211255187
-72.48274449876982
28.671458410952965
-34.80403890322708
-52.09905759749145
65.13452365392138
-36.95885294248165
-38.12751324287025
-27.923891351077913
-67.80713510830356
45.25492621438681
7.719092007626415
-3.9480278179633075
-26.14260395754762
-46.02944922962102
55.33256159713412
53.12975871648993
-90.48963671906094
-35.1023279850841
14.852088843922147
-92.92399702636438
-94.25720229334955
-79.70360123340501
98.66462576363617
89.82795997102647
41.85897194552393
21.455588696833175
-7.210024361095009
-97.74912837831596
23.90294355120328
24.51607826667461
61.047534464155376
82.50596029832118
90.94327132241926
86.07418948633054
66.35512036586081
-12.014508934223215
-22.055034845408755
70.35408558160307
26.430742447233186
-81.25192795109322
-44.75958367292456
15.90135044814069
71.40390369337194
-84.97187761975312
-3.37402940606691
30.981945437115655
69.41625738461309
-40.20872868650633
-51.40715710737218
-32.65393595255455
-63.36869555566964
-53.701541704757915
-52.89902568473626
91.73115027353035
-39.48172917223862
88.99437441643613
-46.36858496143099
-59.31661138454392
-37.00760663865375
14.41741943590391
92.88366749644194
55.56310482289044
6.304820367027247
-84.49462153489603
-11.08531940504831
-72.16445632148935
-91.98498044626446
73.19179697947325
-43.73356664888086
-6.55832917621224
92.67861033867055
-47.474511328413115
30.508350240329605
11.24619758567269
15.985466274181604
-41.70362120247078
-55.34759401610118
-92.5118922349436
-18.204769537906756
-86.80260840663199
8.164250488058428
52.574617184468366
80.88143221728313
-26.6258933958444
-86.33930672711455
-32.19674837241111
-38.10507544143944
35.02207677701418
-86.42729131182753
69.02743239363926
71.68332228666816
74.46754608720411
-85.58565295660914
-87.48157755856118
-26.402423341303717
29.804550143391964
44.18758042155042
-42.03661827172021
-5.344465317250496
38.05716902982911
-50.61480671502385
-60.50950310901162
11.020418133917275
18.897763153691756
-13.235554796923694
-4.372962028241261
-31.56670382172952
-21.848461952032466
92.65017810355954
85.79905927093219
-23.597762022867855
13.908954447703465
99.45534308255449
85.04652076106137
59.3065422025729
-29.572671715348122
20.719859706498994
-25.81329942739741
78.42457352511721
50.05230437037852
31.532435175781615
85.08679563508846
-85.80889595615469
96.20237139386194
-49.72833970692585
99.84020552701557
19.730322443751106
-15.627572761818158
-77.31988622513876
33.82273945086371
47.2360371941067
6.752417564013413
-49.9370040359804
-27.466815296422567
25.859238889876423
32.13076407812915
-70.1153090645787
92.46373879132412
50.756980363716934
-90.24542980056829
20.77982169034523
-79.83004505262838
3.434745437199041
79.11615222241022
7.99196995634648
-75.87808257525026
-5.874911562556832
-79.38748686680823
55.66515472140259
-91.15203613384644
-3.1984519971720147
24.19094944743867
-58.63638277609364
-69.18081234068927
20.756394612940255
33.36060611677249
54.059662289801224
-71.38830441902681
93.41015213345202
94.18852416017421
65.58233501852902
84.1856777212848
7.9363277497880915
-4.641183506060955
26.60458980185676
83.40988762963835
49.05516072287932
-50.064136219911326
40.61617153188405
12.596564744748733
-34.25304829874915
77.27776062939043
85.33744501875557
48.53767498182867
76.79435526363142
-6.194599317637966
18.844313295961427
46.13277907777277
-2.576922242307063
62.51700213915447
-22.407942501362356
41.10836391761009
77.87312185890588
81.58108798750911
80.69743021612211
-53.32589447808003
64.95191312444936
-31.528803106256788
-60.86010615308843
15.06812644175821
59.29054258190723
15.0880288462224
-28.79194912005012
5.284627531281956
-41.413632195900576
51.77279411947126
26.89416033252023
-41.82264099363571
-22.37087910763158
43.143638279578056
17.71197912892484
62.94858078857254
48.31030222532888
-40.704017983700844
-42.5836723317492
13.571514550697287
81.50293407364362
80.98978779616633
-86.77124931206548
17.807169134772224
-22.170718744555074
45.05792939740735
56.57124346143573
-60.21089543258273
-91.31611374381178
-44.23052530676175
-0.06355282904986836
-60.99565627232775
-31.543862523481806
91.93523387889667
-88.9922757047025
90.59101188814341
-35.63128523211236
-60.30124156137584
-26.89750783456428
36.76722537695437
91.22571536319927
36.38987255116507
3.2919349247475083
-35.89781878222338
-42.70779461364258
26.765387525422653
99.9439056510933
53.814791611627044
53.407379262521914
-27.902643039019097
-99.12523896480575
-79.45959845075575
84.28128892481476
-20.730005083358208
79.84797975216861
19.12241104735361
9.438410094186935
-4.275217766226191
30.22624284479636
63.555113921333685
-85.6770938595076
51.46861966829138
44.638703802209136
-86.5812494909662
-63.1376304780084
-10.886136275653584
37.13363192792812
-71.73456270080112
9.830619209289864
-45.01147565391763
85.75181656217728
-53.23180815614394
64.08764535503178
51.943449948794665
64.3783127316465
-92.7966687584959
67.00818762743316
33.115356894019754
-8.635185618457257
-64.57928907249553
-80.7494966516858
71.10013155160581
5.158240739097835
-84.53621671089213
-93.34730050095594
81.52115699606347
94.87503899353013
-79.50873730636422
16.19105947362189
-9.859034122318718
38.21204035220134
-6.814996832007253
-38.555059671273774
81.78953628803472
-61.79405085775252
87.61582226533926
-20.015507948195577
-55.517066209706535
59.68934013841408
-47.07704156188031
85.39695467482466
73.2904368280916
-67.92636271615906
-61.250909422771095
-39.559373926572185
-67.52543357272098
-20.065051925131684
-93.64158646353997
66.56850051131786
46.18479756686972
45.06594958062135
67.6409095692546
-18.270926300538676
-60.79360971861436
-38.28556358750552
-74.11194917583737
29.017104564284523
15.456440085365799
76.05245005920429
-69.13907516055886
43.90054697984576
35.74770354202573
11.516804069175592
-59.383443921695346
-83.40883130898683
-38.56395361828648
-14.347297369719271
30.285377215595986
76.62175825035854
6.368622154641713
74.00109676854527
50.348773939771206
-19.7495492794679
46.13481469375242
70.00914004088031
-52.45936635270163
42.27845160854301
-16.20908700943137
74.2773722190789
-10.558683584739398
16.20000505840744
-96.36346191538381
77.8815946145825
54.14604187726994
43.76161909641607
-70.19479209527348
-50.137906847625736
17.49403040153655
-68.66790839487913
59.26218163923892
-53.753752490086825
94.77042623813543
81.49359294336875
-16.90342350916916
46.17186200758533
-61.03730920810848
-14.13410442763572
3.956100657846946
37.561312993339044
-53.31566105624821
26.101207347894544
40.77452836784957
56.95541547922787
-67.81039090265858
-92.2194508715785
-66.61850893764912
-66.72075194011302
-93.35029006777359
19.786078331840542
-64.85125527249991
74.57368325774863
-82.48133033373554
0.4185182598672128
60.546987837139085
-3.9015128107371595
-32.51161716835075
85.50406959338196
48.177182280704585
10.681288017446946
-12.038071726165228
-26.277961057042788
-70.33398826609948
61.37402958013624
15.858400521105992
-96.45229458410702
52.43926026403963
-24.98108283638689
-72.47198423318748
-50.72801865884517
23.215218680207457
-86.30019128391811
74.13606950146169
54.750282123234626
70.12175702305805
-84.50708974527272
74.79484313730109
-53.228320905949445
57.557691172207626
59.282490050021266
90.96757614320344
85.07507628835259
-24.795140112884866
35.944326654324556
83.22048160406777
8.812811554597971
6.7300909101272595
89.12500042718196
-59.727410653417245
52.61954244549568
-27.742025421539225
-46.16048673804987
-88.15770479412457
41.800757484081885
36.13767599066398
74.4856318762121
-98.80686413692952
57.77206522211088
58.0003130589794
71.31481611031566
69.75199264987404
-26.224023961254275
23.889571789629073
-75.41800729765518
4.9240924766505145
99.58631816038917
23.893048208358536
-48.03188268924359
76.867295850597
-24.87748758888995
95.58396922070338
-3.3932748870026472
-14.87932183791581
-1.4745916924689482
72.79309525304333
22.682943111678796
75.79739466212706
32.37533484714962
-87.05598796105005
-74.69124741411227
-95.51453458256671
61.086527823495345
61.34410190773693
-40.14227772035497
-12.246485947546233
58.550651466787116
40.618103517972
23.040653468633778
57.28513195282804
88.32730104593941
-6.935033846538772
59.75255546310774
56.743252475229866
-10.470996760805477
-74.23906757224694
-48.27822488906979
-96.10933945582534
36.004709425234125
87.61130887664038
-65.67335777928855
-25.776118510154333
73.08694084477796
-8.813620629362418
62.70700128297571
16.037907821219804
-59.97071375984062
94.33167124238881
-38.07572365834147
70.38827756880619
64.13966581108633
-64.1189836215649
-49.479700773015466
60.39576631964562
18.09200386415644
14.717870994965281
-94.75229153663291
52.11463371863147
47.89897477827424
29.207969562745348
-19.986036952660797
-81.38968976385036
37.9191384423215
19.829704141456133
33.3474946863673
41.94313814170448
90.59096364114188
-95.60126618149624
-88.81004537398076
-66.72476261543062
-55.924596099055776
2.990304483906698
9.550053217085193
9.96994263834874
45.298988158309385
69.89183635796067
-12.85584248193669
33.98175334812851
-51.84102168249118
-31.87168768537974
88.12162294071214
-52.130369358080245
71.26749010296723
-68.1828019673584
47.477838809000275
8.077841176378826
-68.88912546687338
91.77192356431541
-98.10262959266285
-91.62477897332111
-65.26750976824158
97.78853143205498
-86.77368321389665
20.91218944709145
-68.61178446016953
-10.292686865019604
14.630938185900362
-62.02322951097094
-40.28966860244423
-33.35989613614316
98.81842020176884
-90.16309977258898
-18.92139697977133
-18.75044198037932
10.758100549977343
-52.71737748471139
-11.033744132857095
25.23310803710757
25.5883207648058
-52.26777699830654
-25.51348433277451
-8.993206073293038
-49.63728220982952
-96.26496604354703
7.559559019776458
50.36865574314305
-0.5134795341916458
51.89498939494109
-2.3906569685462955
14.262208955951778
-20.5747298833698
20.144729348969335
62.27220485868955
65.42666984753262
-31.657442518479968
15.8798981421848
2.444090063690936
-16.3131037124473
78.48715123967415
15.587656169762326
95.51805667449463
1.81779315050062
-7.2862477647096995
-63.67498417049022
70.68501174936063
14.1604231753564
39.569289812236406
-82.98800269174524
81.83980265647307
-16.765870367309304
65.50101924773247
18.115913054583558
51.98630566553294
91.52882470592442
34.30585159559399
88.75302925448963
32.994406410375575
37.98391521600078
-61.073446961890475
48.75823686630676
-42.830315226760995
50.029548058241346
5.427430096527019
65.85346683997184
-47.398369458937516
-86.02969207195665
5.454120403721461
96.4957968177371
-65.5180155915373
7.805006673819264
-31.04483507295332
51.483873953286064
26.77275526552178
-99.73791563060901
85.58110589739854
-62.31831771822671
22.91666267811314
66.55257291235719
-12.708677538823991
-7.357008866607416
-85.21999981346318
98.17547811217219
-88.367202622722
40.288772825182605
-86.24774400981674
91.42638265230275
35.04086072449141
93.74353414160146
-25.255636874287376
13.21702445517883
-96.98869972304493
-81.28497655613211
-12.068878065563737
72.78553300147749
73.31091077846952
-46.344638498851424
-9.308450559575405
-98.38511379742903
-40.30338370833957
-62.22989558125891
-29.672788386302813
68.20611765377745
75.50571256456394
-78.29391084421985
34.386729283595315
-97.88903841855038
-26.00932311818545
-40.29790019897237
42.878136743607485
1.6225730815887687
-58.348656433988786
-89.3340841923519
-15.609847238507427
-78.88262867132177
39.017428376549304
11.96642525027913
40.73595824532336
94.80474652108279
96.09512810128075
18.05323910031673
60.238145195587634
84.79830622984338
-10.682163034865638
-43.729401541179854
-85.9479038863318
-4.281840827687404
40.07509901200464
76.73516820896157
44.81032178575475
-1.168782200964273
20.50739647245949
24.112930095514272
28.55248008862202
15.826398870303862
91.61928399012731
-95.37519203945159
11.511813415576967
-31.93306055130722
-11.41832209230094
51.05672852886312
-94.27315498280333
-53.91928869378526
69.98150343924533
86.89032868056722
96.45292624344182
-75.20020877166742
21.952921755388616
-24.204234401019974
-68.6991349700589
-41.089650344418914
-62.39507220063003
-27.429008253401193
-93.19134210253746
-47.83691044419036
-49.284961761060075
99.906559343449
44.95300189423074
-76.75919865817227
34.29469776920132
74.5897648066238
-61.98279686082642
70.91706235850882
98.00367466616046
46.45660853851365
75.70171478474356
68.23338886770821
-20.094612688263382
-5.821645958281934
-34.203813075522646
-33.979592820975896
-48.73536985549376
-39.53346015396999
-88.83172895048763
-52.76736494252538
51.95620692838264
49.679892466965356
-81.33614659389127
-74.34440732567653
86.33794282453931
-25.612370653101607
-28.647654641661816
-77.69572980246664
44.37884271994014
-51.61616617306004
52.88924182051187
78.59229390517203
2.691239799017893
-26.06999961766732
-5.6610572051440045
-12.591032304709955
-72.5061902160738
61.32387925372785
28.567484969830133
-43.67392625345412
-78.9403804998255
-17.25418527055713
79.43442200871951
-81.07562089711084
70.76030482134303
53.78079626211951
-5.16426458334675
-39.554417463943416
82.58425979327467
-35.203698239017385
58.65440797195345
-24.162103989148065
12.99113783184005
-15.755958173378716
-21.31792567317052
0.7942789236673633
-25.04971852231334
-42.73018332492149
51.59041540140049
26.229129797276144
22.120773452269532
89.60255495055992
-49.86629019084366
4.494046497922383
54.93837184923294
-11.702375479880644
-9.077008314463967
-8.693726408076529
-70.4801027520011
11.25826731868564
-31.994796701898935
83.42322608690947
3.163279117511536
54.2578753862247
29.1365316801579
-16.290117692219212
5.200327727526428
-56.74024953903496
72.87593847236019
-13.604580638856945
28.932315869089393
-70.34639213956262
89.31712769788334
-55.561591962491065
-25.347183143768333
22.28135613486397
56.348768288393586
73.78489403313057
54.7033045527445
67.6252875649991
-12.60024092520105
-30.987129902064552
69.6274410346264
-96.80211012546106
71.19739280613047
8.859421054792023
-13.625377493030257
-25.666186859931628
45.96366934430077
56.823991783031005
26.648744175490265
5.599540511494055
-25.949677392804986
-49.009019674114086
95.00889558650528
47.0858085217171
-92.65873786206456
-16.49618139029039
91.5746806375825
94.75352974717958
14.41729009207107
-33.39239615103851
53.844833982444385
62.32251722691643
-84.59746697006274
-81.91467185701845
-17.603496556354912
35.802646093466876
26.322749880770544
-71.75364724775714
77.78179929713554
0.14337827649539747
-3.997202919111402
66.0944184469171
95.22596378110438
43.75378961023213
-27.756000362123174
32.87125552236279
-6.596806673671523
-50.69293492868581
-91.16051869855886
-53.122034256984584
94.61846767117353
-25.023209601373765
-46.70675859103841
63.42828636294175
17.052175020322437
-39.51513425154929
-14.925210679066495
1.4877685341305948
68.10386192530461
-7.292730936067457
-65.91639509525842
-42.810386170525085
92.38303530890744
-85.22058280422178
-39.187627619968744
-79.91388458957134
-77.37833427234453
45.816455856547634
