68.2852518389104
53.24452900196428
-0.23843502276473316
4.853767953281093
92.94050795909263
-65.86015915804968
-50.82263327839163
-40.54512396321308
-66.41801298933483
-3.2634461039556584
-8.10953889395256
-88.28480540700207
50.439419856050336
73.01976869175775
34.27951471250012
37.28833797981295
53.171608096663334
-64.53735694394602
-24.20470213248349
-87.0280533333294
-53.320727954094
84.93181371016826
47.092179976870426
-44.726998164261246
64.73016704531861
-97.96295318252012
52.17434040682568
-13.626920097087819
-1.6362719751087553
-67.16051225993445
-72.89620446330316
42.48058489678374
90.34655488559218
-45.85754729253693
-50.3818530551501
81.73697745589257
-34.035115150349185
63.20595548478934
-50.46116508242615
92.74009554806807
-59.19649752664326
57.70020264632444
-17.1946491060404
42.19474958297323
-85.25242921622991
-55.09760325279331
68.86996323244963
29.425417644196557
-55.367574979688804
56.10150273570818
38.58670430081165
7.391472860165862
-73.2221406156844
12.939490740413646
-76.73456122105347
48.45730423111797
6.01402068217935
-26.25202549130192
-19.880152925783108
-43.57952144858244
1.3140738219892683
74.17027432978523
14.235697576884448
-87.29336125003609
46.94477230277337
32.81446360357705
-77.35262407899455
-26.672676587786185
4.92484081116973
76.75936070409065
58.07814515171759
60.74515758257911
-59.748270226612135
-80.13055712340102
33.30294074938544
-91.19465176393109
33.34208998643456
10.51718647254745
-69.46917430547236
-40.86107536803378
-73.12054886316335
-17.371898355014466
-50.8171860787558
39.76791138219062
16.800590556808828
49.0968418661179
90.884685155021
52.56041628816851
79.6255810916339
-48.030198407827584
-79.3243320608075
-41.49709939007526
-35.891228484661085
27.38373470046365
81.39331772704068
-23.39663597714747
47.62577973946148
-19.42751856253338
3.396924835221867
62.89292778239653
16.11545082997283
-66.71538780778423
84.60748271896315
-62.73113692742314
-97.5753891744448
37.26786880321217
-78.88761958590571
-10.64704475871656
-17.445649495657634
-81.70828611733458
-74.97884090895383
85.22408196958767
-63.52791354431477
52.4896634295026
-31.365009086068227
69.6486140223189
24.96459965661559
53.45358123177232
-1.9245239043489875
-94.1872411713434
98.92271713462279
-34.607100245194204
94.6351890840757
-82.77735092327848
4.69878092316678
-17.47748071305952
-20.4887311857088
-66.50174525948384
-38.78264236927214
-78.72377395521045
49.24555013973199
-12.808906834702455
85.21906334073142
-40.23786870467176
-44.858088819804486
-59.916862517762695
82.83097942993106
-35.67350107239196
-10.244845759668621
-20.417206641214406
45.07126970612089
-92.99847690556172
70.14157476876821
-86.18824344518332
14.193997940703554
-64.71443956241947
84.78840959929144
-2.8362510237897993
-81.41741173645858
90.044417934634
78.65435171239784
93.74658443045851
-25.605753935455326
54.9874127922684
-66.6521971718806
23.637940340320853
-41.1544670932618
23.20046205917039
12.883620611870825
-3.532473725566973
-86.35008619594052
61.47716676854131
62.600200552020425
-80.9248956082179
11.096259604089127
-37.022450631587155
44.48004123752821
-96.77856890136572
-96.29379237959049
-81.46620963602342
54.87939110808193
-22.496289655882734
-89.39257773136413
-72.91955102943699
46.78510456701653
23.99825335193593
-31.301842577708697
-84.00111102651513
82.40764318285642
49.364419818102846
39.250488063462114
6.842609133257312
65.00343327284358
-60.481393474963774
-86.22884428779456
-70.51267407464545
-66.5993928830155
45.597029149839756
93.87461512274376
-63.747326296606666
-90.86950421359353
-3.3956949995732373
-62.015117627349966
-76.20218520815641
86.77260036866849
-98.4716171038736
-74.78581183009251
37.9405038646388
-54.21335625616626
9.077923463728979
91.37733790402103
-52.155409627766794
-79.12939801476074
73.44749732740684
88.39984736153653
-19.659056322165085
-8.87472476036794
8.543711805674278
97.90797507264043
-67.93075269025107
51.78309511288529
-0.6505271421734591
-20.967926307204394
-34.67494704111769
-24.799972994626046
21.94413691792198
-38.70389912566634
14.957553776237958
-94.46840283589881
-50.8456016254482
-78.59538868179494
-46.76112457857069
5.232877015926903
-0.17454507049990298
38.44631700522035
10.862720178018819
3.92548947182965
65.07659110300105
77.93813992236798
76.50999900309984
-19.531083514840503
77.60143558981207
-28.37787086747528
16.237592770311224
17.019454771802756
56.62159887499834
79.68656333998956
-45.94259278054182
57.343708727355676
-89.80969744714253
61.77114540590054
-29.00181484372979
73.53713832068712
15.515620702460481
9.982140494151892
40.9418213686335
-72.08302340219397
27.747799824540337
57.66139179732684
-85.13533519797008
71.73656000915446
75.14100263651329
81.72806777745046
45.62874553285309
5.937953328723353
58.64132332243523
57.43759609859154
-36.52134644048384
-63.589791529814036
47.14446749987721
25.330547846268843
-93.61906564766977
76.14884684592639
66.19222945990705
45.2545765165282
-97.19172106215981
4.429176417749019
-61.38393559467228
-99.40234439909928
-19.24854331974896
86.91989614681785
-55.866925953212096
59.50810114212487
-0.24906477171424513
-6.289570583506631
-49.94988152779942
27.68366960040214
58.370051952021214
64.63842168147045
-0.39079456078918895
57.283393144583385
25.768072822029154
95.75193127984849
7.615680017245552
-92.33867661077456
-91.38873393712261
-51.987245810866824
-71.25511405198345
-75.99301794264403
88.4939695844412
42.963804839208166
20.378318258654573
-67.92340391333329
-26.555204904367045
-99.28958055665275
44.222106445826256
38.89671392531534
41.72553995630844
-48.185887482739176
15.581332753304224
-9.529412925074567
-78.28920819465199
-31.584271122833655
-38.84178389977395
-36.86167865529928
-32.96144991367915
-3.923959235549418
-84.15339694770141
24.305241630127966
-0.9584378579087485
73.90398722036517
63.954244219329325
7.400796054242264
-2.1436393937790825
21.480276712864182
-56.117337732867576
56.44985713212614
56.03559467002859
-13.356670910244532
24.302879297223413
-96.34219035353382
25.991437153977188
-72.801700453467
2.127677460839905
35.82946754820986
25.039076078169913
-14.901350921838613
95.9762931333494
-81.81386204530105
-57.26272385181665
-19.909641613019247
-20.836993587141393
-93.90592409842465
77.03872958292663
82.92789471712197
-28.800400279584522
53.91146176873903
21.840107653586927
6.289461416143951
-39.418039631560966
-89.34797123421376
14.972886323194956
94.18248405299366
-47.740686812479424
96.6981673655861
-63.67273307353829
-21.599788996620163
-45.50753782078705
9.559675433549913
-27.424790110775717
71.4944237833829
-47.80125793471819
-69.62807407341711
24.975846133685195
26.25686660330318
-2.809687636632674
83.35610006662978
-94.50072109425152
17.071140764721676
-9.174874216846504
-9.383127197906347
-47.267219319613
-85.55340700507847
61.00346449303268
97.17477783668738
-42.47097770064514
8.52279910960985
-51.70792440648586
7.375471306821993
-29.486213293061112
31.035950742451092
-19.750221105194015
-34.887677501371456
94.01606027122205
-35.35806963061768
-52.85961463424837
-52.37492505230625
92.33946954137699
-79.5660033838028
-13.735501375761388
-40.49819826962604
65.24296640089227
22.20540129792228
-33.07644038035488
-6.584381773327834
69.31487905916882
90.74686115140537
-88.44568040290928
83.65656038093746
-84.80349228031146
-71.34570563321527
30.292666966288238
-4.22899744820171
-76.25754896081425
30.927969561479756
-13.125720120098649
86.71682707806065
-88.8944215314684
38.371784810313585
1.4479435326842065
-71.89273486397663
78.57312821636307
-59.827932362807815
34.487282931069245
-11.990179344456763
-45.68629638839816
-67.15944609731139
84.61217672558905
34.44867565387307
47.37985525311052
87.62891758880224
-62.277939816562444
84.47987386049422
55.41041614173628
-87.06587364664291
60.849305176457335
-78.71947863863234
-62.02915626911676
-48.958444186046805
73.7798541513562
-68.15748124966254
-94.10374990973276
80.43736946134564
-50.904337734774316
13.682380979805515
95.03938120434427
-25.598073108931004
-32.8488996459988
92.02391168488441
-6.692222016153522
29.024398966548063
97.51084287457493
-15.900472625110737
54.80614212711353
94.11125861027654
-46.46687858862366
70.92273786095956
-88.81836666670928
-66.02226892582743
49.69150217126128
23.961200780513494
50.54083678758286
-36.89803178007243
-6.7136737490667
-80.848332123579
-55.66226565306405
78.20062224808925
13.224894574155968
-61.432324647064654
-72.63103664179738
45.678207957003934
-57.33674422955324
73.212773682978
-59.747130298092465
-69.14523054261777
2.662542145725581
-1.2004587570946228
-94.93132952192546
4.464999038591884
-86.23100109073296
54.56243685474712
56.45068090764309
36.07420779899243
-21.069753911036045
73.54208721317573
-13.063637484332077
-82.26400098868334
-83.95005436678369
-44.73377238869747
0.9509470573486425
-94.80417217735109
-89.22072526799822
95.14743438738455
-5.589855585424459
-31.266306968687402
16.00256138438516
11.996251048931143
-32.786023580086336
86.73583001848527
65.75159940187422
-81.999758446772
-6.783892312862719
-65.52236056952887
81.6455497975818
77.11975014249111
-20.384105415993716
36.359140382253685
66.53613643278712
-53.00108751637709
66.82292901430839
13.635159873299969
85.54403247583846
-3.150118203880737
76.52824522692649
-72.2619882289266
-14.368443317521852
74.89573165591693
57.925221804060925
54.05947488255657
-58.26648808517536
-69.09784411597684
-70.05258949607622
97.2030832162323
91.01281833791577
28.309248542328703
4.99132590068281
-83.36370338687686
42.61518308867787
36.73233922245407
60.106329700129606
-87.02712135161508
-87.97209020163572
23.32071122194425
38.60930467834848
-50.660268652107135
30.132398820861482
-1.9238935674675872
64.00724826998271
-23.483037568978375
18.59817541065749
-19.49957798926735
-35.34475384556414
-35.24851677606904
-55.16274240308439
16.036156376755528
43.74484889703709
-73.40872940606596
-50.26316180584731
-36.98462816563905
-37.79897672122847
35.457638518757136
29.5066124766511
-56.58374041015901
47.175370632533145
-97.62081840088126
94.3170209900548
78.06766786509098
-58.854140539677104
-50.80743771547416
-58.66870267031541
-52.77081149957128
97.67166491516085
-50.30655732873544
-97.54336278875351
-80.6067339911744
57.049527982321024
-27.218694707751496
-14.213788729497082
1.0487760844004868
47.13331747238911
-64.921792234413
81.1060736655626
-22.766479939264926
-23.604228285091054
16.53096031422598
39.102326111710795
9.724605277263535
-6.63661315057027
-33.83953444473988
-50.57817691020337
37.290038729725325
-18.14742504049518
-34.792770306799454
74.81253695466413
-84.43567638430711
27.125999229664856
39.302052059135264
37.741290657848225
-45.012441889357405
-20.63612668964285
75.15127080828856
-21.85616207357654
-24.53524616512226
65.65191179654727
22.182002614537694
76.71087421834318
57.61404032846946
34.76048941225636
-25.156093121798932
-89.81406607710458
45.4930091141627
77.42309366206746
-73.0295983623244
74.44706685798116
-55.11304317130252
73.00856933670593
-38.538552066473365
-36.833911315667024
-94.88908090995818
3.0767566635913113
-14.943872248051449
-81.8203873131919
0.2509258529083951
-65.53168100601137
56.17977343382054
97.96258860443041
-66.90869356904925
6.86377640577598
-58.15386178319126
96.002743555589
20.360043935566722
61.45912848827592
54.283890675419656
64.63984083606547
-39.52447836683943
-87.64078612168036
-30.36343438846329
40.095336019158395
-46.978032199122175
-27.198504982720536
-38.54949375875256
27.201754144487225
8.358896347583595
13.767159753435493
4.945686217094774
9.396955000011786
39.923793515791004
7.444984255821481
-5.70503311362252
-8.908771595510117
13.803436978026241
-11.711683024391334
59.0340121551404
28.133052260472653
-27.477839617380354
-81.06020032768853
-2.1467977697295026
46.55294570181249
-34.26097974098832
-10.005645980121372
68.02081578437645
97.30299437247444
-45.042755091678146
6.5191988774743805
-71.43502729994808
-18.299879153699223
66.58553375290151
54.45360630225019
18.615312298473768
-65.78248931234972
-8.223558136397372
-47.102416924790006
-39.524787259999215
-91.27850993934301
-49.31377125073766
-90.06020307119122
50.79273084650899
47.2691142068831
3.4352337089051446
41.97996705071057
-6.78599662705696
58.02104126254912
31.91134160826107
-45.130623609094386
-36.61851222293975
-53.90428605570883
25.69936365620616
-11.936235654079837
81.84344143506215
-4.3870266383545555
18.21117241693628
4.0917410577363285
-77.420323736921
47.92082935164933
-28.901081967686864
-3.8613816081003733
83.14646845912347
82.42597278167517
62.35820177399424
43.565051964461674
67.47031767384331
-1.9736792154574374
-68.96891182236651
83.66323863340332
-71.09169732455614
-91.94263218458147
96.75037517311526
-78.65048045729779
36.20836317391485
16.41047316810335
78.13740095688578
99.56174053613955
92.0159991490942
-84.91795909844396
-13.570624487498506
-6.745777600701786
-6.951394452474929
3.622155645961243
-10.331543252840888
-23.932057236090955
-87.80920892300641
18.970425064760605
21.632740361365933
-45.53691461006646
86.51334160167903
-50.69475736243465
26.728031883548
11.044313721371665
38.65749002789241
-86.79451300074234
29.92069383032836
-38.515702811891536
-29.453428006785742
-38.267761011353585
-76.91641523479642
-18.07640790569694
-56.574845163357246
88.78519586348952
-30.308988899536146
60.54035859319171
2.8106042002059297
73.48689335662692
24.595572403239814
-22.691030253193702
-5.684747528672446
94.93102225278102
-8.037041248463254
-4.204808445578223
24.05276326862824
-5.6477142861904355
-92.81350997579057
-16.64848187922307
-85.89999225900334
-9.848481520746333
35.93003843294554
-1.7743977782959348
97.47778691554493
97.6201840737447
-70.17134294805372
54.58230130395219
3.619582090939417
95.01755914974183
-56.18787168675588
-78.59241707656443
-99.41597965475731
82.01269885192391
-28.474629704334603
-55.811312727429765
-64.64054116223215
94.09231958115043
-77.55839765058784
38.08764919967723
1.9115495384544658
15.633751851593942
61.69539025590643
16.93697916552364
64.08902696568626
-65.86212005938457
-99.45650439379602
38.18327554746682
43.933452442506564
-49.693330334750186
45.3281899661047
-78.59249561163865
-87.99822990299427
44.43572914802621
3.4465544915903905
-11.527635511439087
20.158225608024665
-73.81922757194133
22.287248112283393
-29.375644753259778
90.38463110030227
58.83649815031873
7.4044382017920185
-29.822514948741045
-16.43591130049849
72.06386623063457
-14.582320137753243
59.11004109360414
-89.40952797825248
20.07332011767768
66.05920178065875
58.16832582875102
-42.887529481214706
49.624777907203764
-61.390369589306104
-4.5967858386185725
49.42460952200099
9.506728245187347
-53.05081056351169
8.764351591042924
97.57017922503007
-13.110753458294155
43.45706754335163
-46.08677388719984
-78.1113566173258
-92.12634462780149
-40.230691082085656
74.86554329627032
-93.12486239865648
-0.20344219803436658
81.11325427157581
-51.1065484684806
1.8417587131386597
-76.58266885444303
67.81200923725257
-23.513616937818256
-35.82295035120653
-21.523031823425228
23.61032291775483
31.328000410880577
-72.81687308125771
-22.48630440834438
-12.80297788968592
87.24510069167522
85.41499954150285
-1.4139441824610373
-42.882358078135915
-65.61016883246968
-89.95533840570383
-97.27283201716585
-83.92603256611571
-9.203334260716261
60.622872210725404
0.35827091420837576
-19.059474008982562
-15.496579586502037
-79.82798057778916
-11.004451214847322
18.063309140517433
-64.62288057718197
74.73712185728871
21.33652147351657
-36.12099947699525
37.76749803852917
-5.956802179413074
28.921387475845876
-44.41191516307932
-14.97524477276852
-16.872470064197856
-43.65673312704603
-37.87424709994678
46.106440264111
44.38935260670388
-69.72374250923679
-17.085285706796412
-48.49801757081094
-48.568868221602315
52.29386668665984
-89.05245305194319
85.36145999324805
-16.63451518531329
85.16697090277779
-21.038878918485267
-51.02008003705978
75.69610976667028
-10.105289416851022
87.26189957483189
-23.013464887729413
62.295246677383886
-36.65941257846632
90.6850774292146
25.417279866814084
20.534373089060566
48.194552331818386
-61.56395640481356
71.0128719382206
-14.120517514593999
-38.587704657973944
-2.1881757072603136
64.71331355870092
64.87383639473117
-93.05543968800147
53.09359175093283
-18.23722077395476
-15.966852711325743
68.78775755322329
86.18457429475973
14.205538726977693
51.281632327568275
36.02280778522771
-16.740605730792083
-44.299183241847295
-74.39727061375532
67.76903688839502
69.52753734159427
66.16530249156983
42.47492701438972
22.24943501518959
53.775069316172164
47.17484281031756
55.11355390727908
4.182139247825447
-95.70444488404108
70.3870270291385
-16.876925235420543
-9.028246302494765
51.65117811220199
-97.49683013217737
39.842327111615504
75.08312123202026
33.588847231831096
28.531769126702585
-83.36617503816682
18.59888080396736
-93.15542167801473
95.38932527100076
88.98823876520291
95.18418315821293
53.83825951356863
19.29144990509812
86.34076682414533
-52.8465558009045
34.289724088750745
30.254340748711286
90.25687745640127
74.70351790515173
-84.23631181903303
-56.85419013852544
-62.248082281426356
-88.17735768876449
-7.5159617632388915
-59.82208721072271
-39.59526935886477
11.828842460081319
43.614521055138425
51.601297552698895
3.3610701550577744
-93.73293380275504
-1.6775146413186235
-41.72653988791364
-33.25365896359109
80.02685673674364
34.97119824568455
-54.64951914350748
81.17676358272331
-15.159350072845996
80.37735956425627
6.817157540003606
-93.52636318062628
15.903389717951839
94.43799972505425
-77.60187715294656
-47.43839421739728
-15.349551945790111
48.44659615325969
-32.64627777422294
97.79806377272016
66.82705350869725
57.46634325799161
-34.706896790989845
29.67995134937675
-59.09241445156388
-9.608189529233286
65.47649312657421
-35.96540474977121
0.9736432299416293
-36.47307196830065
-75.25154856863676
51.54141246791656
-1.312623407135959
32.14179538592313
90.2491219190008
28.184904764917746
42.598780728844304
-85.40910462769477
2.811156866057999
-72.55627748496123
44.38858347697794
-87.98065440896387
90.23003573952462
-13.086509604675683
66.74817034638733
-30.748342165362914
-19.198911523269672
-33.08245722034275
65.58093055377421
-79.97949153551518
-29.423357677092724
71.93019718137643
65.53181618131364
-89.36051241522811
-83.00287755221433
-63.48647831912915
-87.45419286179393
67.3504600365163
91.96620876413294
-6.114311538047019
51.09609374267475
17.04933728396807
-26.215050631657505
87.82606496170717
-58.33075425269796
54.94360364015941
-59.0892737673872
0.7176482207242856
84.36833339186492
73.35378000225523
-11.463493497664132
-19.797737025190813
78.71908450937332
62.72295657670941
80.62921049338203
99.54903957089155
-38.78100922254677
-15.564452051074554
-18.516675655158622
-95.0594333647302
7.241740057792299
