72.76955030563246
-33.45598354263785
-29.79133306539552
-8.287117135100047
83.88288192476091
75.63900285156265
-22.863348779728554
62.13587904983601
49.869166211095376
-49.67781008467129
75.33411721839084
-79.0982103016567
-30.60611494376988
91.91014064487467
-84.7699592778637
12.097962356572395
7.3932393527732785
-90.82464496378628
-51.64275777672358
40.36864683580174
-7.583879990466343
15.761255900885772
27.1533548396053
14.723779261759447
85.88440275515356
-78.29924844350992
94.89373829334497
46.50485849465204
34.245277280712486
16.39144853822752
40.06940473432837
-82.1426847254356
-50.318009946137735
-87.01413239627362
85.46053583932326
84.79512488943863
78.80049890009292
64.95751700161642
-99.22742717431319
4.28520373461501
21.474942802286165
-39.49807303977926
-18.04806859837838
-91.15056401208066
-12.345738706760542
12.759805389019391
-4.377249141571582
-10.469689527052424
-47.61224169591976
-66.40550697613762
-93.43125971679865
64.05156756538716
95.78696437369612
-4.22445959083511
-61.81935273652726
89.705012823043
16.8342078529067
64.4671892179166
34.07374457605226
97.2010964340447
7.366466570974751
-31.560474101566243
18.872510039567274
-51.423416229666216
-35.987173584956594
-49.1443620672615
-12.247862504687703
93.43116128620949
-55.29106780681508
59.378808344841275
43.71550673048975
26.569329182154178
58.040841779971345
45.325422467818555
63.695174134634556
-57.38735383282485
-18.772388712456518
-60.84661709139883
-62.32101156321952
-34.922341060905765
13.585974436097388
-9.599883808544433
41.89870790079354
-69.56508927226439
-11.927223003452639
68.4034512358607
-1.2330643504924126
27.059387811981566
37.81380877573463
-95.19942162122692
-52.60593567076466
97.19417351565161
61.535950279554754
-66.49992427745201
47.776359265768605
90.42687120989356
-21.607534505251053
-44.90621875541565
-75.02532510026487
86.02821280004403
-84.36846120606288
74.04581098783095
-16.79172046782682
94.01262269251464
-77.48209657270048
-2.7552122463145423
39.824810715922126
-8.156388666394193
35.32782869634411
73.09195318429107
-32.036762535087675
97.12331360061285
76.89601176192562
-36.855359602417614
-84.47112746430491
85.9374552010477
96.96883265604038
-59.56681245113733
-66.89470507169477
0.1205560284379743
-31.30947414062075
-31.18261957343556
-33.21216788894739
75.31192607708911
67.64212944166528
98.54543376662642
93.03053474868582
52.69744315976183
-34.13487478478345
58.62327731809199
-11.630466728976245
-46.44322713353137
67.9581687764126
-35.11773198924173
-64.78742774170259
27.15976439045022
-1.6973722166136156
50.6005881198503
-8.84947189751071
-18.788892081666006
-25.044154835560306
-82.94319550659085
-58.21319217704417
-0.5952194113803415
42.681809508110746
-36.61344817228844
-56.30252758788159
68.00334176825413
76.82096018392886
46.1914949414236
91.29265673991534
13.351298475659831
-19.264569881144666
3.211638724045912
-26.63072429678097
85.27065524668473
-59.88112016322846
42.14022590017069
22.23825288045353
30.505113746196372
57.614799437326724
-24.25232758793055
-50.645856732786896
-24.799025606316278
56.334289161654084
-57.0902883110225
-63.717027239709026
58.92007006409227
29.685709416586093
7.342434902226259
13.69162957492243
-63.46077629958731
-72.78737396883275
98.30703458293479
-69.19142787246133
28.939237246407345
79.71876277379212
-13.063668011610545
-59.397216734280974
-63.26298534157384
-38.46757534547653
41.49976238617211
-35.856497296215565
-80.52378962120943
97.24939286687044
-44.803343194434284
96.73148328101644
-70.31709568002813
59.55348392985297
-6.667015351224165
-48.037053337686956
-13.738431272730708
56.780801624767435
-30.851972524756135
-24.11613161480888
-7.391016044666429
-34.946554844184845
97.80573910942888
-51.828333938182205
-98.68865623892485
8.511842892212059
-15.961555330912944
43.19540431917079
85.04179441957135
34.3516817431387
-89.85716244571984
-50.602821991297866
-85.43943858672338
95.7785691219328
98.02285927263145
-69.73983691230212
65.19653738660293
-93.05450067015153
-78.37122998045226
-1.083635094348523
52.823076649990185
26.707877016690773
-88.1125883589782
98.74077536493832
71.30984143564635
-60.56020327084654
61.3973641252129
-18.980453207719194
39.49839873229536
-56.3627585615069
-13.06303722627895
61.35306953756083
-73.09449769610097
49.67192532262095
-85.11181590425592
64.60274195433985
-80.7959127801316
-92.53560855093106
-2.4081505866513737
47.150106550604505
65.38067684303059
98.20010247092557
97.62456001336491
88.33617665047367
-90.30568765476836
-4.045755132759481
96.85912368698223
-0.8518529348768027
97.71679828168081
-3.210881886580381
-18.44644169497502
-88.07553267707104
60.23730419260062
-65.46058753588797
57.55532715612907
47.726844095841784
-24.264803319043992
62.3705859196711
88.81002233126651
-57.77511433623379
-16.047321674237125
-72.5639331199487
99.24284601225256
-15.237533237504167
28.034226377134587
-54.1656683476033
26.64718970914963
28.754993703455256
50.43805087785549
-37.0974667992366
90.59420795197934
52.810894923220445
-15.358235191759363
50.49660849747451
-55.32405399702216
90.0954614090362
-44.937253873855454
4.813591167117991
49.90164626597917
2.0313701709626883
-31.297092955229516
19.168672025423888
-45.72883021759977
34.27283835088102
44.08307598099452
20.24975401075241
-2.4509872079558193
-16.552046145165193
47.43540813316889
-13.42161685961483
-2.651134006463977
-33.28840456269356
79.3805052673263
-57.810985754324086
14.075229388939263
85.01584427416273
29.237088515592916
94.19436984836798
81.11806729211227
-88.32115507508044
-70.92826173730899
43.91132040279021
-25.592090914534182
67.39796211709438
-21.080945446069506
-81.76834549834985
24.949716645167
52.09341997768149
12.62153321910013
53.54274751984531
48.61354037715225
-51.99300041993897
21.094702601985475
-47.15528063329544
-70.82021318595675
-85.00872526685612
69.8867385025955
-93.61679460378892
70.36117003195807
49.01435011345731
-95.78756645530527
45.29183572553006
15.433626124652221
16.036247796110132
-36.32543185479713
62.21974827015856
-84.06450720177976
81.13256830074775
29.025603244575052
64.57911372653902
68.0076185267917
-76.59985315783189
5.510253201145574
-1.0777930747646707
-52.57179458575196
63.255634274472754
-38.57917341657646
-15.842832299691793
38.75043667231921
-10.443544755097122
19.491996021635998
-94.32665476325654
-39.07803814397637
-84.79749801856802
-94.85584386401752
-28.635720059771998
71.67609246473754
-49.35817404713087
15.146973671769388
-28.02650304979373
31.083722525292444
-56.245821333855275
-55.518367523615076
77.8260717971288
72.92340307502758
-94.0787402744927
10.894602505632122
-46.0181652212706
28.71068554044433
-30.297681956656703
-70.3593603665993
-1.7548860901923007
-89.44347014540683
42.96006070180823
-59.105025041098116
-29.67759857300534
33.63544553684369
16.663172748817516
32.002451815232234
68.95641287751911
-59.72538872140125
-70.25243191186212
-16.136120118710082
92.28185958373845
-84.41745068380013
-80.55283324386016
30.476267002764274
52.71623483129835
11.639225239131903
-46.55919014271453
96.65112089324276
-41.9567325073658
29.351018201822342
-55.963333320413234
27.916903028595954
-14.975098174111537
88.3341606753736
-50.42118414190686
-81.56598268062143
-77.81534388290746
49.047358968792395
-11.583215020018045
87.54844752179872
56.049227277167944
-11.707808603985043
-70.5581715756693
31.01699033349024
-46.675147706703044
-48.02576821144928
86.72672364867813
71.82280183181328
49.53091491772125
-75.23368491831191
-42.49451175029173
24.298387787175983
76.25064946823537
88.17940506710346
-14.454069232510562
-13.864725358194747
5.348267951604484
-67.71286647797854
-45.591446302844844
51.40024508778751
49.02389002159924
74.15735029348897
-66.58185893425284
-50.140953211469274
91.50628683928966
42.13445143552502
88.8728380718579
-4.181570722362849
-38.320750236670634
67.71457242120363
-52.50497151383375
88.63559756818702
-12.175039062623156
-55.7073197749147
-20.541245197993405
-91.05344062251768
-60.982043901067165
77.87869303731853
68.9620182214031
-15.938931764192233
-6.457621115070083
-84.69214869542836
1.0621208833684932
-12.743707066374014
-26.841080251055047
-97.90531590065905
86.88418564037397
52.66997111368474
-89.5461366466647
59.48762008563821
-75.05132021405676
-46.07541350707049
-3.0417004559632517
16.127690494109245
24.772965645136736
35.427375654551156
-95.4588768782348
34.02895047829065
-22.954201909633383
28.079844808475258
18.125272791309044
-54.33913932909833
44.05954879440489
14.741987489265611
99.31109406023828
19.79268116054054
-74.32909545498995
-54.99403282459019
78.10515480440364
23.5211219056025
-34.99625223851683
21.753069872890208
70.83843597081542
77.67268879272856
65.25750488468077
91.94014693592558
-70.42266128403527
-6.533050153291924
80.09250470907884
-68.23045121960305
70.62045150902418
2.8538734579506553
92.44305195935482
-14.853254799896277
16.12820756450448
44.48087571688512
44.813148334956594
-41.59429359551447
-73.13552226321116
13.811538099679382
-82.10542351003154
78.2002760230188
19.300868166249103
-24.447832215180895
-33.97856455744643
34.53386857472802
-69.94170937034359
-47.42267445313235
-32.91015098455763
-94.46556368549767
70.27362666837149
55.231647787902034
97.6426529495435
-35.36679237662865
47.98910226827812
-27.72508268878188
14.312636744207282
-28.300264879433627
90.3962563031028
-25.31143222486631
71.50480743999671
-6.44357563294426
-36.88067053987547
-64.36298083462793
-18.98047767921875
-98.9408578086409
-25.492705098566006
-73.80111926505369
42.448968268793635
-47.29623523985611
52.93095692641529
-43.13547151065465
-14.327298923900898
-44.91796444489555
2.8402979609898296
-92.3408782968163
57.80478904253309
-68.95624424906232
-20.809133684372583
48.487116843414555
38.80045219374199
-28.83648873098639
-74.56741954103678
89.84210699439362
63.775498347027394
-70.07580926584316
-58.864918222626315
70.32362804427427
-32.227622920612504
50.33829147579098
-82.19500537932329
-51.2671602373518
57.59094945450224
17.007954525471874
21.704675061980623
-90.81465771851578
-60.93906563281051
46.322177061833685
-42.12205901223061
24.817484521331153
31.725709451233968
94.58841600120621
-49.94086075449147
-88.41041752501519
-13.221137578537665
66.30771126278529
-23.692348139176573
-13.907900799595566
9.480525469045318
-24.880932691419517
15.415225463221603
-76.38877686704097
-86.35013819722911
6.740159387973193
71.65176709237113
7.47949271570036
59.82004029663827
-26.359519312241872
-89.40270784997702
83.90159000352386
-84.01422645700237
-95.05389890193052
97.26982910631008
46.90926768553442
-45.785894104863154
66.44916532953798
19.99544750074493
68.65494437365186
18.569751447302465
46.19888809956939
76.47801671475273
-84.01725008172957
-53.2396269026961
96.00004099472383
16.25808435258449
-47.402734528203474
-33.771963811209616
22.15592753984022
97.37515108860967
72.13987515318993
86.0703428634622
-92.94196317178032
56.882470661685744
-89.99268841495127
-38.09602988201944
31.94832473366057
-74.56579218550826
-44.311710369775284
-99.6364150739748
72.07827370270473
-49.79743677018378
37.04928227986508
-41.127728047474555
92.65437517383094
-38.0018296849743
-43.87695666787537
76.08531762583232
-99.2208639025446
-9.584296136134213
-57.27809995273401
-87.62047417514837
-65.21691382315782
-30.959820526050535
0.7644932170146888
56.89819032780079
8.728076923998657
-63.34952303630224
-5.852421098782699
-18.174868934957303
-94.50988622353653
-60.23992272998036
63.5018411498819
-97.82932219787952
-2.431383284646998
-70.28405608399686
51.46077062947626
75.19458106467951
10.456530492529751
23.052335888792257
-55.929708122581665
-7.32876424293265
9.88081536166851
-2.338434577740884
-50.27153762993666
-7.842614114480611
77.9909869415423
59.8338131253814
-85.15620184093251
70.93516333161517
-60.923534448511575
-26.777511919955785
-75.83045000341968
63.65365347468182
45.084719440924744
-86.39013492762436
-34.394533075685274
27.94364240504153
-62.33470941089205
6.708377398705153
44.44785938739122
-27.947673785221
-87.08169354528228
65.83063663263596
-39.89916068315142
-79.70529835523594
-32.177084658067486
8.468948280986098
-88.48258383560814
-60.64746086828965
90.70325337869193
56.42961028165209
5.966188718646251
39.72098606045466
-92.5128397339017
9.627727633646103
84.3270928916717
15.039998527594364
-64.55574872407281
55.64269525272286
-23.22450015728799
-31.85500217732975
73.30275536518616
63.327091130090366
14.01253948743711
57.984660770554285
-61.1451002135083
63.82271418367753
72.42970353813277
-42.12572718368934
-85.6812935712105
-24.378773545683302
35.577050852835555
-5.753411679505291
76.43954907633662
56.994108491673614
-37.84630568284608
-25.185288950902333
45.46532424256969
3.079651356849439
-22.33167726228031
41.1174261346884
-19.898277676326884
5.864934802514782
47.84149681337419
-94.92729123886798
76.91668467906396
-22.539220645559823
48.27135075978185
-60.002701491046054
-64.15767976189981
-36.028375282439654
-6.029164011636695
-36.93274669641684
93.92355303755596
-0.2180251044229493
-30.131058113567335
-1.0867726757861789
-41.29138056216428
50.079821620572034
-5.813047506604079
-90.90654080541456
70.03049831652979
-89.87211128057766
-65.71033550194944
43.53773524499624
49.963969212019066
-19.069071172467233
-95.93461328652901
86.21839193600874
52.23739520565516
57.078030789870496
49.064590054615365
12.592022711660007
-42.223518244609146
-30.093058459785226
-50.08126945093934
-86.02472754440547
7.286977374382687
55.87636897766177
65.60674170340158
-68.1921024310558
-54.72173032123058
84.12444880784506
4.683157262424828
89.26318393813233
-87.85554352464757
-25.332196915196775
67.99712422538732
22.392759021509477
24.89468764622032
-65.61121503638061
-51.962892380203485
41.822574361229016
-34.49392013842014
7.288376496993436
-72.559959356339
-72.93556734247015
82.06006849272819
20.026203806477056
17.92195372335516
-80.92049302965552
-58.12540701081681
31.337025870942625
-46.105483438758114
28.388849372402518
82.13919919880476
-12.269909445892281
86.791068217614
-83.88942669675237
20.67071061398393
-12.724727682861925
-21.593315160524256
-52.68024434972616
23.209000892630044
43.85179627585899
-24.608339788761626
64.58073526945483
37.91984278113739
-4.739446161945864
-30.826982464069047
48.34937999656364
-79.05047028954917
54.07948129823927
64.49894413778173
-39.00709305180048
-8.277740158031776
-84.32310795864531
-57.62878010030612
77.98482405111028
-92.51394803815644
45.88590723887452
61.341691905582735
-48.57158129510317
-73.876927214156
-98.05234325077818
-73.62493593080144
-35.91035197477443
38.286011837398604
33.20168425282603
-92.5500286763874
93.5717085640625
14.63794510976814
74.82792209449818
40.27803902255508
-51.2040937528107
83.19829287944322
31.596998417107926
71.37079755840725
-11.800321279559995
-84.2982114931752
-20.08619215926896
26.613168243537586
-90.7307820820835
-22.598383273951825
84.95094393512156
-57.57651627224851
88.80981296124423
64.31052691512525
22.158095955006104
-48.16900604757552
-93.84291325382144
76.93396579715005
82.58732496682006
21.11167089097026
24.13229130174797
81.23251341557378
93.2563090678625
-60.28181759048259
-91.00119425291771
22.023168039050404
91.9677367665212
70.6413187856063
-87.2781874885659
98.48915605924918
-42.92105265388775
-10.958316697379303
21.56096866395316
-21.832151971702515
54.476402503496644
-80.75588331988723
87.07928279540806
47.5305253873959
-4.592115164756734
98.73082826570769
36.354418831786774
62.014895894458675
-1.2627108845810255
72.9664416377085
63.79870500342963
72.66893555269715
-16.74946805145919
3.1773715275212027
92.3616941323618
-43.295889552579304
-34.62133991294229
-51.26475164931836
-20.21029506276038
-33.86090158816823
44.69770881286857
54.96301363187001
70.4167533268147
80.71522344500076
-80.55928846837818
44.201813201129625
-74.64143318518185
95.382626659409
-36.25078873637744
-1.4043059345322462
-61.785331462480556
5.7887259868847565
88.5233270110441
-58.81229409391588
51.59085499670621
-30.651238157185006
-96.63794459577085
2.5279726682840646
59.16066600630069
-14.663967891896078
49.10316547094763
-47.905870364064555
-39.25913030941543
41.567590878358914
-58.68382101321743
8.412912831126647
45.15132658624316
-12.32832158635317
25.813537740329593
5.546145073935691
94.67720168870721
-67.65599930797023
25.131139164939626
-76.78634569661173
-90.61097788574408
48.83109348754823
-91.63454071685098
-15.359287897991365
-7.895859178419528
-38.81191022291206
-51.655139519320656
-27.6408715783772
62.691984195511054
11.341891718311928
57.74433313567698
-15.526488381737735
54.38612879560009
-25.60070671697683
-11.628919485352895
90.63774968957014
-34.83246220256564
-32.479576638029556
77.43093088860874
-31.436806050681227
-82.80189976091698
-32.13357464465993
-66.59852887076815
-49.42342361550327
-19.369925743999687
89.07365092218754
-28.627178370720358
66.76326987330091
-45.641510506096
-64.26393076541697
-81.84542556243872
-65.06681124718989
95.02367333074406
30.13287212669661
98.24985146034675
49.51486535533641
-53.97552160258814
33.92369535798852
-60.497052472661196
17.15420625583444
14.771509054669508
-47.197457814055795
93.74401950170142
87.8182132471029
-90.74172907166664
7.153027919111338
50.72636512452823
6.670280608650273
46.91721467934698
-65.9675727876817
94.15575243859345
30.193031342132826
45.264758387785065
-64.60999417808226
-14.43073110937074
0.05915085556533484
74.44456262771416
72.31510264215402
-51.17734442001753
76.79219706942175
-82.00123887135462
65.71997432168294
99.49784107205997
-58.06757426445448
65.2188592409403
71.71899298141312
72.47635701651475
6.308470664997287
-73.13097061085891
79.0693457838297
38.23682785769819
68.82286858392558
-75.52557736292545
-12.536008420945222
-21.428550409276582
14.643254981958194
-26.36546216890582
-41.68831998878777
38.85467193335407
44.70583770293496
29.474415202822684
-3.3988428765003817
-45.34857664761598
64.92562276813595
-2.067376040844195
62.16681258442503
92.63763474604102
-51.72766626331266
79.28144661149145
38.01064739818082
-28.080079268875238
8.765391912857893
22.07434097681127
-73.9610983521173
58.708570786069146
-14.135040782336318
-92.18701112917047
69.67878386204302
-26.283979002628442
47.33710165145823
32.39266935914782
-34.402816803964754
-90.15902806439382
7.918273162549298
92.99038477001778
-34.16930683556225
-89.66307960685059
35.60901522769208
25.637246062627426
41.019317382233424
79.54074716698125
-15.226274807506783
-14.704996038938575
34.12585359511684
-64.08025793101308
2.894005969823013
29.270694650011677
75.93454790066338
-34.88634973756871
20.63357282493017
2.802603670384812
92.61491481962449
68.72101793128942
63.5691693627312
-66.8554679175241
-89.1059192188947
13.038092437696932
-67.27815971504343
-59.54536869840938
-4.293486561978568
