84.12363282932813
-55.2646288795956
48.56604468389841
-99.90703359503163
63.445649345663696
-41.76253860171493
-93.94457744905137
84.8522253077657
49.47946612467396
-61.29605973406203
53.40027154406229
94.26464013158875
5.004703429163257
22.939229349575285
75.73326587170527
-50.85952170713346
-47.8484025357026
84.03448149153652
40.17293654892353
-44.519177809874975
-63.763127891252516
77.82327571510399
-34.15254208364378
4.059032811662021
-45.65730487858175
-4.439122360517985
-55.989163886624695
48.036682074924755
-58.75400643267683
-72.26201277958361
-13.497356984177983
-79.40211507082904
58.264566249162726
91.4090762844171
75.16244400716917
-35.471904137366295
-22.503483356640714
-27.003011313001906
52.073106395047205
-2.1495827675332464
92.36265078434172
-74.6990401547921
16.0650401358196
95.74350112585375
48.37994380823656
35.072049138712316
36.5155514807164
-35.98875334648555
49.53922102594379
98.27741047047402
43.634119347795604
38.88583103859321
-14.573260529019677
-44.727585714281105
46.74204332839102
-49.46852563356412
94.98416150818349
-9.985194428091006
77.99688673351059
89.95904411275313
-88.69193646997647
97.22325702547536
-64.18511503874547
52.12154679222317
3.4894449613970693
7.481890158942321
6.234777285286313
-66.12809724330893
66.97416966691662
99.99134495860301
76.98661707185832
-63.44234591635778
74.21402303765987
73.51881977620027
46.04072654265076
-20.563497657328384
39.65825001461363
88.16631168301248
-66.18693819473269
49.48439807203931
58.96058587186698
58.058372907652
-98.8884945220661
9.20602918728271
25.394025469232304
-94.08993876075135
30.469544422315238
37.0516356289516
75.1868927538745
9.071786253502239
2.719649210986333
-90.33111258994433
63.326389310772754
9.513888264978718
-83.6844669232252
99.90589311378554
-0.4108448016538091
-43.29195674757056
25.636577511410195
35.180626301132435
16.25932716897036
-65.07940420594034
-52.95624164536825
-82.7590371637922
-26.340206229051603
-90.53579392779083
-1.1203745134952072
-14.112671910325375
-60.38274598675828
-27.86209564478466
23.44563726216076
-69.19902952827456
5.75836640809672
-45.05921076353383
8.573892601249568
82.80868402900234
-28.96542573384116
24.609097359397865
5.715188845975263
-5.997183675221223
-90.8083887924334
72.02612533581117
8.681723820814199
99.49162269111511
3.6450508194297697
-59.29347670631753
56.68234438565884
-68.91843998487086
29.870264137879133
-30.909018212334715
55.40795529335986
35.13384828734141
64.12189341715188
71.90054872243292
20.70568666836772
68.30281356367789
-63.033033805627284
-73.0483753205871
-81.38967228006699
44.8080316097535
63.624519675747734
-72.06151849195948
-48.84151681489557
-17.489714082288387
47.70735210881418
-88.2871523607719
-90.77212439197675
33.31217150265283
97.98606100046956
-29.64827989544483
-95.7205284709409
-56.203608259382534
-15.972569977915157
60.381810597331366
33.61150128833327
-97.99953319159975
42.73116253844728
-61.86226829487753
81.96891527406655
59.3434282205786
95.78343642090655
0.4558970853534987
-77.33776725781416
69.72525367893348
40.26150859171972
-46.219784718125844
43.34463211663268
99.41924685738522
-78.16709241735116
-47.479961171069895
-48.134288267562475
22.22140736821956
-32.95839572133987
55.791638136812594
68.02544414353369
-18.040256790688886
-94.87687656538503
46.73341045212615
-65.95241219450557
66.29320217781029
90.86077760609925
28.706390851326233
-92.18140088840163
-70.65121197752669
-53.323405078611955
-35.50436459248793
75.78707669002557
-75.24786659828486
-83.85711001331032
25.943792607991824
-79.69130418455919
45.995260477054444
34.60547688343263
23.93551199421522
13.806148896046551
-93.23488378348779
24.111182722256274
95.46714692780711
83.1827067233877
-63.60669639090435
93.13492002242012
-20.270014297253056
-94.62386241459582
-46.55254385208294
-99.55905740176745
-76.93037490026566
-31.695705719644266
-83.87801706596387
96.85316958137713
82.78670070545337
94.98338552335025
57.206952543856005
-51.28157327897371
4.220367493239195
-98.56638637605259
-21.890021131865353
-43.00840981171441
-4.399212443679474
92.58623113372491
-99.19162167138336
-38.477479311048455
-52.106846949654596
-28.312873588425376
81.1939737229817
10.194965038563524
-87.86786830029101
-40.48261653860179
-48.222517953482644
-44.12267125113794
-46.847829506007784
-39.16784098472947
98.53697916182512
98.27996932548277
-65.03806256256033
20.41974227664373
34.224915053064876
-76.89100844760965
83.84489819394935
93.00790199004018
6.18483561615794
97.74366270488045
-58.4759088716861
-50.37292824205184
-44.341952869181526
97.19210179440688
-74.80820433374615
31.933891068080698
-32.20151839248663
88.89846590051397
18.07645836993585
1.219697776767532
-9.78365506733499
63.015360789768835
29.98772468047096
62.44908354632278
-5.225379257639901
97.58780947814193
3.2884889089064444
8.224801314165518
74.96778456067719
79.89402805654763
31.41802924222543
60.51274203095764
87.83704990418036
73.16419084772076
-39.38613404872513
51.4606850641764
-14.793127178561761
28.33997284854962
22.33860015858741
86.2158875086057
-16.940488476520542
21.815145884293784
65.9323915159049
17.92553311929686
18.340116415120278
-84.76283685232954
46.18005460521729
28.00013732601363
-69.77233339794404
25.50958054109674
-45.75677909270457
-39.82318471825843
-1.3786132336055772
98.4130027045563
1.4911636633005116
-30.269411947674897
68.92823679087869
-31.593068912419994
-28.27836184419472
-46.8101158081659
21.620818795878336
-87.91680258830536
72.35595786895425
40.904560602424965
-75.67733438433801
-97.87523605503165
93.00450051316494
46.56746469337304
76.16104228405095
48.44842626022262
84.8720198090621
58.22403493221634
26.280079160725393
-42.89548961409191
40.13822922441946
-79.3221907932226
19.366334765731935
9.401911850230888
6.63479335335326
-22.17534888969388
4.954928902266033
-27.31273384920327
-57.08514162226004
-76.40565736082496
59.802786416245084
85.10249095018511
54.91830025404391
26.012526526283366
-68.33725685205215
80.74126836119834
18.37717554758504
7.083315119222533
-25.472815452547778
10.660264621802625
49.07324740238636
-19.444818930226177
-44.52868735617799
19.323374339740226
-51.01150272660509
-19.23101295724541
93.83450990461807
-38.16436583677363
31.114125896235777
17.76670528984063
51.165829385973666
-6.116650118436155
75.99266737240967
-44.98984037099196
-32.93845850914154
-40.11090231860253
-49.17723201876052
35.89053256626872
94.15635133913526
-32.99137520757367
43.993117047371214
-69.67174815930119
-26.053971304150863
-71.21340324217482
-50.16768025618896
-72.0719255431369
85.32205108254294
-23.16995258217993
38.86310540036135
28.222150375248447
-17.627494229974275
63.13790401992196
77.73147304114931
-9.401460056057914
76.21601006813725
-71.48688369490166
47.539644781677964
-41.90214557629841
89.1274764350637
-54.688621795691276
91.09158247902366
30.0634591241124
-79.30228902204415
-56.25179891218968
-13.628269613170232
-5.04450583221481
-11.516492704466359
-99.26259494849548
-50.6344004515493
-7.732480586818085
87.8680350855501
34.9692269595964
-21.399830846808456
-12.719171896625497
71.02334366465988
-21.59872615900747
-3.100717629658007
8.225114523275295
52.374205575392466
2.7846935699782165
-3.312174211346928
14.709922276661928
-86.67015967368728
26.857975627635028
67.77027811844502
74.89975205711227
71.98637235901057
-23.37181739249145
-59.46041785981188
-13.643150023068685
91.21130179872733
46.047099678506385
-0.08488728650404198
51.85376104455651
-71.54411020464089
-64.60309709027811
46.60419642887433
24.985222363586203
56.37814764841127
22.44921745852541
37.403132583204524
40.27856368911105
-3.3906672724485674
-12.203479449624652
-49.19745819147208
27.63732075903009
45.52955255813299
52.375242494621745
-92.22341871499495
-22.862473966674372
23.304060437264923
-60.287753236758014
-42.41133759139899
71.96268872888808
16.54634475838364
-71.64167457834365
-19.35090553904189
-84.60147859189249
-99.25876628343116
49.29927927682991
-19.136572701734806
-65.82219474342432
-3.3332965559034022
34.17689526572039
-7.901226381782436
-92.4570564458127
-64.5823969813149
90.49012402528902
-81.23589734673959
62.08519277454377
-10.875188000456504
-7.640075720200073
-78.90466615664546
-96.33925755209233
-56.390214682044395
19.553556304537906
18.0214029893597
-72.69183325073911
-28.14405406907592
-40.69999648146887
-40.373924119517504
38.86549748296787
-57.71014391042855
-76.8167029103342
-58.26546471847942
92.58179008486337
-23.35459540102424
38.47158981663392
10.702304707075697
-75.96987141011806
-14.758183814425706
28.220026597488612
-76.46600564074694
42.85912056413602
-91.19704400783404
68.50106982258671
-70.8646084473994
-5.017682310652091
75.50586647549088
27.58071675867366
-38.270733746453914
-68.6583346834312
-0.17284939201658744
-63.2713971350652
-0.6308065661008015
-58.75128056235408
-39.26000203163693
-98.63286896393817
-10.12962329171178
-61.46878366912356
-42.49201730060488
-38.929078023333076
-73.88447282017128
43.168868835148174
14.524771344429126
-25.399351811549437
45.2308578285581
-99.73733088163735
-0.6093322331669953
79.19495312986069
36.74498632810318
-1.0168747390899853
39.68516082921312
-6.987496818154966
-0.12320312852803283
16.3307531865607
-5.976978750327561
-98.451715404055
35.5476258788205
-15.757233793649021
4.055147658353292
-1.0420614835987152
-63.2137824766551
62.0578099625894
75.76675331834315
58.30062859515647
79.6600736289895
65.4913093007732
95.18790535935526
-24.235969171570204
51.969135222567814
-79.52120532070452
76.15296238801946
33.314836681405694
36.68611278659674
18.09433658460715
-92.58094947505067
20.332601262552345
-13.925324932483647
71.04029977532014
46.81189821915328
13.845507401836471
-45.776578894244246
-14.198779961116685
-75.69499752064361
63.45877701707522
-69.08712050436128
8.94105470420618
-21.682137065616587
52.6025100351213
-21.93782582442867
-49.18270288174404
-72.81678013054291
-68.30575178737963
93.46754142551472
-22.590205555486293
10.324488398496428
65.15000184602599
89.92407490592413
33.38062092835355
-87.26543159768187
-41.57488161635943
58.281469636289074
-25.802875485971597
-7.550171505729722
-21.62349295822507
-36.96225840670668
-53.773598256155864
33.84140105675414
10.92654746623063
56.941607498044505
-79.86606752630765
66.5671220841518
56.760012611448474
39.785937024852615
9.530321094053491
73.58931303160091
-69.58867035910801
-32.97111765291912
43.11456772069741
57.83485031955084
-78.7505279792708
20.71721574842924
-60.82221915192143
51.30531164563641
99.7313298669007
40.72408398315093
20.120907626258358
91.04441672302136
-54.54577777876168
-36.04328859363013
29.83708461916504
46.7051640544409
35.76403068094115
25.01362344556739
-29.74831423989825
92.54832415783147
10.79768498817397
-62.51310896562852
7.399026897004134
-24.163300114063773
-35.41630541296547
-12.5891316299779
-69.85360273912346
30.0035491157158
78.95670675961134
-12.708966293207652
99.2242977847628
-69.48099473043136
-46.74421037902727
94.94214630771333
-14.324158995324737
-76.25120768515959
5.809281272021423
96.54953799343829
-92.55762985525358
-16.890615755892284
-74.22567427305542
-28.498991923453488
75.5305902434911
-26.661723157989996
53.934562078406486
60.624805010303504
28.615567992848128
29.25485782004165
-66.22608076060101
-27.058112665201378
96.96187658508805
-20.86772494127986
47.71236697421199
-75.87899415442219
-24.410540245774897
-83.21060344186675
63.7896137415903
46.86791000302139
-61.92093376626629
94.53688414867875
-20.268779698437342
-93.86785119360171
79.38229673896831
83.6164853925695
37.05694624327768
-15.327833346563551
-31.441827945387587
18.55667036656645
-80.18749185139677
45.50776317988954
43.129600978349515
66.45672005874991
0.4186659832603681
0.7901841614862377
58.690841121688266
-18.873838706004634
61.428425232433796
79.7985182833396
-94.39300738643486
3.6765770745066106
-99.08790896269227
-92.40704535588573
61.012157731259606
-44.10898740578135
7.793956911576032
64.34830528013165
-59.138746999850646
9.960391974481311
22.883823756005043
-1.0869259366090205
-82.21043818725431
93.84189513835332
-17.644059818418683
33.29254477413383
-26.70210320021411
-93.39713326576667
-8.188462249572197
50.24404068883527
-39.961769916458145
32.74972258582375
-68.85353474769884
5.618359153580471
-10.625841777599092
73.2345684004386
52.433708163491076
-49.781247410102814
-96.96711498576727
-57.29227593016062
81.35864010143604
84.347562176861
-92.59183890856724
29.805884844418983
38.28239034431735
-81.33214342294917
77.77839597933618
-76.60327492571676
-69.90994150890359
21.958145177482848
-98.98810757869335
-3.7455989954530367
-51.717468742958395
82.98634955902858
-49.74336983607899
67.90508004165272
-4.226117572258261
51.8263779893046
-10.654028987277826
12.523663886109858
91.38635297054753
75.31385997193712
-91.4836719931219
-53.76040342272981
-97.3836720372306
-1.9805611600401534
25.68251541489252
63.21607496192334
50.40604542977212
36.021269077547345
80.83609776005744
-45.30639266485568
88.58593218705991
-75.05422475598684
42.12458856821772
-16.16248587582372
45.9648150121873
0.3867566911902145
67.96747985155284
34.45612131206144
92.05353824945672
-48.88975794118649
-91.6865874554552
54.18193068601238
-11.030051603656148
44.290286015194056
-17.859650702461167
-93.74564674363455
-48.93663392800867
29.811744561562534
-75.46514221676885
48.21932084696087
-66.78691049292418
-88.22093680271507
27.68197008712778
70.3628621221209
-36.390377592701206
55.41249392702872
0.16712600925914955
-61.378284575658306
77.400890553641
87.33274915333689
70.28350621709097
18.247469643463134
-58.13330938360877
31.8337213714876
72.46968949743535
31.31057885683117
24.4278502750269
-64.10217486579057
-7.835703553587507
-79.72751142588972
-8.672229469894546
81.18110125759492
-3.3376553378688527
76.24045847242749
-18.292630920082217
-95.30316095348206
-0.7724468583723052
61.54389426721909
71.99014439718687
-62.98765176513239
70.3024621849336
64.33054072042205
1.3761588722990723
42.19624041098078
15.12820780791624
4.48057370155324
1.114798426765006
74.18274398132826
-18.933701288840183
12.387518494560638
-88.71289827840943
-38.204736284119534
54.643839580476396
39.78315819490879
-99.57867226989589
-26.358485829037107
-51.8955425007507
32.26399489530857
-17.41306633746231
-47.148702774015725
78.88221736380672
-42.23881720276137
46.29755298702693
48.39298711192461
59.05142520130141
-21.634405981159972
77.49568639444226
48.167850036397624
77.393683639333
-22.857661530348736
68.75871107860763
-29.77855614675886
70.19031286621308
32.203108174675066
-45.167404580042756
88.84528344655737
69.0057160081522
93.7579231934343
-75.26577108029929
92.72810484073975
1.6593613546314714
-41.4892743882342
-46.88207080990896
10.626460187764053
0.7911832273861563
49.21740165048641
13.41509480365643
-59.55569798132141
1.638266755553758
99.5401169665817
-0.15044731317559012
4.782176870541434
-75.35749373662514
19.055858719835044
17.396674299657604
-25.872852790882163
22.068838398355425
-69.11853178052957
-62.20835434553369
24.71967045460157
76.83939680739391
-68.45132278004996
1.665685468027192
-95.72234985621932
95.41028047448799
-57.69472709302943
85.70039115761287
46.8588511911573
34.777027525397784
-93.66838720925588
-69.78737672090463
-89.22906174689808
67.42037400744243
46.98611899938683
17.13494089157072
37.024656399101616
-22.39694879019072
-95.23767378294244
-31.893763146297346
84.78655244402117
26.419313097737103
-89.54799465917016
76.26309954152461
-23.500369320152757
48.96277424523552
88.28163240696225
-98.69684859686294
2.2629727159092
57.672387674948936
31.359440639772288
-39.82144904798921
-91.6939967153331
-2.3010404903461676
-39.02742363987186
-42.58750945643115
-53.565033968393095
41.73999075290698
-25.71941619692592
-13.983988325333783
-97.72959241617104
52.53832208409716
43.54626908749748
97.05726672320648
-33.983135767246836
-79.09704962691254
-70.00545721166813
-51.682949570966464
-73.38427414879942
78.50961231378719
18.282667006405973
96.1558371262092
-47.25213379295976
44.38607026325815
-57.12208923440527
-4.838371135235818
64.682568071854
81.7255613749293
-56.332180880705394
-57.16691188309695
50.86979289198746
12.69689410089481
51.636661948792494
-36.02390940687539
-67.04905001988311
-18.50470270995504
16.52729704294657
7.066690384575125
-7.542221481823972
49.40654650082317
-66.33003932043536
-47.242115086021656
-53.36019990728733
12.252336468217706
-27.539378627648304
8.230506006701503
43.485127885128776
-20.579112071122267
93.4916963227073
-75.16705655616835
-35.14605541583637
-36.508446396713914
-82.79291361563041
1.8440695611039644
-81.89096653625359
53.972810139643315
12.77542983087531
-93.20498857114461
-72.21690278332869
-34.779200775333095
16.68322846423844
-20.792614111840805
-96.87635218347452
48.18782874194795
3.2296303537989246
-47.80810669986757
-74.3799843119379
-5.694557354674572
-39.52476067205235
34.985829565383995
-55.316711599564194
-11.637765385503698
3.307937560422687
4.563683306980664
62.84327127871191
-93.5533089228511
20.687957375453593
13.680851868982018
7.758550889341677
18.527005078933456
29.05834260556415
-75.41837221136369
37.12905119140228
80.09821344907627
-8.660488822569533
-40.279582806754235
36.78653988916142
-67.87462031343689
-7.8912068014171695
-97.22895027782914
70.99737069461719
-59.924587949825515
87.01236442583465
50.30552784863261
-34.50897618472632
72.76921691894859
48.25693957108703
71.40096074014326
75.64812813473034
84.50466653057214
-84.33068550024447
-94.80366096557195
-35.3285557303642
-32.33030501674787
-73.57042710162345
78.67507749779509
33.60130833987509
3.238731732130077
-95.09265617778846
-17.42723917224025
98.6579719973007
-11.046627037972428
-0.35528183361329013
87.20624964433719
72.67156226209852
44.097891078319265
-80.3364157500035
-94.38916072981178
54.65513103892857
28.100326679247814
-33.430273426407126
84.98521522167201
-85.73105559381413
65.9858288229565
-2.8894019460085474
27.62540085416734
-54.36918904091088
91.22269658215444
-29.273509787487754
54.291438630167335
55.484189066007104
10.467128083144502
-55.001464844934574
58.58192347436284
-8.155508002116392
-63.69897024960207
-6.349643075395292
-69.12228389913149
-69.84113600433955
30.844598889752092
-74.32712946961965
25.752305147452475
60.41865960567526
-9.63639970463548
92.6655625252157
-81.56148090454269
-12.781077623532667
46.798885463889604
62.19374454671251
-19.37560913439296
-40.93370236385168
-24.248319233650207
61.54688507835397
-86.40624219908852
43.008570361849195
15.574159216179837
-8.816893579662462
-11.822755810261285
1.8962327361588223
58.81905595505819
-99.86983411238994
34.615102802950474
79.54318116482122
-69.73155968709648
-34.883112620147344
3.6322453537322588
-35.12049423184054
-61.41463366203808
-99.65937270660473
