-95.044840565147
-84.3877579197776
-21.557271132723884
-18.278849507437414
22.6495955540084
-1.5513694160824514
29.75702826157743
-40.223135352969976
91.85344178371432
-71.27302526284937
-89.63022466061463
72.17838931511054
-7.2789478752006005
79.26162520693228
6.010438733362918
67.84246274255213
-37.58729869308011
38.151972163541586
-93.94249132409387
54.57903417409858
75.06769588640424
-13.548946779920641
6.85479425478708
60.75849313788939
36.314854845802785
42.43391512198821
-86.58848233732867
35.702089453067686
-21.406050729796405
-27.04445117446656
-22.145934239061035
99.1503151165476
13.03472187618378
6.894196136961938
-25.86582526000818
15.054289278976114
34.00546446978973
13.48654648813104
75.39430489994857
-43.88262888709982
52.65515636114844
21.46936536618223
-94.13158137393067
-50.57306955266547
-85.25739886849944
89.9635255830907
-40.400133334540136
10.074913740392915
44.40217637307745
-34.31326456625261
99.16515158236686
48.53883934841605
70.25555187966799
-60.125877145450076
4.956735440700214
-2.7228903204115937
-18.548934630365977
44.106740737356375
-12.531445336143605
74.3822453834336
-30.75530909887125
-35.40830029222994
-51.27136039570035
-22.331399859428956
79.39207639492255
21.055264613665074
-10.606597396669187
23.89665401743453
89.61327465155651
31.048884023032798
79.3501192548585
-91.59536816801293
29.24931145437182
78.77415428240505
-29.618111871018186
-16.460414109000496
-55.1522947518327
-11.111009598723442
-64.7767177292955
61.99503894484778
61.29945776698668
-94.90920822342852
13.282451037856575
60.873095196669794
-68.25948428653487
28.934010078414587
27.857495346912174
96.34833468175543
-69.40198345403846
-21.073924614807197
50.44908862300926
94.20338826068985
60.063406002576215
49.25385525553176
-33.01902981764859
26.713893330475543
-45.43273337951366
17.572386628684484
76.46940357802129
-36.76227403685424
-28.0580156495694
-86.79979440118579
-12.82551349778629
34.89342889644189
56.10226131546378
28.865574499949247
-69.42909666675523
-74.00816383756128
34.188280333903776
14.746123166734776
44.03565826338638
-88.72323769770985
6.444014077585635
-99.5575170041632
57.10203754157371
69.58829025712751
94.35906265405859
35.634872591817896
-61.38335416278653
-88.51952047504095
-71.93051813484374
32.135496494124425
-28.398785578650305
40.61229653190486
5.85951087789212
-78.57522492618216
11.031937054185832
8.153882277499847
40.28347693484969
43.26870206982184
36.399061722649236
-56.46800436647339
-24.013231228890163
34.338275037731734
-99.42319592746793
-2.308911687947173
-24.44223247350041
82.57711140350114
-50.43437934174728
71.84772747014273
-5.37410132375355
-92.05363319773885
75.55936919718104
-74.99171746571484
71.81197875441038
17.96498458557511
-32.79635421542835
-94.24791991962694
-31.58999768716619
78.9698395295035
25.771567172175722
-44.6763838403949
41.43432059729321
54.13661632917791
-60.04825384615779
-72.22240661067917
-4.165487246144622
25.54165499932199
-35.312128708347345
-49.484584928734776
74.55862861015231
52.145449884969594
-21.5400337761819
-9.761983160627224
-72.63499370996328
-1.2455639752211027
-41.385578308054804
81.83887413388291
-54.97281532887841
-40.4689428755189
57.40790951175268
57.776110492306856
-49.75698529320016
-22.77658978869617
-0.41696381800990423
-87.93801909202821
16.316765115110016
-58.84036393191716
4.937219244375399
55.423374621648435
59.5571154235175
82.46967368385128
-44.62185312584319
80.04209477563913
32.976795909366274
-31.811358000614945
-60.30106448293209
-35.873789518939006
61.096706655036314
94.1595819711008
34.82825561388057
-7.882954165712363
27.78659855388659
-40.10923101847226
13.527480754314936
-28.152537906290746
-3.0265149021112165
13.637941935000029
-52.059818370600496
-35.66384057389598
-88.93037578476427
81.27917290214012
66.87198672153491
-65.2586071024405
-29.170607797221606
98.42528206588545
-91.85452079783603
-47.93893687582125
-98.2982402457852
1.2274872373936745
24.168803551146993
-0.645889809665249
-83.106430042255
-45.064835682446855
-9.395787268096939
-37.9987886775494
-18.788319140819624
-17.057767686255858
-82.79521952458225
30.3124937173925
-76.05936582591826
70.57092208123672
56.3857594365912
66.48629350309719
82.57275808352398
-82.60961611904972
-50.55648310588812
-37.15170710028228
-31.531788490967955
-85.34187381185652
-72.51650556325214
-24.674000676183596
-12.665419764710293
-86.9604363026717
-34.487508853704014
-45.22153203668155
-35.24710825185812
-16.624335885957635
82.34247348115647
95.05483133168477
12.429099069730555
4.7889029060298896
51.894316221649404
-23.509433466510927
-39.127983665460754
4.846612808208974
26.148298759998866
29.268115820803956
-24.049305678619334
33.49842548429743
51.13067824536378
29.157164190327507
61.94259286043163
-4.1575051203365945
12.689504225355023
-56.50726108531856
-48.73319090987711
-29.89605100163466
84.26335519880493
55.93897591455962
-44.93755928182761
-86.43229150761987
-18.962116253176077
-25.713660511563546
88.22037683501415
-70.2935903651049
-15.340755672085521
-97.10212582568425
-19.353977845878134
-61.5003089902632
18.803138217258407
-67.16683440054368
-36.41083864699384
53.048128921384546
-91.32025766964651
-77.10955731248166
38.89472909823945
-63.52258626891319
-7.67960334157398
12.60145891310016
-22.419048358590345
-95.24899013917256
-88.27233313191087
-86.88884642580277
-5.372529413063944
-91.67565519798424
-25.48193398587459
52.43427066175883
41.187577482277334
-17.1429289548592
-38.11204302872384
-52.021931090304264
-10.119217314381146
59.63972073064326
-3.151620016434748
21.272173665181214
-93.33876131675254
25.251749840052824
-96.64354144456549
-4.309005636580338
26.638864824738533
-1.3463392646498278
-84.52844969051165
-79.74479713998144
80.54807354601587
-57.94371070730653
87.56537041998038
-43.5067416972897
-67.49059569302855
13.439406390078233
0.6224513402238046
-66.59766914211627
-70.2780086836341
69.98945836117983
-74.52822678521031
-97.81094238620199
15.42233394447851
2.407260720627363
-88.53055003776953
-92.90314718503625
51.558718656112916
14.464213549503583
43.16358673211499
93.66732977284622
31.122221787759486
38.79212349007079
66.47814614989062
-90.2650397399624
-64.64345482775589
51.107206605513056
92.60897715459282
-54.071881202221306
-5.534818487262243
-44.72773440715354
-2.675311415277349
-38.45410365911213
61.734874631219014
37.928743788470115
-68.12760640801403
-79.75640506667821
54.4407708765504
39.44504257426823
44.026397428886554
-8.045702611937003
-29.65841424986027
84.23419497416816
68.55582866005867
85.8658266444719
77.79014561010442
-96.19228348402817
35.725315426667805
-65.9899362896986
-58.66771685818528
57.96895811261436
-11.281733311471825
88.42859829515933
76.26386699958869
-62.15598499887627
-44.61296713360383
2.298060080633377
70.3787934605549
-23.95472872878301
-0.8664840850983495
42.91273435317129
-29.27522806745526
23.455387784893887
-38.58276814564121
77.17590745628524
-18.322500014404582
-86.00012126162979
50.251770226346906
-48.206902724786445
24.5221300903397
38.30114374011694
53.69370427433458
50.595738335017984
12.215379926142631
-73.01721747664715
-65.6977014626047
-42.543042237574724
29.06046547437984
63.008051196739785
-4.642001922433181
-10.182343949300062
-59.70940745609625
-12.93638432067425
-29.884769900334888
-57.52220343242212
30.144630503828495
59.69191720164912
79.56868937745102
-75.88911778693259
-85.29875765581396
31.83283071538105
74.50123891766182
-68.1641686870583
78.43238457968235
33.02354577450916
-97.01757344796611
76.84774646133809
84.93704773019283
63.56601473474166
-54.754396163748
-62.96931111667794
-15.517418376953572
-39.61521462592972
-83.47178581794273
46.2146604185952
94.55623390099632
76.14693172992293
-23.95773003589305
3.772232251871003
-46.01357807593669
93.07809065541574
84.49944410295691
-93.643998067618
67.6999375414496
56.58739812323759
20.464514013886273
92.22245264977039
90.92761055377753
-91.93000787532297
31.996244690604215
64.12411877803137
-29.70108270888396
-15.250125841682816
-80.37944418545791
74.25928416027838
-34.839676858888396
51.76735397817791
9.13672312466636
-12.461107027971792
1.2461942295042263
-61.67238387391505
-34.30361030231603
48.49716300836474
68.9670817514316
42.54154450701358
29.83196186708318
32.058657323394755
-43.400186496436774
28.156848462949256
-90.09138616425258
-66.77342496905727
42.72531029523603
-34.01122461905895
69.68897771372292
-0.7832750427469364
14.267254355509195
-27.718148407928993
65.70049731538134
-14.161484947614696
-40.72965020686783
28.585067038733655
-56.88721655207958
97.57925260965888
-46.83187566819493
-35.781188472570975
62.78364549326068
11.947949457103022
-98.32696146894138
68.29897994171864
3.786671828735294
-21.875698787229
17.101886407789294
-41.64803769897168
56.36020839926806
62.95081813631961
98.74488658213903
-51.01078031418717
-38.842481297119605
-6.863984844639333
-46.850652491799075
-97.5038355691208
46.400002243909455
-37.69270186667666
-27.06163513973982
68.87743914022107
-29.43404667124328
-23.644828584186854
-18.898447289587452
-39.247280266598224
21.720384486277666
72.11732000832762
74.39759025544967
-10.060930689490704
-59.02007995460077
27.545944353486902
-83.12664091544889
-8.332804503527953
85.24183060742212
-8.297301512002008
66.07181426975893
-88.1880316485711
-43.209605609772204
-70.07855416117677
76.04978278442306
-37.707617748537835
70.1883472365256
-54.114541300154784
-50.52325646079083
-39.4237505561638
89.55175825737157
-31.26222749801009
-62.953116163384195
-23.726817690037976
19.68883824872097
-78.89296582497028
92.47376877836308
-8.472265687328104
-43.09919370625677
76.88945489283122
-75.71750100201267
-29.512226963424524
-57.1455711588589
-27.675488009111504
89.08165342839399
-37.52834408241845
-1.633977921454715
-87.317543041178
44.54733184240507
83.41624598623866
-42.280376595059565
53.23335028015913
-1.54595893012916
-33.561951336697064
-2.0821793739736734
45.10134771140525
-41.18152332225562
-42.85025101375548
-87.43143105651943
65.38107141545052
43.85754003234982
44.90011342857096
-28.58506796678246
32.29751199546095
89.91447132891946
-92.99475291361139
25.770424718029503
92.82025959092752
-60.5296201195688
43.66943255746156
-71.72274092939688
-91.27005868829188
-25.167814363853537
-12.110174547393385
96.29325632794706
90.99025055487294
-45.370697480909804
-21.187544149469502
5.910594149403181
-19.64758799100241
26.11830471521553
-46.073822596348094
32.490412990430116
-16.19849198712349
-0.49552141597999366
-82.85405052385791
16.812935122433174
52.213683561930225
-16.44487527827458
-86.02835255416272
-77.67273849169905
-25.444131955719058
62.890221290942435
-79.99480133736012
58.478811585908346
-69.56940915069842
37.288112938647544
27.999721450910357
-50.15646640615186
68.80180344151464
-77.10246003726651
-21.144686780382727
83.63486573164204
94.9861833294255
-25.07209476282941
-44.46932843688498
94.31095342823261
68.27571195109522
-14.52731516402747
63.823089245141745
-44.75712389499022
-79.97013622757288
25.776624004109962
63.34100790755417
37.04584083958386
92.47745980253009
85.00085781865258
-79.101951318219
-43.27963583468173
-62.36314413803752
17.42474146346285
-80.37142571375333
60.99644391438039
38.07309698511315
20.746793115570767
52.65678217535458
-91.13083161340548
-21.640797122679786
54.75131854418507
83.53582409162729
13.153278505758223
-45.19124265471055
44.380379562334355
76.47169594826926
84.80661645432622
82.05256571122942
75.37579722791983
86.03315016543402
-41.134600343416515
-46.02338122482137
-66.42091210727416
67.51104969612362
33.456367465634486
-21.3345603466923
-0.03316154576047836
-74.80323083237346
-49.37685452265956
75.88210176371015
58.19840818690241
-65.92049237161517
85.14895939641988
-9.263141328622226
-85.98024423746166
64.87043003951104
-72.84756989598493
56.53235473466904
-0.2234363041842613
0.1314162724668222
-51.07325575696622
-35.80405863410559
-27.3500884899682
-52.57629308878129
-62.249148942767874
51.509306454010726
64.88597780084316
-3.594467161967117
69.44473452591095
3.8604320810352846
48.9331614486903
-66.69354916280395
-26.73820198127781
74.2657068084973
27.44782187550878
72.74634897375748
13.7144782625317
-13.849979352879387
-10.294851561037177
70.95839628468099
59.147876889400976
-18.225460049840024
-34.64477701055688
-48.18866183258543
-46.48430743895089
-53.94982714279357
15.762863075601132
81.30384228713939
13.482407464540373
31.61601349791846
21.05271105037386
12.485883392567303
55.211586270855946
-53.37033547186938
-54.081190206570454
90.2645970293548
-69.41132119235618
-79.01350528026079
-32.07513937660261
-19.763319803745986
-63.66149215497661
96.3610402620856
4.086321765323191
-74.43150385438739
-24.25131470470066
8.35507528608754
-16.356021400037662
14.119453971030964
57.242892587008896
26.436329145710545
14.06615704010548
-73.54874807715312
-7.760613022616525
-4.6167624778240395
-24.851241921430002
0.8155700450608379
6.722539797805325
44.358348331518755
98.51662633972731
73.11507410124995
44.07409551022357
56.362858973056404
48.07269185513792
-10.720413120975692
48.964636517947326
-60.912933381642695
-65.52137855640163
-16.000446180976823
-56.19571927718643
-93.12655024637814
13.904848837054956
44.48672570367006
-81.54686750036467
55.177127406427076
97.01387301053995
59.938669582031594
-21.32442638441381
73.08837791415769
-94.81314998924522
-86.4090077937764
-49.56878369760531
60.778874337321156
11.5219815916453
-85.85859975919779
-92.7473311039413
-48.19122287806741
96.37769258416492
66.42183086763382
-46.019557889011
-51.0691298030892
59.13202860479677
95.90343465134268
88.12549697487253
45.44837097646786
63.96714095915942
37.755114544655044
32.04851469642372
-18.079428988844427
55.192975703695936
-67.63088074493999
-47.8419959188326
67.31886314841651
-33.38099979793742
28.885983211838067
-68.98029862568922
-35.69096705012676
43.10560479940983
-55.90328308294814
-38.98485032304095
65.87641135385147
99.54645391854044
-60.32579139122027
1.0097330009242853
-6.476429255156717
-10.1602582131286
77.89195201344191
70.85044008319136
-3.2198753722832976
92.55906142171742
-69.56354400490639
-6.181748715839049
-4.622164642723732
-59.302007271302834
-32.95017977978753
33.331845725098844
-98.52079574006554
83.17343590053537
29.2817672688075
19.295862448719504
11.98584945833845
74.54513954776434
9.349739385178452
-34.46038699050335
64.97109233036596
-12.926975483413216
49.469516887636985
22.106074461665997
-45.40440512542181
-53.81301231486435
-35.27334145467161
69.9507994632898
-76.8488867424369
-66.33355785850665
21.761851248107078
-60.88173547720754
40.7923290343378
-99.48640308336172
-81.4065170292121
-1.9565344353767955
51.03754634638159
-88.05435137476942
1.2919474616608824
-70.94060470716168
-68.5587111764984
-36.27801661446297
-16.3794934419401
35.305499880095425
-11.361296278830338
-44.44115503083215
-68.6969982747444
-18.302793299759898
50.69567722123506
-89.38255992793754
84.72324828434975
-26.442221202915576
75.97926831133347
-39.460147446720015
-51.19262482978761
34.94101142620525
-15.88296655608157
-50.65276539283899
12.012624419728766
-67.21749018166162
21.997475917646113
-29.24681347304987
-83.95996492937535
-49.14807667891814
94.42720596218135
64.99819913517481
68.28526952483674
-32.33310242591307
-47.17701012166082
28.853950560236285
-88.89784350423697
-16.803411644079816
-67.23587450536417
88.58680757939393
72.23114582356794
-55.10288771434857
79.28065009883605
-18.50501819410168
-27.614178033301954
35.1072229434736
-9.297974193809637
2.298659015367761
20.379324538282745
25.66391631824858
60.295640175390076
49.465100159879285
90.31244966862386
-23.14109280495167
-77.04607384906848
-97.35563868173868
-21.51342022945599
-97.04727876233828
72.20258461673887
-63.97432655430164
45.93013138309237
-30.036291011706552
-81.85134922824048
-54.83699681676324
28.242555867903434
-94.52291305940123
-51.695929813462804
98.6119175188681
-82.19462496365244
33.86268001268675
33.80705592103149
41.63210546740606
-8.041320516089428
23.394100807677034
-70.43677885205852
-34.153717612987094
71.80637367332639
25.55606148054987
60.85075712613147
25.984124762748095
-97.89725370884707
-51.37860293183236
26.77016462249098
-11.65198395534614
-26.859871716691373
-13.344451832108945
99.99746105291882
-18.982196997583884
8.610909194038328
-79.99079833316799
-77.8010500236739
71.80082932966053
0.6014768523128424
-74.98261601727114
89.12505654631678
-8.720393142372387
-24.01599222692792
-68.91258901861215
73.85304393053923
-94.24304916872825
3.243402932757931
7.185247621413993
-60.407873297320606
-70.24949614882622
26.050317177109463
87.9295466283908
52.08761585147957
-61.113883074101594
44.475417164452125
-55.79037597548246
97.59307933152638
28.608115077628526
-72.67056388910945
23.457338102520907
-13.579695007243672
97.18043214140343
-99.96688470512795
-58.03487304801747
-86.62904955463748
-87.0587071304346
3.571452035103647
-59.428313295114506
-87.54276150448203
-79.03011762724495
63.77750976730161
19.41791634874042
-75.6817718329694
-1.4543587334909347
-80.85065173184134
17.96412103260809
48.36599565910839
-5.952494367924402
-57.83976772593719
74.26897918417316
-11.306249717266013
-62.57652521237922
23.715545290810994
84.25481295724464
68.8931374590154
-99.57173902724075
30.22144891246137
13.149180283548105
-66.57826137301788
7.95675082664053
90.30694654815304
83.62197425350749
85.30683657612263
94.91020651221717
99.17603073062799
37.053488270447446
72.31331585459881
41.881237834263686
-92.03447378169156
-83.9433157065271
-15.664625501612875
-61.91259263966713
-45.12452234569495
-8.482584955328036
-47.56583024770582
-48.80000132078004
-24.552265759198377
15.224714688700658
33.25716676911904
-58.60699416493138
39.80388841618691
43.32974924177654
-43.08623868763108
94.19999074689537
-54.73057836105348
51.987883942518806
86.05466948707871
-15.163114486888588
-84.52689874987094
63.45041835556077
8.348526067437305
-84.88540581094401
-72.22570303597793
-28.178099939488988
-2.1422419567320787
49.75111624498766
-67.27298100955977
69.50025786210284
6.637048019865361
-4.130787704536559
-74.48819921724963
-86.42853525424694
33.39236156892616
8.830926546634359
-93.85425135307253
-26.67707206993404
-56.348488228918136
-36.53298516891497
32.20382940122073
-35.2526731620564
-87.09514226626074
19.270424654891954
-74.54795289964271
-95.38738711755919
42.431551369344504
-56.97039303227995
-60.36051166827225
-24.630224989460032
-65.3468170818557
-6.06142481357486
-11.564572518193188
27.447654333302168
81.31459495743965
45.950110128439576
-47.59309111846379
-23.259681824164574
-39.43148369196763
67.79210315412064
-72.3173791846745
-0.25979251542074167
8.02273161970757
-90.76356364621377
-40.29729027232316
97.13420945538635
47.61961865944215
69.97450674870456
-41.5633632272361
-13.335001212759636
-33.29559091713415
