-55.535237856440034
15.400864747130555
35.21766282479376
-7.979761085660456
45.40572140799355
-42.98557340906059
-40.13539346784094
31.22453860323938
-68.21153702199128
85.60749039413909
30.64248978787606
25.546509338559815
-35.8184083881889
-37.081401390704414
75.161367848721
-63.91075133095858
-1.512559889344331
3.3322199004760478
2.520821280089862
68.14382821345794
-52.728031993394175
79.62874746319412
-57.466019288497264
38.15884927855012
-56.65238551102401
76.13656144181593
-52.04302785211061
49.242029608645055
33.80156411951495
48.4901461649747
56.70442689735603
74.35825159848719
-7.1414917525370925
-15.020357857929127
98.83414931223734
-90.44469678941194
-30.87212028568939
53.358125439172255
89.21760110755741
-42.077716953151366
39.37283009550117
17.645690312178132
44.251823952668246
-60.95592384327968
68.12013403642825
-16.407699178999408
16.391387040356562
-79.82015846172897
-13.842141918393054
54.13771658702916
47.30199304409484
-74.5827514276146
95.86887066528917
91.07620465869059
48.15927046542333
27.91730797221848
-6.867909444506708
50.11180670538721
-62.39355043870554
62.77077337795578
87.16991493958784
-66.08690574828509
-36.84651136046584
-22.99194656311427
-28.2615679175602
-8.151658786396723
26.280478121888095
-20.915521720729146
82.99959321187694
96.74523119487188
-13.161142778042901
51.30527737856721
6.714996450141911
-26.95409675231116
-70.43472659087689
-47.41845947848233
-53.195132509135476
-82.35485254272777
-98.86558217332436
41.49113657541207
-5.088681743265113
4.698531247535982
-70.6303041181342
-92.80448150410872
38.17654023955819
41.07425176311591
97.22079875881232
47.233418618552776
-86.56501963247909
64.58615494263424
-40.15861194145025
-95.1752940781643
5.244634516673614
86.514690463649
27.371414517594815
-60.877332950321005
-29.52465562563222
-41.50459420270107
-2.488284749548029
45.11141141625333
93.14613454921383
-70.31596106406226
15.900088474129092
62.38440731616237
-95.94693277779895
46.78060075085111
-64.94936961096022
1.4660814828896491
-39.79341666179141
-73.46511366658126
-39.360303772052106
87.10398824370841
42.33505926071854
99.39196639755548
3.2045833318144616
-53.502342726920446
-17.789350915423597
59.17619723772677
-95.83330519350086
-83.52200520520176
-65.82612005718994
-99.75548046635272
-70.89998818522545
86.53854679877244
38.121451238081306
-39.50257472738874
96.6578954502198
-76.70453091303291
25.424178696882095
-73.95411351097002
63.1278805129144
60.787443811169254
41.13112710313635
-48.253755811578756
13.226848470921198
-15.353130232992854
86.82253831557242
-89.62466220377456
-9.33765544904928
-84.50127180988866
-89.16416736365704
64.43049204745193
64.91338359741033
-23.53294131320945
-85.74494203842369
-2.0761788207429532
31.304345873355146
-84.10569512311005
47.6607035735249
-72.38957050098594
48.86159687751331
33.27120783231129
84.29407414386651
-47.12061559851606
22.90274472448928
-53.48388732201954
-95.8241587502858
-97.94848785396117
-89.04382559371538
94.87683631439262
78.55221453360147
-58.72693804980074
-12.26231589833364
1.8504575398879126
-79.19938563098303
-65.52890149802116
87.05159336671957
-74.78640388535447
97.16455203956761
-49.49560835319207
-6.055409743805029
20.26559977114131
66.87409843403461
-5.1879230957446225
2.7790081439113266
-74.22577141807005
-35.04259982868341
-25.137496921507747
-69.56635056004652
26.060603675188815
-89.650942040599
44.85136001894409
38.08757537485806
18.832274198715453
92.82488112135081
93.23994892835009
7.567108596504042
-48.183891191798246
-61.53229770995967
5.649745302348009
-87.8585802336636
15.925659893742534
-27.637108117163265
81.84732629995005
-38.72741015032168
56.25376667660248
-47.02738318155353
-5.515628917469854
-21.501601335787115
29.338862599759864
32.40555894132072
56.60718745587346
17.49637516363825
29.96742460312086
-66.6313364504314
43.972515948038705
-28.343502119857362
-52.86153346754205
-91.73747494188964
-90.04062597865146
81.83529550917575
21.769599475508855
-19.816487018366445
-40.114125967828215
39.015265985198226
53.872033951460395
24.681395037465848
51.09409347424753
57.1678870862211
69.3262274999544
-73.6440704881315
-56.799479630226934
-28.10091916159132
-60.236595380956274
-11.723068523378927
-54.347038407581664
63.874922595751116
-67.99005041316536
-27.558180825645096
39.2983453081238
15.382156448218367
-31.140028409164614
-76.6545255576525
-65.88725221876138
82.40177829272227
11.391524002534055
-94.66856950379317
59.08641317664302
0.8980877653526704
-45.783898495585106
-70.61411184565081
-22.395557296340556
-45.371574167165264
-33.93341673130877
68.25737618585555
25.274863590651165
-55.28229379123606
73.324816271956
-35.881764924655556
-70.296413138194
-63.58817956861817
61.84240820741172
53.23129442355565
-6.200536165430364
80.2575250134206
36.3808992060095
-22.312043147855505
-74.1227021677007
-74.40184618916699
-0.06548798874075601
41.86776835366328
1.433608880831457
-37.26401777096682
62.84272380064314
70.86675559005673
1.6601897593413497
23.825609254508805
4.147263817356347
70.62502451764311
70.00528666790123
36.94656447035405
-81.2042753739643
58.140082246089435
-12.61597765264679
-94.00167654344213
-25.81547711259489
47.32255436045534
-58.91345084131967
40.4848131192968
25.18541816998072
68.21505108027117
-27.49385831647328
90.30031629629116
-30.379013287199612
-11.849606549757908
85.63255901037621
-46.09488587492301
-89.85319449362083
-15.33348171590221
94.33645511886925
7.188222280750111
74.86819530175762
79.7045087178193
-73.72802055085003
75.51320629179096
26.270932867814906
90.36966666234122
-24.43677246406972
43.259964720596855
-4.266777379328829
-72.03510261936852
-57.70366320217049
43.66762323674328
43.82399434729547
93.25078542417157
-50.015490775586
-38.96251326224422
30.63990373112634
10.195679800600189
72.87693911735872
-54.03401358153306
10.173192910778369
99.7286982706456
6.81873882914536
-48.7196175112393
24.209497608577777
94.17095173454163
73.1521473492918
34.333003655266566
-33.86988289847113
-56.25640579219391
5.033875996523648
52.13908364282983
-65.60728017793016
-31.42516678125962
-10.632973266451785
17.62170171058635
-31.07512634562086
97.53734098975951
-85.84296746103593
-87.01928090339439
-69.22242744773384
47.127786656719536
-34.74659098006107
-10.120230753865584
-84.03687111522169
-74.98686012877383
-97.33828435879883
82.45420832595335
48.65824667626251
-21.3845665343829
-28.639193009602565
90.96096286285106
-93.64490338027561
82.20695079107338
-92.25688787712578
-57.89929602285129
-31.66528209662161
15.59410398688243
-25.63341383126314
-98.84684154842505
-69.13409894117174
-23.032611274413966
86.77752340882236
98.97480638391019
-51.59988814606669
-7.851330839035953
-33.72535080159258
37.21053717245363
33.275715601177296
-25.543502696889163
-99.9427349972658
12.203235434721506
87.06250095762911
18.375148689382442
69.64128777665437
-34.922974657699115
-80.53517395824683
85.92556650623331
11.199518563172944
38.636930451962286
95.37165839604566
7.427634668257468
-16.224195535983625
-45.68699927828253
21.204829962056067
29.105089989387892
15.046136822404435
-11.88521479856675
-15.715861032442291
24.972276547026098
-88.25309304213016
96.10443022992584
52.97857053017913
-38.19871813419549
-60.845621514793955
13.856231334835954
-38.09827351585944
-34.87944221486346
-71.62736419176798
4.3346967583967455
-80.77250702143948
61.95436836207497
19.442775352287356
-32.50009003805454
-57.12543991618375
26.007644621927213
-27.237091352902
-1.0992234762411783
-51.75400478030694
-95.89094233855047
-7.828121017333871
-49.48308184442898
53.46368187217692
76.3787219502725
-72.91403068743627
-62.752349632695385
-45.17889023947524
20.968923169163006
-74.35682411446064
-76.14621245932113
-88.04107001636152
73.48161782128108
-89.26999997784367
77.93119455558647
27.14708355656694
-28.413637010088138
-30.041083985674817
80.2001186597081
-30.66306573354531
99.77871512428248
-34.01176134781234
-90.14840906570096
-11.637812944773643
-74.76735469773288
10.363779119739647
-65.7139869258901
-0.7922456365937194
-61.26506945625121
-89.68921058534691
-3.7286374178847126
-71.47903446063633
17.279104547220484
-75.49940096461229
-28.76857730147988
-14.485054198314714
1.9571306135091078
-21.131656939298153
42.70064483658831
-79.7251414923051
-85.60631766182672
-43.12442014011661
99.67540070842665
99.5791723180082
93.86953176861971
10.543248684188143
-91.21816778977352
-15.50063010434613
-39.51826798300944
-24.759299128304875
-65.48014738845922
-19.516228995713732
-66.8072223146136
-87.13120984621912
-88.9597631775692
-1.160433810459466
-47.88940376482633
-69.69020892208093
-79.61046494215452
-71.05437609568462
61.879988026392795
94.66019595050591
-57.32610733216972
18.99336762373656
50.553996212461186
57.99558926375721
13.014995635246834
-31.507480072095433
50.21204049185417
79.52503536603217
10.822231004204667
-50.04982279008119
45.43851278836516
-10.003470815353069
-5.964507636085472
18.140896119007905
-98.56710482456275
-56.73836602677929
9.03556602451114
-47.52560386220681
76.63570380062163
54.31017625674869
-72.3633673990264
-17.864522974875996
25.914566644973533
-63.926937155877674
78.1657755618462
-82.63621209758807
74.32927714914459
83.66036972864086
-44.292930002938306
26.221154511902583
-97.75940939285937
62.4451912455458
91.992051329607
71.76946462516099
67.21453004183095
19.91809060524467
51.82400580871973
1.0193298091759146
-9.667779064969409
-75.28111424709022
-94.64378659712503
87.73069092374985
-5.65951568403662
-93.31261932163761
47.83529828338942
2.147787650641277
-42.3950905267505
-52.380006122567124
-45.31220495672264
4.548180673878804
17.523156331887918
-37.965794876722136
27.913160956337776
59.945620614313924
-97.3514521739117
33.46714655069448
21.831932258430726
-16.206305850985032
15.258586615302619
65.81633085993363
34.34491078426899
-30.2711621627475
-63.32479087402527
6.8131646052195265
-11.11905268002063
-47.78946667150918
28.697781212161544
61.2455731995542
72.43594453262173
-14.751702033080122
87.67830879333042
92.71965834225014
80.48258943358755
26.794037351650317
96.39009674635724
-33.22540706625858
78.83412638620476
-13.04369521079596
-56.15038539429105
27.010071758133975
78.51187886671613
13.608972121179889
-73.60078583725169
-54.37748627794872
22.226314974487323
-87.85768016337468
-18.5815521129515
99.6281326476213
-10.483308876137045
-32.589065086903645
16.135267230650044
-14.05219947958787
-76.9777460227034
58.66190121459661
-81.4325095496601
82.63903738377849
20.0670216451893
53.94806085261965
73.63184696748024
43.553554774407246
1.4717941498604006
85.00605389937667
-90.91975726551611
31.830064448563633
66.26713990145441
77.78524733783408
14.382987241546203
-65.52662906054331
13.004303766686533
-74.26617898045593
77.85808761328875
-90.78896952592162
-33.41998065352013
-58.53388430340398
51.386335706533345
40.43015087518927
-11.535504697177473
-58.14006015045538
-11.689341870312717
94.11393893925919
67.21316796911228
18.891595674476875
87.86704860107338
53.121781323433936
-30.475402170987437
-0.9798724682049738
-63.23633318931678
78.05708150909348
-31.396988023122674
-43.992001689172746
78.36927184766469
34.55543740247586
58.7505340108755
22.430740166113424
-6.182613316446833
46.46175343953027
-88.87458597705378
97.72633374973088
-71.3907034322929
-38.5326456448911
17.310556230365677
84.69487380344779
-83.04544723084547
-36.14830163482472
16.337700245335313
-54.77353956784401
-96.86927191205636
18.332954754510084
-36.46743409903852
-6.9172439208796845
-93.18027220581672
15.75837623455385
33.70097263620133
47.946506169329666
-25.32577968767258
52.1514461521312
81.15922843534486
-92.75103217826369
32.68755544543987
26.608621579275464
77.77599274445313
-54.372340419821526
7.654487254516226
-50.16227731391816
-77.28424934496434
-9.910429947604797
37.64745849926706
-68.93724465390733
-75.46857757306469
-1.2475954429044265
2.4050645537739683
92.60289244312224
-88.26192584665044
98.2035024802035
-18.651523079734275
-68.99758150245071
-60.25218721386787
-91.42901051529915
-7.607625029261982
86.49868056672437
-20.719463761754795
58.4534224246824
35.04378865923107
-46.135098029999845
46.47526431309953
16.485478856187072
-95.38792111045666
-15.99490348881507
-75.31662918475647
98.25847436394218
-22.827284434038404
-50.73426204330546
-78.61536516101339
-95.88674870765416
-37.11862684798437
-18.162160192028765
80.00035373944038
17.864007133468903
-90.85521199958548
-36.992936787359845
-60.4060341313696
75.58282346691126
-34.40627275313028
-34.48375392248364
-21.306253546630288
72.36213220155253
62.80714926375845
-76.37911440460954
-88.48260176533267
-48.63172853289461
-26.78600861914731
46.91693677463948
-12.610974652415834
11.424306661347899
15.42132301201562
31.30311348938139
-52.312229182726135
-74.23587598719294
25.74091489249659
88.41058022531595
-38.068300829592246
-4.925911758186501
91.48775304267946
-4.786089934135319
-86.17546228552905
31.51265903428572
47.8154927615783
45.6648568743571
4.435573899722826
-47.43381544794478
30.54559342158933
-47.117650547501654
91.73657217208284
30.505971438556116
72.81410435280088
-7.3604185058746765
16.002451775079663
60.61647086611481
-17.463854392911827
-74.5929479631285
63.98398270378544
-3.4289356664546773
-86.07080119497672
93.85431424276902
13.704717178296846
53.92933016129962
-31.760474135227895
-53.25632009029506
-5.512367561305638
-96.5572442700656
94.64636285973438
16.650117382638356
2.102257836979703
30.565896753223882
-45.82225059853804
-12.448564147847563
-5.589554208128348
-26.54821729802495
-76.13961828542573
-6.6339810375528
-90.2320169381736
85.95233634578366
93.05932809271349
44.87283256727878
50.49239309434449
73.20443106068936
63.58804470986331
25.701567527721508
84.07010533427075
-56.20368851348696
59.93977153276589
-56.5071088389681
-7.9921718294154545
-99.24019482223711
-35.840081905376934
15.469984852321389
-59.764941465159474
-86.75950737696459
72.19266464819196
-3.8860153312737253
-12.82601412820685
76.0491499520613
19.795444719646383
-94.86068311488003
65.6494331204822
-55.93355334579382
7.239592048445843
-2.2003725800851015
68.21469932462546
-82.82147206244974
-83.33942487264613
-32.18232073287375
-35.29830832125607
-67.58061456976992
-35.68105636985173
20.97025787244644
-31.965040571626147
-81.62886874798212
44.778750749992895
51.83429909663465
22.74461689435296
-78.48420820553818
44.05879344714839
49.11178445489739
-80.5695857900818
-73.44080708300751
-19.979959199233562
40.8284288091273
98.02466756256501
-30.71400883197917
-1.7055908268630162
-60.58624842144695
36.2949545273203
-84.97955696564009
-22.21404885758689
15.891289891185451
76.1459821154711
5.283823382465329
-79.76611720055365
61.381115407246654
27.207344473401477
88.25288646602533
-28.42166405651922
31.09030252708004
29.43537191797725
-9.852667454716112
95.97833344784777
22.761876993990995
-78.45575427196296
-9.123744168041398
-51.9570204874237
-35.62029785534901
-84.90610437499917
-80.29641439088047
-65.43306261018677
-69.43280161404644
-89.98865176349555
-68.79897499236382
-14.404540387595958
-77.66290531285829
46.834742823739646
-40.444379307300274
31.447049142191446
-49.096122321261014
69.3366779590933
66.29562024565018
-46.63056358291355
-54.22301489087891
61.725445211285546
82.76457369450424
-66.39671763219329
-26.57807842906601
-5.503586329569359
3.8998082834882837
75.28263465664799
58.36429958025957
-90.33163911980355
86.45558784762471
20.508758744431148
71.50454985857891
-98.48519969727445
44.5796495227126
57.37324740861959
-50.491295300554405
-10.977478929376701
-38.894053778216374
24.402862364427392
-7.8072580906401186
-7.281594134887342
26.338529015556404
-77.92547742662859
92.55209306841644
14.812180665799318
89.63993716470384
83.31070640579205
67.11461604207304
-70.604945103034
46.34550698420381
85.04495298989414
-61.17589707243092
47.12648278819506
55.32415292088001
16.174610620497788
62.637157980448194
-70.9726737439667
-5.2290225210111885
50.956708955912546
56.99482829398244
50.79477815204879
92.82684725866324
-64.09802702702015
59.059918340214665
-11.566024006227721
-84.1137741819444
-52.99789199178324
40.62762723850736
-52.81430988692477
67.7271621027883
-20.390545155084055
-23.775192316590392
-24.21711108621811
37.81725809689266
21.97636780528896
-50.98957592280744
28.631722045708784
80.49920348522824
-68.99394229327392
-5.020149203082823
94.31321922289973
-22.129022802522115
-78.93761049414024
-67.83999823882583
-46.62939687712391
30.216469397848414
2.644299238503507
-15.194617070810978
57.27845464336659
-81.83876509361407
98.72627126906269
94.25197274648201
89.03736282180114
39.85456173253925
78.99792886416418
-27.676489916512864
11.259087159028098
57.682875561982286
8.294165734423899
92.13028905877962
-62.553651821809964
-76.17021912356638
94.54235899837965
82.96364277367067
59.824865433478834
75.04268269398148
-55.26148049601716
-59.045456654428705
-90.45210404111819
2.626042421984323
33.94830208490734
-11.467126145019563
8.335714183069626
87.85241255175885
19.007263670925482
93.10472551532595
67.2807475028182
-37.83749559993195
61.64522587501045
10.851582568624124
-73.40972344815717
53.94475087264442
-91.0982055885361
-7.031694223125967
52.57407628208338
-74.93444466829875
-30.934425972066748
-49.52081204406247
-70.13026645595828
14.204834832784343
83.75167682776825
-96.89385056666957
-81.20367472687121
7.664639506822255
87.2899656126256
95.76246579775963
-87.14220265535093
63.68748085039735
36.85063571493333
-74.88907189563989
-2.0469979697940346
12.977883475774348
71.79917504189092
34.96434117765105
-68.17448679547253
97.42280174508471
-76.27890628665807
-59.55638901376774
57.5912698056903
-75.03531688682142
-8.477628758190122
91.72382916881213
-55.73344545200018
-10.70755986854121
68.4344689259317
-92.79081621499918
61.79560779713776
56.1145351562439
-96.89448005678116
-41.777774608118314
-41.278923669904465
-39.681976361796224
-79.3613027035794
-1.4059096354245781
94.85392782769753
49.5222633717826
75.68399032710741
-43.23342327383675
-62.857534968780456
-70.41358414706407
70.46877629234308
15.68830513150381
19.095896320090077
-9.936342040133255
-60.334351322188716
-99.945975655407
64.33050624749134
19.49143907283988
-66.29350971844764
91.58367383714159
-38.374740491783264
74.11862065474469
-75.44542516986219
-42.89770379160325
15.443485064902902
58.071800666620675
27.345612462945823
-63.09670713228699
47.70607435735673
-58.37317618254805
-32.87626275005093
-34.06692000564375
-68.88885378553
-5.3512581043245575
-33.662272445942335
-64.15936488951533
-81.26937165981256
53.825722266444274
6.007408259877309
-46.739941997470936
-80.8562407057795
-99.0125214271828
77.38041570199837
-22.000102045431944
18.820402412951978
62.25932986949687
-90.31313184297753
-4.404127845169199
42.24262609765779
-40.81309852340278
