-60.93952950951642
-93.88867993071885
35.86278136154556
-97.84536387439759
82.712650648996
21.083085460277104
62.21376544758371
47.94973358443241
94.21729485138991
80.55079373268401
74.37254950140766
88.0112143210334
-32.93820354495904
61.099778074444174
-73.92261365045616
-28.347003837325005
-73.7908729504198
-51.233140503701094
-16.359201656111694
37.694868850584726
11.124407606242272
-6.153241157915929
75.9593600696042
-19.574337880980224
57.757888455629484
42.71161791624087
54.352025123126026
58.95281085904779
-96.3196610457351
22.33756662262674
-51.15693506071315
-7.012907939593035
27.352859897562226
-70.8178781205661
-47.783945583337314
-54.217158297520164
-37.315621883625184
71.48745730940527
-69.55576680357827
96.59766572456758
-50.56501857879019
86.16181659747494
-25.0492004934447
-54.200102557059026
-91.54447009334311
-70.65166122339505
-68.41853054173752
93.93428364792447
-37.521406483479524
-61.41688930216098
72.23877186086182
-83.74287898209663
-27.279858391511254
-76.39887770241351
36.50303245714247
22.343249335484373
-28.027253792390056
89.39799473278788
-14.229950951042625
-93.49881475548341
-22.58260028287316
18.307868465156815
-22.700337432536145
29.814720665472095
50.67645690524185
-56.522282456303905
25.401528696119385
99.6397676602667
-86.39225891135456
46.341773349928786
-24.417941072205622
12.355781727558906
88.58125101514403
-3.7698714069071713
52.394651687330025
-35.55751398205513
82.55905560954412
6.713117761197296
-78.26721626752659
62.64456305893589
-77.93738717173704
-95.91875815244558
-92.98050469515451
13.845822275165887
45.75226914529472
-90.6769433152816
70.34157775443356
-45.9258643729314
93.56879693618401
-8.819596380814858
83.73766981859907
7.36037973068882
95.50270386962961
-79.1537241555979
20.971338056116167
-36.997641912367186
-19.74284574226519
-33.337857383588826
-64.12699304418217
-63.50451279726741
55.38394730941479
-13.055366202992573
-68.00879842966701
-50.67910261606154
44.43118433130485
47.795930949230296
-33.53248853565623
-69.38740756041857
-24.85343281543524
-58.8913662640792
87.22214755401879
20.504113126861867
-78.84999502890375
-73.41396767032955
11.776433174458916
62.110679379855696
-1.2566384927361867
34.055770561236045
38.34833219470477
0.048192395184671
-42.83203865930365
62.65035566982948
70.54316482777156
40.85441951741552
-31.227135967041164
77.3269046295108
58.78306488158904
-91.12522235071701
-47.57433415598496
68.93945154668171
-88.91440341933581
93.23485085253503
14.379302476110652
25.039109969537904
12.266539464724161
59.85470988273542
47.09747022459692
62.344528313139364
53.50306270150813
-82.10067699786138
29.234245218122823
16.92263346687355
-94.98146332731703
96.27273597786007
5.654969923225366
-63.79138144386398
97.76533141271679
-86.01793118169094
21.207353179884933
-13.815639279951213
68.08641775192615
-20.22015181967231
17.89263813668755
-19.639394811440525
-86.7490660971132
24.053567631900208
54.70832196414136
11.746797517169185
-98.67293964635691
27.621211982363334
-28.464137710711412
-26.867697975689424
51.12819688518587
-18.00573131526086
-80.2675231482671
-7.661648968375886
-17.288799795799576
99.02794011154646
1.1922039851129682
-66.03117363432119
71.3582006514782
-74.0958085745137
-96.78504632163659
-30.050833280071203
-83.44995072595869
-16.167464569089887
46.387441884412056
31.887856074654763
30.694517470447835
28.1609721304188
85.44868882687365
-33.765383297277765
-12.972787049903076
69.72190468284757
-22.409637748972486
14.413334150876182
31.54485024600143
3.6986354601639135
1.9052723925969843
0.2945052984006509
95.49792198622745
11.028850220920887
31.071832417154837
-11.796082116951311
-52.92990946274616
-46.326196159257435
-87.65007734511197
-30.491397116427436
93.21721113879372
74.86304007209387
-52.36535607500452
66.00250203622485
-72.5745096953219
-78.49701404609701
-69.1641521938984
-79.1097478439832
-92.84267175794815
86.64323768879564
-38.91272353479414
11.207842697836583
8.902792902061549
39.70342849860177
-42.665473532366384
-0.8171752762378617
53.99718576560346
-18.155253252623922
-38.66554625501739
18.66107926262781
99.12816636477564
42.2603126012861
69.95393840112393
49.96029733785042
-80.45014664707361
-4.1632770340386
83.75059676875253
-13.213700639617471
-44.074481512999775
49.239769208972604
-87.11055856007788
-58.41681622037693
-5.863936557445612
-46.00881389753007
21.326143200960487
-18.073010682147768
51.314465909861326
-88.70587056954562
-35.43950714196757
48.870427792603294
-4.890792109673157
1.9850641626105983
-50.42337250612079
87.84146743073634
66.95353657422146
53.425025421322715
96.60006745549259
-63.86528577348305
38.91820006183758
-26.710761034728165
16.8107913489241
-7.586530065321966
-33.36701612059905
-69.83289771406629
-74.12017331719676
-25.604415493151805
-61.562713928022994
2.990685724234311
-81.1609609503185
54.55406881686338
-20.485775109254575
22.088328451974306
-89.24198781063302
77.8676052737176
43.629018936259854
-22.947153109066036
51.78599976431531
18.83700156606247
-47.514544669893176
76.97901276518354
86.26993414911891
-63.887537615470926
44.98025230904196
52.01201261824431
-76.64524732880625
87.33724932129411
54.634174897176536
-81.01569423765875
6.8053727615398145
31.577616277026863
28.4718874662652
16.07786712630117
-68.64654021188147
-60.610618016687944
-52.75052850784636
63.200802536644915
-37.114569035499436
-94.82766190975214
75.94972095454287
35.137580459335936
-63.69935524933889
-50.83100605371498
-63.90583470772266
-49.95546324690308
76.2320361010841
48.83231885190264
64.6004007537534
-12.046680604166667
4.874460846373552
-41.434354560289854
13.003657647277464
82.8604502295544
-44.759695288292534
8.198377072292757
2.7876486766124913
-45.21052274105062
34.783377161441535
-47.4543420298436
37.06936057662972
-91.5422884150356
78.59134532416539
-39.41804056792595
-82.31306573227172
-41.303143881017455
81.53986311581264
25.332089680438315
50.24798350504636
-68.78758882236538
90.87183094616483
40.807754018897725
-43.702408464228505
59.201010376470464
-44.29364317380817
71.72490623615764
-37.57583796059223
63.64401419535008
71.860434501132
-59.602989710796514
82.42576346237189
55.10142176734075
-10.200538700895194
-85.12610781273608
-5.587070879688909
59.40015254706711
63.263839620095894
65.08972032396954
-28.584230346314385
-0.21259083107030108
-60.583393181188285
46.29431008920238
-20.745837338447743
-33.64526458063675
-23.990969694262603
-36.709305192953764
-36.21279729014879
72.84770627818207
48.89061742886153
-82.51288466553801
-84.72491055025459
57.84530316798873
-38.54924942312572
49.191338088830236
47.12563698617683
58.817309891818184
87.15972233001938
25.877014170233366
37.20129960462074
31.791615778963546
-24.236647842332076
-13.700320137860245
-23.232866253524605
-82.48472672288224
95.45127968855215
65.24372340012994
37.71685214000806
48.597477749011574
-50.63705357463009
8.884869646033167
-67.95666414771655
-19.158025162939296
-47.55189974727465
59.24293511317023
-98.44738229716529
44.67107506461667
-95.26522254824819
-68.09461572387798
38.009376105858564
46.35554577439345
-35.160059134231176
24.7531882682801
-58.2844115416796
2.821013386075677
-37.61891149198162
-98.77293258351716
58.77417214713546
58.11346623233209
-28.217390397326042
-55.338143044356116
48.49161437028695
25.462900294071986
-95.34373902429894
26.640860614102536
74.44619872155451
25.859141254627232
-76.22537237435239
41.24976317353662
-74.43750593101888
37.69474911513467
-15.264722943975556
-50.138085744465585
-28.662878824764377
-56.39628252594022
93.1644119013616
17.564396414006893
-35.186711057422656
-90.20249652671842
64.46232281514071
-21.706034377169644
-42.4745477226411
17.980397262191545
64.74298098417978
64.5704220982247
95.7784482477037
-78.70831067604067
73.01890758910324
25.21574883427229
-30.452356279724597
50.885454513549604
18.11567950249939
-29.31815692321497
-20.88481536395794
32.42962844881097
41.590238626241614
88.51916977907987
22.08416726181659
-48.684968428056365
-98.50545595572828
71.409253600727
-77.7632091252559
38.69341446232909
52.87816616979305
-7.826779596997753
15.401255675334141
23.143450489168103
60.33422898550083
78.44580026791351
-0.8135466402732447
-61.46599875198522
45.674968976646454
-46.48600748061773
96.9775006969395
83.15808071326225
1.3474131882897922
-72.16649629615053
-6.307943172329118
-1.6430243824173942
62.59565971876651
27.723573914700594
-83.49035041493559
28.89208442772059
14.589653943959974
53.37159787410306
96.69660110415577
77.40646020399237
45.173006669179614
24.278509535512754
57.54126088303849
-9.00215699474387
-42.85785351362503
-7.0990147175028255
44.39077475142378
-27.35226632934453
-52.91219277722532
52.65098886748635
-1.1199783185124659
-19.627053751661165
95.86197526160305
-50.097712633886225
28.272287164157717
-92.52572762391276
-44.00907502308085
-23.04836248583743
9.363960882606605
-66.79404959279525
38.502010614369766
-74.56929497915809
-20.541441906894818
-5.224996060037768
72.65867125446593
-30.70326773947197
42.17088711875817
-42.29887267893404
32.99246146044649
27.517435457798854
11.472413088519033
-53.34758091442771
35.376507314908366
1.239442475624287
91.37872792421211
-52.76193650322023
-6.083820876893412
66.33588139946761
-3.5474360283608917
55.00124702270327
-70.52282655012775
52.81795840062961
78.61171274566337
-29.62435478216001
81.9840500893689
-82.72400041290793
91.49702669453131
19.881720614851446
79.90349139554456
-20.625592770086058
-2.194483013036688
-34.82565010065473
-65.37576559940553
-75.9123248265854
33.0359433089242
27.271143644988243
-52.56631181413116
-70.6985840124887
77.45015421351559
56.901387306966456
-32.46216893560232
41.74966448889771
-8.420917231611398
93.05351519238661
13.312708095612251
75.87166906897619
-44.07753996735748
-84.61199865498932
98.38747082161174
-61.63826726666821
-49.49618821682857
-99.58689408197678
65.26816932322339
-41.16375253892224
72.45601902818385
92.95664715627527
-35.25534361596732
-11.81376131748803
-30.17312672861607
59.39842391850766
26.4944778708947
97.20968060288973
-48.16266646597847
92.37384826832582
82.96074896401115
-78.94754451193025
-73.84521746623969
18.539413535097367
-29.019885036389965
-40.53536245489984
-99.41786224135112
81.09930868380476
22.83611956749732
-21.38496854844567
52.17501212927783
-18.189587266626546
-50.477865981968215
-41.44373757427968
44.94680712119205
3.3332124237530394
-71.630451683044
75.47212926501328
-39.66658739294917
83.56291742545241
22.894000648970575
-80.4419770189609
84.49069752182976
-69.0021491326503
-61.49692044113502
0.6489826889163339
4.4489509106760465
96.94487649416868
47.63484624835863
-88.90035293969582
-29.436258019643418
0.3876059257875255
-67.93878549818446
-76.07542964578242
25.768519259254788
-39.45812821918102
17.673796368348135
-47.4673460818108
5.9624511442820705
-93.70046399436418
-37.643560969261046
-41.56708345687119
93.50941182930057
42.587932851946476
-21.53081204271892
-91.73626125127639
23.307803585892998
20.02110658246019
-81.50101248935215
-21.93976531181309
-2.015727670061068
-82.97508215455045
-73.33683286859538
4.951326377586923
-82.24760258927026
-53.86175416248793
-3.58200734801693
41.84655459255788
-92.27680762225452
19.897065803834153
63.156441210307406
55.778298758729875
-14.997390743630916
82.06396031411992
49.027095412368766
4.613429772341476
-67.12747842761048
44.17441648043868
59.42893108129945
-19.636223523005853
-42.248030951456904
48.617578475255584
8.54668857186995
11.754147231557141
-22.132562081811244
-0.8300252039246772
54.56906851935753
23.82445030885738
46.662665746033014
-5.353353452692346
-92.22795235880695
38.68420262278906
96.96335203069879
83.18390154794042
-89.28862535586555
-36.994043717252964
32.015565524216214
-27.899168429507057
-29.148976669573614
-39.679488975810195
51.42814904802884
32.25481747665481
-5.947787224332117
49.355821309987476
-62.71703100194055
20.249359135150826
-31.825555035233037
27.616322851998177
64.60166610909744
32.146686901968394
7.687976653886636
-19.067243803799755
-25.148476014098748
-18.650289111221326
47.68629831694716
77.38024494767134
82.5343906316493
29.868882453056443
0.0589224823323633
-60.64767368417265
21.827342695880418
-10.10454153884055
28.284533528604697
86.06192691107367
20.503893245302635
-77.8555072327505
-20.237346746389704
-99.14582320120668
94.75480035374582
81.55431374924495
28.160688715850824
83.9879472624227
-52.90818905422694
-64.56151299917248
-5.10135000937089
-36.82780147280389
87.7952221290926
-18.848987385195002
-8.468326026694868
-6.363564914792889
6.681435752080247
66.00188903933525
-90.49723513627279
4.783029007259444
31.735664762921147
-13.4434373793965
83.46516995250178
43.30606360665473
67.25189387417399
25.991853242254564
12.336634860514934
-3.352460274220121
-51.26514202319614
-27.181317082413514
1.6529602942897554
36.77238407738594
-91.4712228219726
-95.95911083757218
-15.547691397583478
4.37885214961193
-29.951243007382743
-84.96985406184892
71.87897161997142
-78.60741114031089
2.6240963639529298
-69.2313289467154
-12.667219350155364
-10.306937531584609
44.00673358624471
11.837549836602037
96.17996608881273
-76.69484552962956
40.71644049500111
57.74906273428769
38.10090122167523
-41.009833545907505
-21.694178230041743
56.54307464573128
21.181528222187197
84.01982323838862
32.58745803635756
-42.74946706541889
-85.49597362329824
-66.17034087402112
-57.0030165150887
-23.01642576588938
-70.01052086183964
8.37088341600105
-42.31916892179042
-94.33672192925238
-24.99099003809124
-38.327161482661175
23.684634905691055
80.9876898955144
-76.06063573686153
16.52909434981052
-0.8604404735894207
94.14004436589065
61.49244725664903
-90.62597017857401
-72.09197335820367
-13.93315214073749
-75.72983394775999
-15.171128456772465
-80.74082261360934
-50.552628700999506
-36.05953809643945
-64.84987359028347
-48.337753124526216
3.721324467194222
-88.74797912957283
5.804244097822476
-30.763061290159214
79.23182963981262
66.21110702918415
-3.516911274215744
-83.40662722898279
15.039752402461133
-29.190622657727474
-52.42530041752242
-7.212657887268634
60.76431672916439
-35.730578351050156
66.35203820025575
-45.37025168494391
-78.8349553842582
-51.33550176301227
25.129310026355128
45.201878577308094
31.292239148809983
-71.03447479835421
10.256952092904953
-16.892768407419737
-80.81438929614626
87.66605597223236
-23.056057085895887
-90.21709544004584
70.64455628634491
8.547471833158909
-71.12282156595225
32.69686135139278
-62.60114559037635
42.07942754354414
-70.47608048145821
-47.725609758247955
62.547811597851876
46.923365235182985
-90.07111691878205
-47.87935737001172
16.38142544882335
-45.51897252848751
-63.17659646327278
-80.0065131462382
-66.95985862670301
92.72821581255829
64.98294519461737
23.459197564975725
37.05317433074927
-5.427594796817587
-77.61542877354246
91.57608568664207
84.26861438903538
21.968521764595977
-84.17502244396233
21.409476058802184
-10.810946075679468
-91.57605690216184
-94.99852928964097
-30.902895365916507
94.17180237778686
52.19422499217842
97.46434852572915
50.838409826873004
-11.991160035887688
-72.54354993844025
97.00308930461898
-30.42508422362829
69.27564973418282
97.86864354015526
25.69013854587942
-57.02324048592378
28.737176606871458
79.99151521681728
-89.41187667621584
-87.35317387521934
57.28555161353643
43.37239221378579
-6.065344909997123
60.33399801353315
71.81309179653252
-75.79277390020928
-40.84418908200655
-68.74807747476419
51.25501666890216
-56.26197910189463
76.70463715601903
25.02398226017999
-52.37700428547638
15.345248937947886
-64.10358556429456
-48.26965259811173
96.6755644345273
68.20811874882679
56.33887233101248
-70.57828951172446
-3.5253941221348413
-49.64769288782804
63.9282310708671
43.41616783818333
-5.298820698870244
-31.328608166957196
-61.40457501921433
46.51905824778075
6.979164302229407
77.48617688522663
12.565582133236731
22.818305417849032
-73.03235145621967
47.88940277967285
35.54210568529359
-89.43940413991591
-15.206308896243854
41.95601181250345
-38.29020876110161
91.34548576467017
-17.332096532565316
-29.953043337859796
-37.1051600981259
-64.52295822204584
-57.07754003382135
-90.0650506458766
37.083832757097724
-97.67891415290862
-40.37482934806573
80.02216587147373
-6.91802677462519
70.65064735535339
28.113996129997446
-77.9603478415413
-92.08725675095344
72.79546889148705
-94.48544138874566
-86.33282040056878
-23.822507557892237
-41.471033541170414
95.44425767465262
-26.89530346469597
61.281225599312506
82.78893620412208
48.33167217279049
40.80090686608057
-78.96641233322975
-56.89647559786148
85.16957996818181
43.319108139587286
0.7875143337389119
56.35528620712367
-25.913149173491703
-71.2496381439359
-23.012988188513035
-34.58856669520026
-3.6469758292797536
-48.83361282917882
68.9984559882617
-50.58804204767395
-97.18566444993549
83.27704443882524
-45.57822014391293
-97.56517991861722
-75.4856095799354
-97.91528228500812
-92.48999140505141
-52.036610757877774
58.88330002253065
-17.050515935463537
74.67870640957733
-17.316650953195705
-48.29663080361202
-46.80887800699685
39.55658798727757
-79.79187954328806
70.06452587584639
70.87227930269822
84.37120095114207
14.710303393510088
65.40779826148662
1.0830475008108493
-81.92671382394438
-6.960404262174052
-58.16340874464332
-51.407856409069616
60.39061475306852
60.864559152265
-1.5551809386174824
-70.07859312802196
-58.97273077600005
-65.46711303489812
92.61326665029247
1.2888059811785695
-77.52268334071317
26.55393538315502
-71.0984818098629
-65.78393839059555
-2.779491042350827
-18.750968454432055
-90.50108045988819
-89.4150121818441
-67.49477071635593
92.5334114774196
-69.29232802779113
78.05862574360023
-42.20425600021513
8.503710090283903
6.548850205173011
40.623682005039086
-62.50417359050617
23.37630774702575
42.490047779691395
-18.36236849814574
-92.89384733640667
1.108287429435876
46.415269474618725
-37.30936688103947
41.04377495602429
33.35858209069039
65.51143750451155
-75.03573540498867
11.191158832065454
13.352296931903624
64.20738792722634
49.27136760462585
-89.14347230117411
-94.29791844537915
-10.011065066007149
-35.65363584785939
-34.30949404468906
62.643286285508026
-90.28191277340636
67.98391817887602
-57.27559481460005
-30.399698347996633
-38.179206254518185
65.43178547563517
-73.07806656737912
-20.873261090326807
57.71555499786433
-51.57979337399823
-57.845197496447966
-18.75325497217935
81.67569509083572
66.08471357531303
-8.329578752662599
-80.463070860822
82.99348523718373
95.42449956662276
-77.62309784423194
-4.3497542992969755
-8.564033947906793
49.06146489639832
6.191192957629667
87.64588034379759
-76.80028614801297
-41.262854064333474
-59.26031036820656
33.09803987390694
82.96161008711383
-92.74126017050384
14.948238365288134
45.52562891354623
-38.042543335750146
71.91060073582395
-9.591738793198829
30.844116267563237
36.27750292940766
