-34.903071275535936
35.64224963634294
-40.95256413518247
-46.04933517439016
-87.49493962076068
-1.2691140813908959
-25.681100507823643
18.13570510756044
-87.39302155319291
-77.56147447816949
60.94861333759786
-49.14493298752276
-45.44780225632579
26.482115484794534
6.130458831545681
46.12104814591248
45.999149681613716
37.028309869958775
62.502432208814184
36.37249251862775
-77.66430500277808
-7.903293118163603
83.55774221693017
-81.51777949670382
92.58252889132939
-1.9007618185651296
55.12396257521678
59.242882996064594
-84.67217149552224
-75.94603419853658
-75.70039743908761
52.94599078280308
84.11345318166312
35.267320056803584
-54.57416634218211
-56.45736613249645
56.617430228588574
-16.09601176548918
-16.21788722614663
-71.73324715233255
-95.97952569882169
74.2875443597182
-40.0301910599669
94.166271199835
-42.54904958847465
5.779618830239471
-76.78361351088938
4.126075837096991
-30.551251644184546
9.393238506824147
-4.4051395354506155
72.99003447955633
-75.40103084528752
54.41700367083081
94.86374728021457
27.77426964787064
74.37784705086861
-42.98440963893781
26.90244705731422
21.94556961344398
-42.621155690079206
68.08284479954682
-32.29161274751242
59.30598024153906
51.04158472135612
-12.97290341460942
-62.55147131209669
-30.079936822398935
-30.746003396393775
15.870034286839683
-77.4600668468888
-88.92238559691398
-91.532906939735
-89.10187545015091
33.52096753730106
-1.4826333201335444
51.51953772449656
-28.446328727879646
45.74838324934879
18.23613760157592
49.37060791431162
-55.597042702504474
-79.39225410307733
19.545855534770325
-71.34860456850471
-11.555068755158103
-70.87050672816792
-60.206457116325126
99.23811616620242
-11.592140461223053
62.0994624880197
71.51165892277876
45.87913660297639
-1.211146293924486
96.43009675548251
-32.50193839972873
-96.86762351577467
40.807388342078355
-3.7598129757094654
-1.868339392441527
87.44164973016368
87.13045879136914
-6.109151654447857
-30.8751121323932
93.69404593002088
-41.56381023035387
78.2297552338851
-43.949028390829056
90.00518082284151
-84.3412881890148
-63.170481762567206
41.12781538016401
34.44469873007472
-77.72661684942909
43.392950652297
-38.13498963882147
-32.44425487316876
-93.80434618529367
92.72393224131335
-38.44064863244525
-65.23207224818348
-69.04926853921046
-33.99738223049353
72.94083985461418
-59.95532399723058
-38.24431652630618
-23.5549027928071
74.82018205936163
-91.57174776982939
-95.97730502155926
21.842584580277418
28.091659019530198
-61.78121235300564
-10.199125529524139
-18.474178989322084
-89.05323938959953
40.51171510684816
-9.883901390966201
-46.33204587296127
72.955552100348
88.91679719313811
15.121697190160702
40.57062412281567
44.053807459093775
14.287987121773597
96.29180673454852
43.035354065581544
-99.72998308008474
91.48796041574357
9.578888168719544
-88.75423034273955
89.07648469065583
-75.83666834693938
-79.82296013238282
-71.77403122405053
53.78639487158452
-34.58910725809841
65.2882414005368
18.438989337643676
96.06789070351829
-69.32226740746745
27.918760519153366
-70.78449088195151
-4.193623458298418
-43.066142266578275
15.65091918409587
52.47130330796571
-50.72919518138708
-17.683309672638188
-71.05246989321773
35.805476894246766
12.27344724104708
-91.74516899895085
-71.889030919645
-45.8932215736384
85.53792861172545
-98.06439809552533
-34.58446074677785
-31.69650980038638
94.21741633704838
91.24314626858384
-45.95821889524234
-39.23812103888058
24.278140662220693
-20.69046643070041
7.591710302330142
48.77621396205217
8.460482823715239
4.970203639294539
-2.926371265933696
88.45767918732724
16.845129007876338
-91.83634160773659
34.67922714517536
14.750835211119082
52.86518654090324
-9.997254988297328
17.03837031985283
57.86466473640175
-66.79642491380312
-19.940958631836097
-50.44995820865446
-41.126048960220274
-98.23511900613317
-40.04067707279613
29.03503477444829
-25.706959069701796
55.115067166898825
49.35421630069007
23.257202740245503
-71.27381925265979
-87.85861781269713
82.11230331660894
-6.423604670531958
-71.2777865807342
76.74910144509107
-73.72650826758853
-48.5246797900732
17.73717792625024
74.8976406385797
-35.85309838673278
-59.98014360335442
79.23670435535433
70.88136607524999
-92.79685345583684
-52.602563226439905
69.82081976877316
-72.63378409573424
-70.71935150887558
9.542563585512738
-52.102267019716834
54.98407672730522
88.93803089802967
-41.299743893297425
2.6055578821625858
20.00928504408934
-71.10993299052222
77.11163295442927
-62.30056596729381
-2.6429966271402634
68.48510094111853
37.91969860494845
-30.02491942471046
54.46080208742009
-2.2564287892248984
-95.81666921220595
15.283251989802963
35.89728414680579
-86.71736787302075
45.4716691077374
-0.02347864622838358
23.94729244859748
78.47529953011255
-88.00188467817239
-25.39106872910763
-94.7084043852854
-53.46934582693002
-57.86330204725223
-64.42505835511265
51.86111361180332
-90.84586070156942
-28.999762747630697
-20.281935983595474
77.29713970327151
-48.42676153686245
-23.30140425891321
43.994960584705154
-20.11548775505429
-55.60231446721529
57.402714827252396
-33.82208186872198
60.250766258535236
-61.55907624759216
-35.17593004640764
2.0525813504468573
36.89041913523968
0.5978374830549313
34.697035039690434
25.651504797108515
5.528753157348248
-65.87176916220335
-71.93563249908411
-73.0819799398377
-93.2262369609679
32.69740233277349
-96.200470644114
-53.756287573801174
82.8891762136675
93.67151969836681
-6.280202331257698
-32.04207608639258
29.40673433287043
47.99632964156973
-13.851820349786095
-34.98950903934323
-32.45403851371718
-23.912206595880832
61.620099113967285
39.11243796203911
-63.78762218226897
99.3520863235457
-61.11857771450475
98.75104617670792
-64.05124853354548
24.347136493765703
64.00521885593514
-41.031932215426025
0.6493881174177005
34.89807004053088
-3.144816050010718
75.24824462118394
-93.85618261886476
16.915411353012473
-41.030881063230254
92.57138452641775
-22.38864376902147
57.328654151597306
-43.96771764461158
92.82842358806218
-2.3392404322531775
71.17655333912634
90.14995858540559
22.95637466911886
-12.147444399204161
79.52300474527385
-90.55632822722713
51.11477653490974
84.86487608942838
-18.086301251430555
88.5475548581299
-8.39656154385034
34.194493524538984
-93.14191695683137
-9.796642216651776
-43.488879069004895
-25.563152246464682
53.720831032034965
-46.3723768314616
40.202096160555726
-73.78585503293493
52.970373007474905
-91.24258641330066
15.951786276585537
-31.997542170224634
5.669435183338891
62.807180468801704
28.189966779465095
-79.38910041316043
85.11883987445086
-0.5502963239192269
-77.60262279519313
37.799832952188126
26.849506826765108
-57.316961702730616
16.11967911015104
93.09197302331566
78.65024842586706
-62.749070795929796
35.10674606651497
54.44021166654335
4.664434290246746
-85.92921816955419
-10.41504843174998
50.26917117843436
80.32517817019749
-94.6702114243398
-99.38967064067201
-76.06349221306361
-74.20756643253924
25.763889235885486
6.226113708270532
56.104511376863684
-91.86045918672573
17.984434227106632
51.550608301363894
85.7662557809904
39.33407251526771
4.746776041300137
16.839670713010307
-57.548649846129194
85.97350772097187
28.820073301825857
-60.565645491868516
6.3521372979564745
14.34580660140395
-1.3470147677369084
89.68856725255955
-89.38207896912236
38.55341071380204
-13.589935374815127
-51.06507651781036
-13.828793938496858
-60.27243932035962
58.41207719683689
69.00618912359292
-44.96417167703699
39.83842416290457
62.66921484031931
-8.127429952060155
-60.49357583143913
-57.17525727839667
90.96096505887817
21.83397037325949
-98.28213488352704
-33.54379163004795
-51.60353431084979
49.662436982176985
74.3385236060447
19.85535516820869
-87.07956690680616
-50.08875947309859
68.79009440016873
-90.8555051551283
-60.61277825283378
-96.46600320278922
86.90814625879435
-27.49619077812207
-22.5146374077908
59.535674274930784
82.1390356912735
-63.82605461150439
33.00114487168412
-85.87920928974285
-28.973548761307683
45.23895689501322
66.32143197481994
10.192732020527657
-75.01315005131559
16.865645174805024
-76.24020278336889
18.186935791077346
-22.913380996223992
-18.722996891493437
-42.62341807115027
73.22856911204937
-47.5420709424601
-45.55123249292572
10.650694782960699
21.57258916640619
27.672879092442955
30.34106487398472
50.39057187343664
-81.4651787396432
52.616381344130815
-60.82443541132021
-58.21539910478029
-95.98252899939416
-51.13733326837136
-23.544325550824325
-79.02308787910435
45.10375491386779
-69.35893034449457
-0.36923129980239366
98.8754335465645
13.23613350102444
47.96320784533927
-50.72718904872866
74.98553380155295
71.57112391854145
-27.32434365028935
-25.2960848040036
28.672836012696308
3.9522174779537522
97.15251845978028
86.01510566402791
-91.97401786685704
-45.407014919232694
78.41874042887142
91.11567115627864
45.21512194414129
82.1861631990322
-8.663137110086467
56.14859617640684
-24.936615795270626
-68.93117987884082
72.12729117176974
96.7651405114463
-4.158644711933235
-76.96780232155025
21.834409415075868
27.63769550043031
-45.174619685759886
-71.48722735002282
82.18143710055082
49.39611683558488
0.5136432815281609
-6.577397278474436
48.186381055890934
-92.38401403590304
-54.571473927610505
50.28624528041081
-41.21791618967035
70.43970749253617
57.36543249242726
71.10509353702119
-0.9922856461792975
-28.92813957893388
84.22125825394446
19.775609603258175
-57.19046956023652
72.1320103765338
-63.6693673492241
-45.17081392789022
-25.20663913787247
-97.99875695396258
95.5762174141289
-55.21891977201301
59.42662420080512
-63.38853045728763
-94.79872355904133
98.91328684389339
40.994198569385446
94.77927518650125
99.62197790952848
82.99499194283399
61.45452657248555
-73.96602757075593
24.992289883144508
-88.03333231092438
18.471040977228185
43.46566205411909
68.43390213195812
68.31341396913143
7.112560307905056
-55.003101124289365
35.590802357825254
-32.201452966461545
-84.08632567580547
-94.30866513870409
55.61778188213472
91.68430737298684
87.99087930339618
-56.143832995223384
86.17163996018661
99.62369242101406
-19.56667453809267
62.16249051305192
-66.61838296981162
-10.525088227619833
21.528756561266718
-11.198279078114084
-33.789450158767266
8.057040023308446
-14.416047697548962
18.22055771880879
39.41226715375896
-78.80998624699818
-56.829565385616185
-49.81263332957453
-9.85738868048351
-79.25756593292168
-77.14637347635448
32.60415072573073
46.77924403720587
69.77885727412806
-83.28331910238367
19.433705076830094
87.3457355937079
54.77756962477713
-59.62178463896246
-91.62720931507367
21.273917974042902
-3.6187941618959627
5.341784348633709
90.66551676514644
24.810107128298625
-31.762133684870378
35.4780698621945
6.869030763375989
71.82487134272714
26.943414039618645
17.362385850840028
-88.00732842274806
92.99588032741033
-14.038164048750176
-24.903181318045114
-66.85069604326341
66.53555463876086
70.03109634313503
-15.598538107666116
-56.53908632754556
-82.16178573829467
41.480216833038156
-96.93763127940613
-48.26263448275698
8.496357542869461
48.612826735430446
-77.73145824163643
-94.71249286841284
32.6297553937076
96.43673846575408
-21.221596982099328
-34.47764473512083
56.55298871277503
71.92132472460366
98.99228091942464
66.6801131004772
34.619197311844005
-74.45916624504054
89.21747925572103
-42.497113543931064
-5.446896544656951
56.6292206258106
0.3245317218746777
68.50500438681615
27.38816175834424
55.99628740369212
77.94633995072897
-98.65661389061854
64.75991187339108
68.36529140566901
60.919334016607905
64.28814643212397
36.05889192681275
1.6624748265063687
-4.033479874657786
-95.15161207002197
25.00246187374853
-74.56072067766834
-52.201199429645094
-28.092564953603016
8.784054760877808
-31.807447981018584
33.21517788034316
-61.791100206181326
37.44231695621215
78.3720344516218
-5.955862265510817
-81.57995348127113
62.600484650179055
71.91202211637764
-17.084432403732293
-86.21152500123502
-46.171177796974796
93.02197460427882
-65.52126452868876
-26.719033711755173
32.13177338757802
-64.28680947249694
66.4644499114928
86.7212832406818
95.86039905596616
75.58437586318689
-58.506174345782426
88.6559122302335
60.95933986941492
-65.68604057360932
-34.040148692888096
78.89480972533022
21.337790010357566
48.440402888191215
-55.16981762835525
45.474013583522975
-36.35370488824166
19.980976784032407
61.58372598333003
8.953844865581132
-21.393451051585373
-43.62651466846976
86.63216992991957
-61.633880198744606
68.13573446696864
-63.73996769160091
-92.54360680524113
77.70688840746683
-87.28567569585724
-6.046651257268152
-51.02920666226998
-4.841864344071794
-29.18227769171034
-99.4210003901762
-44.4000247188896
84.27926903679088
84.80899725309615
68.53987628788516
-67.16579975973589
-73.9229241161926
-18.972728058800726
-48.71687350994078
-9.486792248523784
22.598257995468103
33.862268287847996
-16.1911897084684
-18.290510909551898
79.2062674996231
5.114891829136653
-99.22305090475744
-75.50819222448872
56.63475773017922
88.85213362254015
-46.854309582198184
-92.87688983417091
-77.20210396268868
-90.76009790392598
18.56812237497158
-58.838961320066474
-44.3515693881305
-20.822259331403757
43.409564666791596
73.07038463336565
-39.054363554362624
31.779479716497917
73.60724385073786
60.06539341529256
95.78032817384761
-21.748944491545984
-2.2523842400791665
-25.357998938049448
99.85037609047305
46.55734923319156
-24.25853216006692
63.93164314623479
-88.67149030748467
47.8865414401769
38.25162488904584
75.1816250769044
-36.42543385181207
31.705564656568725
-20.301706491570087
-94.26189277184294
45.367887189731476
70.30276827745513
-6.590479377232668
-25.479392455355594
70.86538301581612
56.2684057863415
-2.874017671592256
37.24320952179619
-1.3409507933368872
81.2983016512699
11.811113788048772
-77.82605068044121
-43.594130788878395
-14.810000397177419
75.3611591799291
59.113676264872595
-68.90416044894867
85.75864808419283
49.448476924645604
-2.9384841341383776
-58.9918652384533
28.58636381208666
-25.75704446526528
-62.81695122163708
7.930201350139086
-19.524827132881967
-91.71316866509525
19.76696797251944
93.7652061253593
98.20105039965247
-29.926797394756832
-39.00486638728851
80.32438601497432
37.29342769355213
70.57249961402857
-72.30036001608562
18.276106591201852
-97.26120458313237
-73.22019976547203
74.68034137599352
91.43654899208568
-43.85396860430397
98.08447912353222
63.85773073479976
8.950223666518966
1.8135885816018344
-29.723223420178172
38.78036351756734
49.96891787897809
-28.077870692817086
9.325701315222986
40.53539793995776
-35.1927642933026
-16.526473550104043
97.29692480666293
-5.66309803340863
42.783014711571695
-0.2082932115795586
41.00171499173263
-45.289762387195196
-15.318918045775561
78.82515158391297
-21.783252161933262
17.228702999914262
68.10493729308823
-79.41396992287281
38.649484184258625
-20.599822525652115
11.52041870971128
16.337526260146063
96.35308383778636
65.91248136253495
-0.14305922540197002
68.4888078801153
-75.56936552306435
9.11229376402207
-65.85243161282091
55.357008193506914
16.797844543377565
-32.68267673631533
-40.060075825778526
74.92949566966652
-16.113457183947915
14.682342312361712
-74.11270263186532
50.05952365773123
38.364527460908505
57.566005862383264
50.17588119269044
-87.51910787377706
-78.84252666087966
84.5818126588859
-15.57322688596605
-82.53812614160111
91.45953034888836
57.31884813807062
86.27988897451192
-52.06626130316467
-60.59198211652701
42.00741691217766
71.38748453919135
76.7178492352308
-12.967828174101001
-79.23203946902402
8.625670207560717
31.93418999073475
-29.66329578213815
32.87779306457489
58.555793064847904
71.95754658914979
-11.797672968213234
51.834530552553105
51.48817557827513
28.9984561795971
74.0231606320385
-2.2476188290175827
30.813645698081274
-51.416814441072404
63.0473531228661
66.66781909313272
61.14150712400391
60.59807176491282
95.60513971973202
10.262864786440915
99.51386949725136
6.387379523329045
14.933077382935394
-50.26327132575328
-63.07541425114198
40.174868243426886
-55.48372542407027
-99.34547544121672
64.03117023451412
31.17495402552896
64.05429426830514
47.73035397219044
-0.3914763491486184
36.92432905656429
-42.155677837224445
-72.39821270870226
-25.84050556472141
-61.877404662022386
34.248866708047245
7.632769338681399
-17.223608461944778
-45.1768215088076
27.588417097397524
-73.42749441062551
-95.4624466808166
24.036926737115422
-24.117243593152836
57.06357044800541
-38.40778237737867
17.308862169268792
-75.23965147341276
-30.872297127567847
-90.39338383305613
-19.56580711157376
44.281489733514945
-60.66804910859083
41.24512338097256
65.11645148777714
43.178265474596145
-86.49296169573171
-98.53573050766296
-36.29398770044676
-88.22651338075657
38.86044380851297
79.40463241233985
5.30251942511515
-45.27678436743419
61.414749625829614
-16.15208291395362
-11.763075004186788
20.052829449582802
-89.4579296829009
-47.66347651001175
-2.9134605058467287
3.7758074846877037
81.03050278046467
38.91408453109824
-21.730430931629627
-91.46461379497694
8.51541644753327
47.154892341460055
50.271983906842536
-17.088337528530914
99.31383453394218
72.15233445407415
-67.3302762084363
-47.47530609906359
58.426907974937706
44.84057285092956
59.08933313934875
70.74656805772378
-2.700882709959032
-9.148780860805374
-24.17395485700024
-32.00058163124358
-50.71270782784587
19.901061854036158
98.97298435332291
-89.70728161366164
-25.22646569222529
26.193118549981406
10.79261427290173
-27.76592841338295
93.71343773435811
-39.84108184223798
-46.73611550468413
-92.08400770321728
-38.3777095748244
-48.56449484754022
-88.94130319087729
-13.528768219196238
31.644778452512696
41.15211658566636
-10.700746978057694
25.122056712531588
-41.56897754960704
24.160115816100898
30.891723263321325
-63.71484895536359
-39.4039271312403
-30.05101346387235
-45.00645480641781
-64.26107427187023
-50.09366892110305
91.9052081331254
-57.834757949735696
42.50852807828332
-8.506584676076429
-13.581268742447179
-1.61278850110223
-54.43699509974134
-93.99183786907234
-94.8147417725998
-5.7835604153042794
83.62371035589325
40.07686380773566
-19.569585699849895
12.636096236386024
-75.53674000850125
91.05156279157222
1.4574770641106625
38.836760883547726
31.832782284132634
-68.75720086832825
-59.692447497702325
45.27983899524142
-50.530192404711485
-10.316981908090767
-49.914844002861415
7.1808667557982915
-78.74434866732467
-61.3241364167582
33.63423869759731
66.71515820340414
27.41802052239973
58.48360170560352
68.62646971864928
-47.07522719029144
78.20217816477131
-43.28741779492253
-57.48356667999839
-53.077924003923684
94.52450482227931
-70.72863017802568
86.7480096469557
38.96177941385335
-39.30902627195925
65.42941664628131
57.773101484609754
-29.211234266944203
-78.33742657355288
68.8415684532109
-3.0037405784629954
-73.85215282363511
43.76704713766634
72.22374609888595
