-39.64164286085137
57.78521962640224
40.2334259675261
43.76743321414344
-43.956524106918124
22.0396047191187
32.74271787490633
53.36923394536021
61.80971702930512
-82.57113614051185
78.65626919877528
-41.975362562960484
-45.575854437846594
-16.908279724267047
71.73515851921638
41.31853693508634
-78.19727589398846
-99.6740622772309
9.604538266619471
-78.44320001496956
71.87909295236474
70.36683349655112
76.5439244867787
-12.666657795201502
18.530391298396538
-29.908443222932647
52.407276173243474
-88.50043242718728
-69.45959236324111
62.07226002973016
44.0270349874842
47.49348903903601
-55.31185800793128
67.04348889931492
-52.60766592616577
-40.987753186857034
11.697111142083202
-91.44899123986956
-75.05102188615874
50.020722299534555
-22.47593808019188
59.4474519691704
96.03243346370442
-8.536596751838658
-68.90573013903935
73.5584587011084
76.69104794768074
-15.039569269014123
-10.853537174750244
-53.8814877334175
47.533070043735336
85.62382566874288
-82.5061323033319
-15.102868910179694
-20.623803848247718
60.17688652343065
77.8725211211777
-0.5696345088197461
94.29357275349622
-10.65092083702011
38.84557649128624
-75.5212976332833
50.64687004853036
71.57090607827917
-40.86635199300386
23.71049490960702
-65.13599431924737
-21.535134865730782
95.17585193551892
-53.496821776711975
-33.897848895713196
-45.37534018707385
25.362013182632353
92.31880563841847
58.950971345160156
3.214761208645214
0.25262255685348123
39.23054625690915
-94.1100656351011
-63.81157519061003
4.531930454812311
-31.315725909766215
34.09946634196831
-46.83957190230523
75.04494094836485
-56.96545803790296
30.16756501889185
-9.727435417802496
-60.383747744966755
56.32071882508137
74.01559765467076
-54.48553409085377
-6.059917257824424
80.7381763812341
24.237136736192056
-13.278962139294606
94.84804852339889
-54.291932522182094
16.56190245836268
98.20654771536383
48.99186227701179
-21.068056514137794
-23.16855694287152
86.52659472608659
-58.964458497473494
16.909872634311768
-43.54688432443581
-46.28961305922188
53.16132324164698
-9.62660516623069
-28.887255729986606
77.43847114256036
-58.17451369403139
-3.009136046783567
24.97491779277982
47.02569507317389
32.458696783811945
-35.23260014928023
-47.501034350644034
2.43936449305518
-66.42771344544533
43.58806779950757
-28.790925057006376
-83.49513558251161
-30.85421211166883
-93.55614698760664
4.950989717522262
68.44792807062117
97.62765252003166
33.91358303606296
-93.81174778589589
83.52165665740813
-56.13674251377236
-73.79299685357934
-1.5467232785332925
55.92326133989437
3.1649243947775147
-42.42295215931975
-48.50396702864528
-94.41562126237362
-29.690568728994208
87.26770538270611
49.98072474484604
-8.931086107590431
-89.23464427000971
8.833841010022425
-29.45898627613903
81.47869684767787
-77.14001996723437
-19.331218908929415
-55.97498938739833
-1.282666351046231
22.567593840290172
-32.693994812790365
-78.58832258805408
-63.425650582095905
85.66431423452914
13.686693157049888
-22.123534866986375
-51.35354975111572
-36.055862666656616
41.01546451026118
66.407086691779
52.91177574436597
-34.92357644624384
58.003691165551345
43.80731500086304
-57.348886220312224
-54.52707707616322
-56.23475173809058
37.40365831307375
-85.62549496488133
20.59622431452391
50.820121954553485
63.959108509561815
-33.049809141925294
77.20122550272316
11.837626832334621
-23.388538154248877
42.406523585285726
69.61006092958749
-70.58228425044375
73.70303991919823
-86.95469560968098
-40.87879219434738
32.57395639834468
-39.23454286126369
42.27000297772969
-24.998991747376948
-33.39969084704495
43.27791271420918
-60.97465493830339
27.92439649465588
11.986446647013892
-12.683587939664818
26.720314937060934
63.992379595650334
-99.30443774139925
-41.93702917045632
-19.75912911439667
18.229375122540233
74.80923796148537
-81.28173536844079
98.20323005607685
58.07246953514621
59.85846839642838
96.34585617342836
63.925618156366255
38.86761684623562
-82.80979286860864
22.369110600717846
-84.58332556643555
-52.09425730467405
75.69613968514184
46.94736028274738
-85.56702886351269
31.10212161881637
16.933079352640632
5.496832387793887
-72.60551202643038
42.25397287674173
-76.89961379144032
42.957949530488264
18.02045932932323
-89.96887487616414
-76.20056645889939
2.1736929416301223
-40.62740046503501
-38.928596803990544
53.45303314421005
34.14725685082371
-89.40522218013282
25.493458322665873
-35.796076444863644
50.96068427868826
6.298976543645935
37.812520863344446
17.04269398756597
-83.97507615696165
-41.87198355162196
-97.68396887127324
53.431435152056395
-85.45627148389976
14.657962392489466
16.78401311351965
-44.328148561916066
2.4111137137103498
-61.592158442169655
-83.11846451694926
-9.314699134955035
-56.141042798505445
-57.330033666291236
87.0347708037661
-87.47104428632994
4.685199299281663
56.23579264024923
-93.47593573749621
62.601452505153645
-59.99546433323204
82.74870626143894
-44.0564064982923
-2.579279529048108
50.77040236696996
12.270595935371091
9.191066352667292
-6.873171140947207
14.342647256104584
2.5099305426496556
-24.16452121517895
-73.69423505705801
-16.12926348798989
-11.00666299150572
61.27754886411071
-54.895718510896366
-9.382033072711152
-11.130979857895667
-37.939925904381134
-59.64030543187806
21.912433950223132
7.0540774335252365
92.88798658021335
-33.50103702446509
56.766362698061585
-81.64466887206312
-69.51643664861362
-90.21849074667698
78.02192499047035
-48.83855974844704
-2.766418294853736
-35.36161402683963
-63.89319534167961
-72.36093888592548
38.23554255352414
9.985280840022568
-0.9889265405728338
56.73941939922983
-56.34242383611403
-46.616022672866066
-35.75603475628802
-96.42116861356742
57.283598364500165
52.9161430125597
58.38222492570037
-1.3123732059919178
-38.31467625495326
-28.428256110902097
32.48330493486026
-10.303736032935575
34.278731951120164
94.55172797864395
-99.00966246395183
15.18473567484331
27.598560420496824
-57.53439175804051
-61.707838911737056
-14.345301949893056
57.93837496225294
13.682419887839231
25.109357497641383
31.37242847874066
28.598852295600807
14.977498969629366
-83.51030702068425
-77.68861926843576
-12.472689402946173
-2.3287911007233646
86.2648890369853
7.350777399828928
-60.96630373744398
-48.893984108914815
-79.17301156294698
-25.062336366239578
33.34862593169038
55.59408250202131
-92.37855090079587
88.99018026835606
-54.623869883229936
-16.83112785314316
15.372070800928554
91.91693751317675
-7.846739951391584
-75.13272160878934
52.68330759643979
-23.440926932666443
43.686349822820375
10.137618356695427
6.4384913233850085
63.051973019878886
39.453847730234116
12.104430038490818
-78.66021491938622
-74.97395545935761
25.317348564395118
75.25813594558625
-20.63970664156905
-35.6688528907316
86.25191026781914
93.35169595009324
-79.96567312540569
26.016386553406008
38.7413485456797
-12.436611751351194
-16.240167704844154
64.70892983117255
-26.07168045507629
-73.42129733011302
-98.69034682647086
-70.38360143115618
-5.1143723610015
-97.84524850376238
69.64163808313208
-79.11647607492557
27.58503639722325
-27.439073012938977
94.78195788097267
-41.239599320199424
67.93898898734034
99.83769593218446
95.07303295783126
-20.7400294868837
-84.31803755905133
-7.422662978466207
-28.01968017201804
-22.5482968235369
28.044396415622714
-58.534991135265926
23.598104341872613
39.74327002853738
-67.19691698938657
-39.414106679489876
-1.3363259800851068
49.022766100011836
66.93108900767581
65.44359747075592
57.68786358989243
86.2018585343802
83.32875695485902
-13.999455452066712
-77.57640167580976
-29.400709341833632
-27.874619761590694
-82.64792894034281
-91.3775458735106
67.1075818434426
-23.879497848206114
-55.500880284929096
28.641562982495884
17.167790798880873
-7.042597097172987
84.61548909662972
-43.57860014398569
16.20714528532065
-6.423116962548519
56.56913129606687
67.87832711155815
-2.122276070108839
-23.586184599074983
-56.00853811573205
69.3540110259039
-15.412221624089923
41.29359400085292
-44.93164573459414
-58.63147172348609
-20.925344622572453
-51.5784509707766
38.38476781403838
-33.98464654711918
-34.33556108235838
-90.02625227120338
69.77460657202596
-22.446693892853503
52.490600778742476
21.2164566740975
-85.64265366842976
-75.93307728567329
27.86882246119174
-41.19245324630618
-60.30857535354286
8.604273685654888
-4.142122331676475
5.630792311838789
35.83127081244888
44.50370245852483
-23.643730718552703
58.64202774525231
-54.7270458581129
-7.212175305572572
53.110325341071274
-32.071627063900905
56.62993979301197
-72.06733454469986
-21.151479055663742
5.250004878744633
44.45768651397083
-65.41442964475522
-30.11277788617302
67.13883413975762
-71.74897620993531
-78.98796419218779
37.17090922556932
60.6503273542595
-25.295067639227355
17.200498053373863
79.7516806787084
-99.47667263692675
58.578419145994076
43.49697268061115
98.37137666300032
15.808189561017954
-89.78266627537128
12.194123385092041
20.390154029062302
-81.70181317451357
-47.36149024659673
-13.084794786610914
61.59471054539421
-20.67082834533882
-85.06965543392869
32.08874021065503
-49.46359746463227
59.99320935149149
-94.26311195050745
-62.72174134535668
76.11915703865483
-30.78271946034559
-96.35584611082275
-79.54767785777128
66.04375864175097
43.17757692316914
-62.38780033105466
27.80735601698308
16.640020677342775
84.29571128161894
-41.35265655038083
31.892565079658
49.65366798822254
81.93593967555063
-83.17347651736107
7.694928801165801
-77.46096115834584
-78.89849813780734
-5.361393791506416
-18.085441709065634
-7.441352795304283
30.159995973114746
71.5833796869687
46.21954911288765
94.41128005473271
-14.22382797184379
-29.775676252204676
-80.57731795164251
-76.34873026208624
-63.14530668231182
52.670070178553885
31.92931413726012
-92.87577410919434
75.90123667419996
-62.374641894059614
54.22074311168839
-65.6969556612105
-53.03270840299974
-54.66447113714088
-97.8000301821387
-98.68548602799913
32.18984612818059
23.512329479786658
58.75764520134027
-43.822119725051124
-28.11769405609823
-11.663592883083538
-8.905450997678344
73.42228119008828
51.85406331946115
-66.07089655739769
86.11120979929774
-58.47297855352358
-27.977967752523128
-5.055483891399845
-54.8283472423833
-99.11361455977554
-56.55223579436801
34.568786014483806
21.36714080916255
20.959194043387328
79.46972028502043
6.712632361921351
-64.52974463487985
74.59113192274239
92.9470967516421
-53.00770908163144
32.3342578856188
-60.34998304655939
-13.113106358045698
19.577934451537843
-12.583259061944531
-95.42569399227551
-37.67937051559682
-85.73530725548373
-61.44299672484519
-46.41583694563734
78.02368143669617
32.98252708904033
9.534446693323218
59.17370353865664
-36.213581358363214
89.28188105524245
12.35877174294285
-62.90385699787595
80.79678526972032
-35.19711880930603
-55.670039615305186
-77.59834431150674
70.79292597568451
65.00544948403223
-79.20433099430986
-92.62091041600141
-35.261370024965316
0.9189313660153289
39.84702268412349
-55.05483601994907
-49.66392291862631
85.5654171639998
32.90051709755801
85.00072180653703
27.760940734512985
-5.158623924267019
18.47299498544328
-26.85386237783227
-82.93151199563455
44.16275969462902
3.116880246561408
95.88502065883057
11.713274646881928
42.90900438931047
58.663597398868774
-81.1241381014381
-90.29120245287277
83.34512418228843
-20.96177722393189
90.87300176594536
87.0870511614707
3.7407949721151255
79.71584640216889
17.141775257547167
27.070620704669793
-74.41913730801113
3.143533499951161
-35.73108433750424
26.428427304027053
91.50100651468941
-6.043588712775886
-56.73505046360929
75.49039061400501
-39.528523499677945
86.86728473443716
-12.853904311422099
36.35177897501157
-11.236522921455915
91.76080699374069
-23.121750768698575
3.5068645303129244
-46.03607060446902
44.520808981713145
47.29211411948657
46.28391969625579
69.16123094765126
70.45798087704486
-79.23257874242006
60.29122353011729
2.1905990011404697
27.749682860695188
-16.512745476083396
80.20407084718377
27.91626456238305
52.99572427108217
-90.12851196549269
80.9039342038057
19.491874868828333
-11.692400605846217
61.30812024121869
-7.352125583243094
-30.783910737458427
3.4091166169387748
-35.71077177819994
17.76818668831119
93.26267901750413
-59.35928229108547
-44.65416818983985
-83.82807259079566
-42.74660030370197
-83.93410371961434
23.64942489055646
14.094812134832878
-12.920925720769432
11.720988975664255
-62.741327252807054
69.5444008206112
39.83212147408656
-82.23131169040265
93.976067465997
-54.14685342472878
-54.2695804385305
27.150480516883377
-75.97781397346085
3.5403208984269128
-84.25146988907764
-70.81438629834005
48.90349826956583
96.64796403451993
-47.67681504775383
-1.959663224397886
22.644711283320575
62.66474273983775
-86.1371015266358
11.77134229725094
-76.04279089219112
33.21226795990208
-40.91161136401025
69.97312958816303
90.93253130258273
37.80511226393293
-29.41236498796343
15.298969422112123
-83.93931871186615
-9.250368024659593
86.15304062890567
-11.515703651163008
-82.52523245140553
-38.026079754422696
64.05495020108572
-96.2848567523378
-12.868600481534486
81.29159559185464
49.216692780959335
-7.560767499670845
29.209628399414214
-4.169147331857786
94.31945956227301
88.60467566340279
-17.11497532094799
82.7420527364194
-99.84262189446586
-22.686294058974383
64.00045004193512
-13.741309501440597
72.97706693198879
-14.589160869774247
-47.119820417685496
-63.42551227105897
-20.9105693711886
-39.71571501932034
-66.5996798355342
38.58620889527009
52.917205073380984
-3.7060525842182557
-21.588859818980083
13.039799280005653
-52.31287290970401
-21.68879800561014
-4.139481426284931
-21.423694104896285
-90.93334345311659
-44.02392883454702
82.59095844545877
85.76611969935249
70.51507894091168
-38.45571111281254
84.06247501003602
-84.02586125032647
-13.118755106805096
18.540992065439
-22.208227815545783
31.639173209498466
-33.730950326998126
84.7852255679517
98.9884514903961
-15.15665010501472
37.3731149185854
85.0484590883789
-80.09470482809411
19.227779929335043
2.0529804911186176
-83.7711030500314
-33.11735967882706
32.533298540739736
86.18377896808732
-28.859309955315183
-53.24841627758274
-7.651890927070966
23.666549757016142
50.88365703049885
-27.49591003136844
80.72333451271504
98.88697384324087
-18.32045916183486
99.46846198827808
-9.234872045545046
-94.29907146139705
-69.20221333913707
-30.712998724716726
-64.91815271401174
76.7628046407066
-28.840168397014622
31.49541572166089
74.78479058338283
33.81817538849862
-78.5143346119845
2.032216442364515
74.8031925152053
35.70983293069983
-73.06680028148213
60.953066190265105
-82.27372135878903
58.38498088573195
-2.4236406384197835
71.03976792854368
-64.53700279122353
-90.297232552026
81.02722902002327
59.6930732748537
43.43315598880312
-8.184523121517756
-75.10098062480218
83.79616828467107
6.1211448851884285
8.71276610464892
0.7737712006804571
9.400318991573315
54.80892519309296
-68.50685850057403
63.35896825708369
-16.94345755078126
-29.760852708778714
-95.51751787959859
-77.07400284728088
-96.14290440649096
-24.419017833660632
50.79699992427996
-23.470164252821093
63.24055698882111
69.75336164907529
-77.13454042226346
-40.9735909489789
72.20034126773277
13.630366904306143
47.2199582630798
37.65611068977012
-74.6817863476247
45.10490436677466
29.72680609287005
-6.402112981267763
10.002836718656852
-5.536142920504503
-84.01842785250038
-37.18723112501892
-76.98576691269896
31.025473129188242
-37.709026475555895
-60.272664279034636
-95.66483057359125
-44.206425289598926
-8.295899222085154
-38.1038617796619
89.45174871688118
51.22689360460481
-91.63968204834197
34.537019220517976
-26.98648162703701
-12.726878344369297
-11.935313849964118
-30.131536712286405
92.33417113614442
2.504962233496414
-94.70593162917011
72.22659677636588
67.8136280854286
41.05624337209582
91.71752783122992
3.849716480338799
-67.24573338305318
49.24469965414201
-63.894558756779006
-80.68650381857489
-81.9027602637662
6.555470399251064
-73.39538669268914
-88.01245536326645
-71.32896284089423
-66.5991034420974
-4.018683931112264
-11.27825464732615
84.64242590549668
-71.31978797779519
-56.529734463854766
7.207777788842094
-98.79008359767889
38.77520030323541
-23.922499711296027
12.283178926500398
3.078645256842492
-12.947604081351585
69.15562994711522
-58.615978867429
-14.169011003271521
-92.59591625868005
-99.30538311284177
-41.34562620057321
-89.4122232184918
-94.59146965762746
-97.17342834405218
-11.527039411408623
69.34549680989784
-34.784409819695085
84.97059808679214
71.09170083669017
-68.39949475036748
79.07560334668005
-41.090563070815755
39.52311738614779
-63.311628397858
74.27364012992683
24.179090830404462
75.19326523920412
-48.54196371835826
49.961097707719404
-30.443742539252767
-73.75077856058276
34.257941225504766
-71.66518856082831
-36.32136093672776
12.628575993493257
78.18734212978734
45.313078078925855
51.596972311990584
-46.13929677460327
-56.505002245574175
-99.60035363015372
44.944150995948746
37.43901130767736
-2.697969806112141
14.079861819776937
-5.684281084875508
91.98297762048776
-82.22503826866429
-68.8724897810456
-79.81884059413696
-0.1988779857904177
-30.153883760553057
-47.22174616611257
-18.30569342698125
-85.13145024279551
-20.41190167876951
-94.7581442887232
99.04598222855225
8.489865916900214
-53.27369189468254
62.21671899390162
6.25881301893854
-22.201589429293563
77.96631915758243
10.147756138970564
39.43405223238497
81.72410733119614
73.54757844592851
-24.21333323627144
66.04632405982383
-56.56529787016942
96.99841824113213
-57.25433839024199
-33.68381794813902
-66.2942398059161
-34.35240482682313
41.04251692007321
18.189997624427434
-12.934373621812313
66.76114351235412
-84.07481265090102
-46.48119133510909
-5.477612984002647
96.6628561608899
-54.47816453686023
46.35799798713518
-88.00097714407809
-94.8002210069908
2.0030300448949703
84.32059791031594
32.77923598334306
-50.90147090614543
19.36251204066673
30.935065790024595
87.79539042051584
60.921322973125996
-40.12279921831825
0.48630809721839796
53.81083640057861
9.148336639706486
29.533623965411806
97.47774744885032
-7.409406134379637
95.646428895436
82.90107453881731
76.7522409925084
-0.162768292846323
89.70168650118495
-31.88733428215096
-43.82765981557508
30.138441961854397
51.816039802892675
-61.22301488506914
-69.78497672878285
91.48488749013762
92.09910875148591
41.228141122700634
72.17989909296276
-33.24517978837278
-31.595527279877317
-77.9545207725819
-18.416227349362032
60.67910200989354
-71.6725997195964
-32.64039364150493
24.33186341276277
-7.438728226809616
30.171171566583183
93.78212636294637
42.05547744142274
66.396248761006
-58.89083269419444
-57.520972237224875
43.39387369510487
-73.56339906398702
-95.45106477522118
51.63601665579844
-82.07199144954451
-56.568880864356565
-24.648511500588825
29.635969100358892
75.43795961684864
-79.37527083866023
-8.54312880547701
