-15.951530828866709
-18.910562770862583
85.06181697675342
-41.41927004323887
81.81356635382494
-63.0366119607656
73.19096354537888
28.585829533023855
-3.926015700363976
-25.89616425551084
11.66996926969577
17.990625635983037
-38.73808039751254
84.44323866912666
-65.56302976397173
-51.390179136181224
-54.23023141071977
-65.01283654769028
23.65951500152373
61.55319333617163
-85.2987988660633
-44.972949963924115
-86.3164874555141
-95.95129746945095
-69.00435785199299
94.41831394490285
7.909188663461904
44.89081020844225
31.861287823282368
85.84749972286602
-72.9569797891733
52.765335560397716
-74.4350510569829
-32.34430486361805
-16.52478373624902
-55.27796056204368
-44.77102002579936
-66.2063194004102
72.97578080827586
-22.048778202515877
-12.860536855856864
25.626467015525023
67.34072926226523
8.561984335130404
44.2533652002964
-62.54078007697894
-57.179060296332196
-98.2823783994717
72.12270531157034
-70.24391472056664
16.245332228622118
-87.88127963767695
-53.45924309034231
19.494472611670588
1.015983715563678
89.49916352598586
0.8970235232974346
82.85659628436179
-99.38423077719271
48.72254789272577
-99.02773918148573
-88.6299916356162
68.23935060423327
88.26748974119823
46.89412485646059
-79.25440566693769
36.414136018900166
65.38181931064943
77.27138367488388
40.197923091081435
-88.76014641252081
66.63583155524424
-59.29558889866789
-83.06787730752083
-57.854826329338024
-23.8100053114277
-16.382611938270657
-6.037186305261486
68.69849367485477
-36.56284398863106
86.56582062785267
-34.61014648303393
-82.50996684883853
57.53070631173617
40.67640020740538
72.05519833848913
45.35492731638132
-18.148315447334525
88.45044919335831
-80.98451102299069
82.99139738253328
93.83893422240885
-40.73422833328144
67.2375880295154
91.30589148607731
72.72205669864786
86.37942155065451
-59.31146822181466
29.077866272026256
46.624454496385056
52.22558452838163
-8.325102291078807
-80.34923828214212
-38.10386074708092
-93.94298747695655
-3.058894050822161
-42.5104971874108
-72.4105322878214
2.0015633989561223
17.153135026639134
74.71493119026519
7.802019359462236
64.10153737365809
30.031030135601867
61.092937279970386
74.46414151893526
4.591084974296194
-35.82150183805095
91.17695726898143
66.23896883129567
87.28132471894335
-51.00465287951263
-34.81423000121822
-10.651885602667747
-34.15399010797813
94.02781635024834
2.1414540626541765
24.361660193633327
7.501239940941161
-54.184937243662844
57.369019473398964
50.24999507472273
-20.238485165372097
-65.92103013826767
77.1687289889137
63.046175131272264
72.70712071953466
27.036476455939223
-91.3278366459334
-29.44437300006446
-44.691844915194665
-46.853398299606084
-21.903599688589367
-94.50770365239778
20.283654720618188
60.46584772502558
-80.42346476214999
-50.62076589581843
-60.95742523317649
-78.60882420405687
-52.08268216728784
-87.20753804855453
-12.239461584359617
-69.57355337153237
-40.04284041854716
-27.99305404215609
33.357709128154795
-13.324165022639647
95.06448462867118
-3.092134946650745
82.07597889708427
-82.06812101347343
-8.485920996820909
50.20289317585852
93.47194309506438
-97.30338623881907
94.39089822215979
-41.123668445656534
42.25781205865803
31.73693081711687
88.16368170497711
58.89175595776527
97.1392974891238
-30.618325442593502
26.575642228159865
73.85341313993459
-26.120280930536623
58.08239068885442
89.69611054582515
93.23933469450421
-53.401105938043656
-98.52506598756405
43.20670214184892
-16.90613440581194
59.38662907764518
49.8705010233985
-27.160106678410315
17.922272210524028
70.66319141151516
2.443027850850484
86.61238761379798
-43.711866954262725
-27.984262084865108
-93.64617885805346
-36.06922169885907
-33.766783369107685
-39.51685173996915
-71.28885412832653
27.91555826187124
-60.54427829045559
22.547028225988058
-52.74849828185142
-32.0070644770001
45.1445062824522
-65.67993599008292
-70.38842310150557
-90.08105223439209
47.972328797634134
38.53937682353265
-41.10840983262554
9.869532058351282
7.976744300402785
-17.34519865085589
-31.872985170428407
-44.61829224397342
25.833512865537188
-26.545032307236653
75.5988348390575
39.32667603129522
-11.479235488976357
78.67400689858741
-5.36573299046934
-4.14551720066585
-18.942306310465668
33.342462947425986
8.32215390214364
-85.43935583784948
46.399829119039936
-88.73883931481336
83.3624103335921
-72.58888884629769
-88.21759519848442
8.136397180303874
67.6659253356271
-12.665385387191506
65.722878594266
-15.950962904861669
-77.86250886708494
-24.67322104078403
87.53206335447229
78.00093590562466
-78.59789615436401
96.19381665751453
15.544817550846957
6.697968648186887
19.007397415920366
53.684303132079776
92.55627610326687
-84.12822497216892
90.08977089725738
-38.352713339538354
-33.22547342559656
-62.5668169450434
-91.84148673150729
-56.979848824307375
-57.45259822290174
-50.29439700112659
23.187612103464986
-45.349933685955655
11.180216887073783
12.226191833482218
97.44548788593576
4.343427305045864
-98.40746500045225
-59.77931085813282
82.23621935862027
-5.800477593931802
-73.59064200553362
35.76412600122816
44.75085841902617
75.98191942557509
-19.347096763805098
73.77352681498809
44.71820257720867
92.95021649228187
60.23801425116483
-22.928801279652774
-40.04030871272195
47.669305521712204
-55.9909278082344
18.796754641342872
-66.67556679623056
-85.76610120586182
-89.79770333258286
80.54155706875264
-25.74164189342325
93.0680665174437
54.616688645917236
-75.99671748638895
-26.43007037861598
79.70033871276976
27.089239079748225
-0.7777028032349307
23.077495909964924
90.69419609218713
61.57893661807333
89.83307438179838
-26.063699834394157
-72.3131331021681
-11.297959821963374
-40.74108352395578
80.57097956027715
-4.08900126965672
49.507151717682774
-52.25453162920963
-85.99484575558407
-5.511266530712717
25.958686830792814
35.53676101053276
14.865701244167056
-8.46805511675359
45.892263021532614
3.5463810946439196
-81.40303550931415
-10.069040710258463
-94.7618885940771
-85.09859480277855
-78.11336563207325
28.477475381706938
-10.711376832330274
45.53557882149849
-78.1465722235093
16.86349603906183
38.77319013499178
24.008674840305204
47.32442759900579
-28.71322626013449
-49.49582727332227
-34.682479869284705
-80.0156679671088
-35.633027143593225
69.5112085858683
-23.77939247706186
-18.290081572062718
-63.671317136761594
-54.13855906613918
-75.81741236323126
79.87584307605366
50.51847201921359
-27.98120365091225
-50.89677980882807
22.657619843871174
5.695036342270839
56.24673235760821
-13.397449524255606
87.9422599864385
8.335237463040656
-78.46358860047107
79.6569077735416
-28.164080887655317
0.11768103742473102
-85.14297384335742
23.29305050851525
-8.831986003444058
38.336633124221805
-56.71715535525108
4.747790424725366
22.522139790077176
19.190095273071734
40.10309502532823
54.396502074384074
-40.25348485607976
35.820689515384316
10.483502395664928
28.454242268406603
-88.74670821904567
82.6353242017961
82.06645893399804
66.17800392917945
18.36917801746199
-4.745512049074009
-13.904438262292487
-18.890684324576057
-82.29213279185122
-50.24789692590517
-16.349887590100394
90.04083933941473
4.473466487760774
-21.7716230559235
-33.98552834248862
55.93287427193738
-63.199060971935154
-81.89834956837691
16.078735827522678
33.52603541708706
-18.972650773750672
-41.291314193923824
2.7970875675655407
-15.158907197408936
-46.63168269621853
-69.32462364700713
-37.87066351079971
-62.80310845257739
60.068805214571455
-14.076782525502878
49.748996735144345
-7.622410650746474
10.938985413356875
-48.062201331062404
93.82970036800887
20.874421872292586
-10.420379882734338
-46.899554744866045
36.98836205495891
-59.227045775848076
-18.08033672729286
61.11179907980505
51.63151615143224
26.8440392607652
58.38184588578315
-2.9293099209016304
-3.9258168191385465
59.131629848342016
52.72196504565355
33.42171422164532
40.062089107968916
-1.4877520574704448
-58.91719867632421
-42.7360337646511
-46.13341367829798
-52.01385948802142
-83.99343698512618
4.74552943714292
-11.826803890166573
-14.357642587683486
-71.00490534157132
-88.62117582647453
-21.27440550575426
-24.09120551084807
91.62102841988815
-21.4043611010013
-9.196421455322422
2.7881339129025093
-87.34545605030199
-62.92382370386997
87.61212134288897
-2.9118341120176296
22.543869976215674
99.02709809604028
-31.734046826973355
58.6275969032252
-40.152867985252904
91.88563392705993
17.025600153505067
-14.934758202107062
-19.631292175414103
32.34234995138934
52.75331173301515
5.1343114673397565
54.83498507861481
68.00439864888733
85.5430251679532
58.422749328796044
27.443602808021936
48.33716558951642
-68.54740951899564
98.34728972443492
-12.788544399982811
-82.18402510927088
-94.38405818530427
3.0206303718376404
74.01297907943453
-0.9290769407180193
85.03577343881949
-71.40377683175657
23.03280037874093
-31.930821771696486
-20.63022272707383
-90.78292030432607
-42.83636783362279
-17.558215646910313
1.2004377157084747
-3.67422645663747
31.95829416934211
-4.772657406854535
80.72312638347319
-25.671378480574262
17.13889010750742
77.2376678340656
-97.27591642778823
69.7001891474753
-16.72852913336041
27.173291248803054
-45.78155256268091
77.04742677484717
17.780278299326042
43.02870739806352
52.68220713874018
13.223833438440664
-71.47390931063377
-36.52299135250703
43.95072267373226
6.3422539348956235
-17.490032678405612
9.839321674098429
-16.781612478746183
-17.44734973274562
-4.47057521009846
-16.827208500636374
40.52560410355136
-23.586916818048877
91.01593316875346
-66.86842979145936
59.4283950613023
68.48235861468561
59.401429079911196
66.82701767268736
22.776052651274668
95.57587943135778
24.131007097907613
23.018662906392933
45.334834197504506
-52.961181720174096
-31.090808212373446
-94.65325461282343
19.2564778824526
15.427422335710943
-90.09311582278039
73.5603557252715
-13.634196887442116
-96.3620669890673
-22.37917035486106
82.08319362801853
-14.234539249526648
-50.26234016472599
66.13862385266623
17.353669326449975
-73.65684197515235
6.059883283594132
5.428528821239027
3.4241595136911513
-88.87477993441999
39.5065190787702
24.404664662829134
1.3966715506269907
-15.549707282345196
-79.07118691186537
50.50952532761664
39.87932303090497
-14.398902237548853
-99.03282076819353
84.69498010649826
-27.194361981633833
65.86849939981713
18.78745058589284
7.54371399646115
93.7201350796432
-6.015721261575806
93.40177791346503
7.883479626603133
32.82655606917709
-68.50053771114244
-6.985037729629042
58.72016817460241
37.983444010066876
64.8880875174311
87.64418634673004
62.256363393941
-53.44313383539898
-4.7292633428941
-34.0959212970334
94.15268470591286
-82.6821324375669
3.164811506144517
52.63001058357639
30.650435003424803
18.984561171648934
38.74628374964192
88.96635549566602
-26.762007433975697
53.02817287534009
-99.53893293479791
88.73101390045969
67.8688670057823
-81.2626681098924
49.57394982821475
-34.36420744018922
-72.79085833040382
61.718235821440004
57.816691746183864
20.583259598110587
2.4782287703606585
4.119347171161692
85.66878189136585
-16.744220804180927
-34.06417165856803
-11.952450323365781
2.655053536122736
-37.017260418321804
-80.95543672897962
-46.15115026369183
-37.78615640297649
-49.14908828696814
15.888376839212938
65.02106126246264
32.916663798551696
1.4554110925798511
-98.76246044003965
94.40908011841705
48.25641885079742
85.75490884701105
71.32685849470855
25.677099716654965
-35.54585976502564
31.083923572084075
21.7063869822325
76.04961340387294
-33.56719879708912
18.53575764939424
-67.1535395181575
77.43210218855384
47.91781358423478
-86.36494367628829
50.844020118497326
-93.81956894919243
70.03302100155148
5.722893745122647
-59.39007749052612
70.40762922134229
-14.921957324794846
-86.24957336700534
-49.19177950306963
-54.662645591409564
1.4129284184200515
-31.170644589475245
-88.98713057127922
-12.173979913485326
60.27764719050106
-90.50538075293706
48.637483093832
66.66963191577756
65.72338652157336
-44.71549538635011
34.42643497379953
-88.96123458717884
49.225969793687966
-52.810730221002956
74.603109217531
53.28580568165228
65.81696455907579
7.596606488602859
7.912459449989456
63.915873023316806
6.520286399797854
-17.861164495730918
92.3426263070096
-27.036517679265117
-21.73035730927269
3.135918794275014
-34.96677095217548
54.13016659888254
31.55048699362041
95.11426982143013
-90.98789855257348
-77.08028881959892
33.011606189203434
76.27322574971495
-21.6706687499927
78.55560888456384
83.63675902530545
-51.37924164919385
-65.86627552883033
-69.17082818210807
47.249879024062494
58.71035565475131
-40.613965547678
97.35168092346086
8.26005390072902
70.93644497908741
-74.65887552818003
47.64713183435876
-61.175869184524934
-54.146738721237384
58.739925698379835
88.96601161608041
-59.03675890704563
-53.09803736638059
-44.19058290219689
63.734344950124324
80.71304559312802
0.45434055331790546
-36.12949958292846
68.50008009779489
29.551208275124225
-71.68789609487938
-54.88962106359314
94.02111641619203
-5.279022406537678
-3.0499346471209776
58.64327986081119
-84.05543778758067
94.4941838384701
43.409639836869616
61.887408976707604
79.38311970717322
-24.004802134882823
-2.050365797484986
-26.409889647083546
-76.35563936863466
8.668876446352286
-66.41452386096361
81.13169521504807
-37.669412873529254
-51.290483086413104
-62.85090060314496
35.07358859405139
46.13413868073468
8.108351836263324
-86.11105516799216
-1.1552230209513397
-66.29149755786375
85.89684882973557
-56.09391978526907
26.594773886246443
-95.9331820637326
3.5560098554492185
9.723275509402754
90.58340950664657
-7.27137108425795
76.64665957150945
81.49375570112315
-67.8554611897425
-3.713303461743166
64.32546573826042
78.92596407831874
-94.87968397311468
45.63485059054028
-49.08618311559039
-44.05034702973871
23.464867256394
-15.283292162531012
-62.7217573844105
30.75194456982601
17.675791036824663
72.95041953416182
-76.27856172782046
1.4986904042161768
-88.7137438364609
-40.20246912553229
63.103838997139604
-81.72558585246665
88.91403106030282
83.71345126448927
29.886789536360112
-50.127777945578856
-24.357722546641284
-63.10151179984509
-62.82411573599332
-96.26138300347313
-72.04338978550888
47.17632173668707
-43.24328843901477
10.386344855042239
-79.95618901470563
-25.66518626676752
90.5805575604054
64.75366661606586
2.7838642624957686
80.19798454322674
31.75679658909945
43.25164607367407
-70.57814248207703
-29.801155287862045
-84.10830140692083
-1.2982560993601453
-25.638099407622803
-88.79932834329311
-82.64603517830118
86.34285912385985
51.866558782157966
83.34719689681026
5.126549183430356
40.23436094864647
36.011516246368785
92.95210529299837
22.67434943452804
16.980925630482474
-79.54786915736719
-90.74099789033039
79.83772054278643
-70.10598018779473
53.073382186993285
25.054797240125936
78.99266930525116
90.08504637357052
-45.132295161216554
-81.19324426056941
-19.219142283186287
-62.76801419443376
-64.34183728781557
84.46257364946658
-40.76403438289973
79.79340000573677
-77.86825267136996
-75.7363483489597
7.033665385150201
83.84235086544774
5.5407152499414
-41.11146481075152
55.32540725701415
-48.27373707777163
-23.591691499149945
95.6401405603269
49.43488530905776
-79.25193627811306
88.3305047731489
50.989535240024
40.85034833112394
85.10333671668926
-83.17038435117257
8.320753875873393
-59.07461800269911
56.42650259673155
38.972818903525535
97.04214195706987
-87.67401823790242
-38.46568224602376
29.323366552505718
21.79722758595952
32.85877909891627
-71.18410454935787
57.20677349930406
-15.242952299001217
-62.67385351919101
-49.985208789644965
-7.611129686077248
77.94581716956074
45.99258089278331
8.946715699495527
98.1507285524944
98.0669215970679
-0.1716410113550353
-88.07995901458317
19.751505097160617
-86.80108508173676
51.07663765542853
-61.2523522395096
-31.96756152231886
32.732865403638044
75.86345089047435
47.45736422102041
-62.686565653907024
-62.53735504658413
57.76710870470484
-45.487253719766784
-19.770867634463585
-49.60565855853418
46.15697085413797
60.230739910832966
-10.28479453452465
-56.740378336734196
-6.156098061954609
89.14735922140432
-98.95171038115944
-69.06275073088177
11.841791950347556
50.668331126908726
-54.10765935140722
72.8460195787408
52.409477719306295
20.498961783105045
-71.07866619885854
-8.266972940421795
20.87339481346274
-65.72389574456497
-2.0960268036192247
-15.093331497991784
7.2997398715857855
30.836009400647555
95.48791884896372
19.06854270387666
-11.073591527101328
-24.572454307547204
-87.85367495378138
63.39247936892926
-51.64350982584913
-9.28486561062985
46.81603581268931
-86.02385054969687
92.83366742897422
-58.89418735436587
-8.551186448390524
0.9606228917535589
-76.4814006831169
-87.56924577163834
-36.38468149074714
-63.161328101092806
47.798309000852356
-80.26130485827142
21.92439535238566
49.22018016473345
34.747926339979216
46.637980143219636
-82.03740488864632
66.76857512699647
28.400073998438472
95.63569640196977
5.6632260436089865
93.15153844642649
26.811961246215787
76.34614557760892
-23.649483296711367
59.50414153789177
79.26608045244706
23.47616386554303
44.84707545709139
44.1837234647752
52.18756203518643
72.22015493850907
-84.48756354260196
88.6657679533985
-6.121015740212599
-54.99173271702911
7.835478339938234
43.781904753842525
-1.7575189687886024
0.8841571078351365
-79.771834817801
-67.00775015223627
-92.62475806690298
90.6565027041701
-94.30499508879484
-80.16467984747572
-81.87994783699838
69.67617513973235
-57.69711891923157
12.214552157614293
64.82154292592753
-86.94882316456498
-20.58343546266812
-88.15647945597019
15.370388674298013
-88.08121811312981
-89.29724393829683
12.492462402913503
11.226259005343081
-88.72264459037027
-8.494680510768788
-62.544189659564786
-94.40135694386522
54.997804460434594
-36.589594204152085
84.29622408675371
93.02852823443826
6.9342300678708995
39.32432000308518
-35.80282044358955
94.6746897233833
-42.22479745595935
-72.42590169524973
77.50144241421134
-18.92967665325753
69.42802249459615
33.63049458103134
-48.59086965082251
-94.72153803498038
11.285686867155647
30.001071782232913
-97.69317716123007
23.36813608304098
11.43698601818923
71.60956055407047
61.29059312864035
-25.153678031152808
13.397748233495932
22.410614073158143
-15.843136359538661
-76.42346007076866
26.07094231099684
-8.90389293871965
-36.38489374055916
-23.77542789080647
-2.9216623311455976
69.8997316399203
-78.94646981267921
66.80916544565608
52.13197628427113
33.648598689888246
4.1175966672464455
78.40818219049504
88.23552938391401
9.874526976042233
80.89535652546292
80.77330463859428
-42.43886896221116
-77.5900484467839
-33.31607471546623
54.0392264603
0.037561584313124285
-49.8439538710574
-81.06224529421948
-22.85149081322271
-14.807995392727861
46.432951759000076
-17.782075920205017
59.84647865260666
-26.704592615390354
-16.23778990547109
-39.214670084111944
88.09454677915576
