13.795841520681606
-92.52905629755057
97.69581728356894
-53.01235669630104
7.301849817736212
-12.036478580566339
24.776545966685305
23.025847851680666
10.347183267324596
-60.49973322116517
-96.48489410007943
-21.606933141970217
48.22184965232256
3.9007094510178604
25.239453391583638
8.763767981594725
-85.75764840670685
33.21155192539112
35.59776297139595
49.508034903448845
99.05122885611206
52.78754102779064
94.75049177388874
-23.530050774759488
12.797285385776803
55.33431866908626
-42.45710072318882
9.743674300257894
1.8178071159047136
95.51537340603912
10.101808378051615
-62.24681900874751
-89.2927987836474
-52.30461748779711
-13.850931055336233
-55.431967670027625
-38.854873108800426
-20.14450001091808
6.344414923214245
93.14734388524042
-41.48683158949138
-56.54709694251827
97.57465289195582
-42.7941714426735
-97.41211747568084
-71.49179121028422
61.25439320465463
-20.892897551196455
-89.18181183852607
-19.1044082939234
23.785516536964636
-55.67692932467347
-72.16792325815638
71.09137762711507
3.1086636529092004
8.80763426160523
41.541068975628434
-89.41638117399499
-77.81641429665436
24.95173875872743
-16.146317452075436
94.45215123456833
38.31248207846849
21.720446635190726
-48.61761663022071
-52.46115766128998
-27.58188584935543
92.24981132184044
67.80872690532365
-51.67879346982496
41.961949649806684
-34.81623495884469
-45.84227287756677
80.63562058385614
80.3208315959373
-4.672584935600071
32.077265360656895
-45.67510315000636
68.98108447771958
-35.71112702603993
-64.15376538872289
24.097566702203977
-54.186032905389084
75.14457798692348
10.772623184731515
-71.53545468962847
-35.693863203063
75.34528813600681
-82.87864706259205
-98.53660104656834
-65.53819967230095
65.39361374556799
12.63365138058316
31.269177029432768
32.70445816594642
-18.160846518892782
-17.939062629458462
42.91341789114486
41.54746447029612
6.984459776722446
-97.59311424925588
-89.60350812005989
-67.29197991383478
-10.549677236696937
-97.83629491782074
-0.6310913581378799
75.44961723537529
89.40525121038763
-94.48508728744545
73.34804018105501
11.905524849558205
68.98079882365377
58.457934882545146
3.623340422901734
48.597343653488565
64.02102626456758
-44.081464648278576
46.87832184318498
44.407044647063515
-89.38628613852688
31.321640146937824
-24.826407636455755
-85.81726352762324
-64.05320578024933
27.45264692359592
80.68365827693594
53.997447988127135
-73.99351279824737
-38.409653420704124
-97.25815339002773
-26.845015669589984
14.880413432098408
-98.5213854257241
89.65170691354118
10.722358759212796
-90.88451491732748
-3.3335441080461408
-18.821397370834063
97.82235959917415
-98.81177198005062
48.37883407745062
94.81194556158752
13.570787581672292
-50.749147968291375
-47.06210629595746
-39.86021287594548
-21.509947476795844
-68.97553982141658
78.461948778222
12.477604401156867
84.95571877470417
-11.552140143684397
17.108987472250135
63.241770057612825
-60.52978495867289
25.34815008159677
-82.52600136997161
70.42883214402505
85.04845026802099
-65.02443915447239
-90.69124764057082
-13.462497469132614
-82.86826971039456
-86.57705097360628
-54.51235045267659
-76.32838453007322
59.17516785740128
-13.299820641359617
-57.773848988079266
-1.3945801854307973
37.213700759480616
1.2267745334578706
-61.56047250693353
82.85193656764119
-66.85181477077302
49.31008249995864
-5.526413221904306
92.87797555049082
56.59777350291358
16.62898523571259
44.08841321174771
-45.85372164836794
-97.88164572536404
-54.69943580457439
-61.49610112193549
-94.1128798923329
-29.595469296494528
-64.46703345511173
-74.48704286928955
-53.650664085836965
64.30870610146428
-33.14905376413317
64.62467900326237
-48.61890087045215
58.81018008664182
-46.72267250459492
83.97898085712347
12.342514081082712
-55.92743015600337
53.05607942093346
20.320750115361406
54.868201116749134
27.83045942038956
66.76661023289347
56.86827083359083
38.214970991074864
-36.29862498345378
-14.52537807279073
29.874458958580078
26.43353326684536
-25.17965762139052
-38.8595626334997
-56.207677063938874
-3.209433428793872
3.561465441533457
6.080207681814187
83.39162823852337
-10.782855824893971
-45.1938169407927
3.8606558233676367
-15.437110796606632
38.636902286932894
66.52831328077963
23.149276446630097
-0.6469659065486013
-16.94351903467721
-85.85388492536484
23.88853201379561
-31.06306855763232
-96.68851415961232
25.696151028970064
58.76515277909897
0.03404626484299911
-27.870827160837663
20.435841643898428
-8.086990144745627
-37.99137692607264
60.65459294645066
41.06061430939326
55.19491894046763
-84.95443770145008
-32.4058002100265
12.838444574413572
-85.92091738616692
34.41921797152153
-42.50498752970178
25.659833592599952
3.451557136177115
-72.01241585776984
-2.294893305653872
-1.7217051367230312
4.602149220478708
25.56073794562721
-82.72788753449751
-12.430624197605695
-16.581650942448874
-99.93492419732615
87.37101447878001
-37.866358227458164
-11.934118436452053
55.22508536826584
-85.40174119764153
89.65988561025199
49.91790821206391
-5.465556029890735
-57.347797602716795
-62.29230639813031
68.6089763033381
-37.895264195061884
-22.098633339060484
-48.2870761114002
-62.82653114668548
8.444096582693604
35.626514858622926
29.702854045227156
90.74719764415408
-11.368885620856645
17.058756523607926
32.76568924789754
94.08389780831828
55.28743868381929
-42.619539826362725
64.95555398728484
58.53979943217584
92.27737109538867
48.37788002298359
48.589311078663
26.31818776597798
-55.921612603197346
-24.45298551580173
-93.91892079389036
37.14156270861312
-87.88846968384547
-15.6098612256597
-6.607646129851503
51.88628372987344
-16.935082433310882
-21.08560638329581
-51.24715716606008
-43.34655417942683
19.712650497047917
-13.09828622666123
67.99805455544603
2.148599003347826
-74.30013961180072
-44.352863880230366
-62.993428447529645
60.98158024679907
-41.39898597097744
-61.154274946133924
0.5712555763862213
86.43525662361438
-84.81956603844887
11.04840298000667
-94.52931697115878
-95.3970928518266
68.62675090651072
-9.121426510483715
1.4391525683635962
-69.28302365780542
-62.29720091867381
-55.852382537458276
-6.99218040964405
90.87100409812027
48.97647817991984
57.786288041756166
36.25952659054977
-43.59265437472124
15.477979226357604
-40.809691613029806
-42.033471196296546
67.37953389378194
-10.656769473464706
6.255722829585437
-77.65028200834902
-28.85087335301499
-54.56050051115273
19.23668917883772
-15.623059218746178
35.58113465471092
-25.480199582825975
30.16107460599619
-86.61879803165291
-53.77489789387955
82.6753083803608
-55.521947580870524
12.317583379443263
62.1059853623284
13.501439850141466
39.996704644920584
47.59651393575979
-17.703907736050056
5.346425065839128
29.34556063499997
-67.6387517133171
35.96830603675383
61.78917246112147
-39.008272568076464
-9.547020869410701
-68.18649273130467
5.300878880273558
48.76719572717124
-17.38582983182293
91.55178136293921
-25.30170078045373
80.26199170689375
-16.74672003060023
96.49050002191655
-41.25423982416374
-2.1374591020158533
-57.508749158780304
-4.156819117077077
-9.43342261053617
-11.45022149084312
-49.99814950886792
-25.50296556174267
-96.67426166772673
-6.686064063843261
28.362060785896944
80.17083927972433
60.07686150207317
86.2074451635786
52.03542666917704
-76.17401343264984
64.73417073158907
-63.50295260749101
-53.16931977247445
-0.37135921985631626
-18.661809870837473
32.66357048172307
94.95663234392254
-31.610357011485576
59.125430522340594
-79.03530915089985
-97.2432496542479
86.18574426210787
-79.44851014451284
58.16466737506033
27.027459091913514
76.9528932536916
-27.190985367021895
94.75894494343063
32.42613251482581
-50.966940796982826
-40.67768126557012
-35.77866045124762
0.22020271041608908
96.04590489138599
67.89027055397733
-63.774793579582536
-88.68894679067101
-7.147722784884408
-41.20109025006562
85.08527954721151
80.3869347090237
17.54788380198751
-23.80674078792447
21.83290628472949
-56.24896640544017
34.79965616102814
33.34323217695675
62.59552956245858
-21.203274748313632
90.54298278583715
-76.23044526343088
-3.6177899967222658
-23.69269996164944
-43.166560551243705
-31.033679672321938
-89.79747720543784
-73.66735950755645
-49.1967632572899
14.035609076395644
95.16236587598786
28.93254171233866
-45.49022186408504
-47.48242570641317
-22.12215198355942
-71.35052136908939
56.228904632555356
30.159280722124265
-26.052441337719486
-1.5497783633736475
12.24545009282059
7.572940243365963
-55.37024173649312
92.01613922358399
-46.61437354053932
41.89352373837579
51.99095114464495
36.49904723987797
-74.98673503052211
99.37257813762247
-80.41826166638467
-7.725208091868936
14.894930674073635
76.48099481209147
-57.04381026751562
-6.9725969552747245
67.24426455161739
-22.301874632636114
9.236384037776062
60.761836941157696
59.76879979244839
10.438714020473029
-37.90539651975595
33.1396196844986
-57.031182160400576
51.20998317756343
-56.35015453423542
53.77668838025264
33.513114961571205
8.896154906989182
-87.76728963285099
-71.43369955983778
49.99098045597006
19.181783818066194
-76.98794572107954
-71.33181381926919
3.98562586252757
34.85717988466544
41.79552130519792
-85.66717946723634
-80.59573307975447
77.42702434473901
76.9917192772644
10.524956084100978
-79.9735240010499
-4.519890687693646
30.93172715661089
17.77280440105335
-40.15120115941253
94.70357685215899
-2.975264010756135
65.59569011154343
-55.77164961855034
-23.443513047366338
-61.973692665131864
25.084268607878485
-98.2850747787954
12.193940582490129
-13.593591864745108
-11.523113223395626
-44.14045679676511
-77.17775585671347
45.514333838053915
66.04174603639893
-26.628254676300173
46.96604976676048
-53.23108170063986
-53.8461288648658
59.85372959469274
40.27332332484045
-24.442729762461312
55.586665539448035
25.02749957370429
26.945860811810277
-53.76469186904353
4.661004135817677
-13.044333361983135
36.2275665955209
96.6497511078876
84.66980607419094
-2.191171883840653
26.44595980001867
-65.91351782400542
-39.90248996933805
87.7485648253421
-66.07370231133055
30.15389616999886
-95.09952284984722
70.60909461089796
0.23527245521862028
41.70179020774901
9.808255391341802
-37.93037240936255
-28.691026244105515
88.95856979398417
-78.52320478944617
-74.26844017888627
59.65428814860368
-17.713126890012745
6.832949048205506
34.387465386819514
16.600069789875164
-94.39087989373643
32.79993544782283
38.466763135289966
-78.48000177405076
-68.03575194936569
-65.44606576465102
29.0660072683672
-95.18743944327035
39.36742625469881
-53.8251656630307
-23.73329691868129
-67.9338408833682
-23.87976472097509
-29.701741092827632
27.65292914720014
-30.047308131107968
98.9465389204309
-8.605811405956217
-47.57643078471181
58.33812755726245
-47.65857233288451
-59.501140711727714
72.68254383484782
27.94952274875979
18.50327575287858
-11.626717655670959
-38.72647526555233
0.8764030278669281
45.37236796616611
83.91912017677629
6.7018795942791485
-22.055871866671083
34.45098870755524
45.53715227968354
70.50340115549119
66.74113927796807
24.10563500864349
-50.73191888359418
-91.23113501879818
-67.28290276494403
-27.409873338263765
-5.216020260622329
-59.748615432613406
-9.080557653388027
-63.90209095376853
-87.95027926970253
97.28062489532863
-41.00212400616545
-61.61220148261337
13.732497379041718
-4.4374636309517825
-42.725269079688346
0.3720047643827513
-86.39989143800663
59.756741508051334
46.967420743660284
68.95298152897621
97.14142199290231
25.24458314364344
-79.78010811149915
38.522019033064396
-14.077738014616287
13.082536483734032
-7.800708286392833
67.88854327071701
-58.69063780021262
46.01000708057393
1.566163947478998
-96.45219621440786
67.3177062487452
99.9055869065551
8.663499393980857
-32.07309834174579
-53.26634949115201
-57.10697005137657
-54.913861490820025
36.73493312268238
62.714510508775845
16.66589444964896
20.95019031812639
81.90452048031517
-94.32943062027697
-80.47362390029029
38.30229752874263
-54.39169952574894
77.10043450568423
30.326596397398276
-15.855792482049935
-41.33338605161636
94.44116010358835
-69.55060872520562
-61.29805884202286
-43.964755418420154
-38.56812070852826
-46.802974186369426
4.888510894147828
-64.51274513404286
-32.50498144086811
-37.55844042242822
-85.89527376839736
-87.69536214695799
47.3619406797813
-2.0217670705336275
-56.054490976640906
7.642743566937753
18.101969439674107
-74.16953917720105
1.1343325811308063
99.49806302672567
54.56691014425405
77.11020803792786
-38.414490906392814
-64.98439312371323
-39.614937563813
-97.39062954510746
39.46565815511411
-63.20991666960356
-11.718982492957679
86.91921764334847
35.47059549517212
19.45107237605042
-46.53184952754832
72.58751429901795
71.87242618480417
46.69560725160906
-14.787070007729497
76.49527439577659
-97.43061782353506
-97.7069388658429
53.24610125843313
-45.18858291297596
-15.63236679630451
88.6183427391511
-24.69921085049404
-10.1614666498742
74.10194723460805
-57.35135498887143
62.23471656169798
58.40257360207616
23.39355715526925
-77.3775066997542
83.99818509082277
39.93017253911589
86.33174102640297
-12.686269686079669
-1.2796231867871768
-43.00357282884841
-64.13798214478253
66.14526615665869
34.048138490358724
-79.05168775674463
99.50091911938586
-11.893342612961462
-55.8904431203882
96.64545715977138
60.77121667197204
69.4757720865629
9.621042731684952
-21.27207502526862
-29.70696233773127
59.45745237740766
-73.2225064631604
47.237348838269355
32.97603993202938
-13.927798196586764
-95.15111119894752
-25.471672872622307
0.12288493102107623
46.39992876802111
38.853451288129975
78.75057199431063
-49.79449336099657
79.62709672570233
-85.47655922998474
-10.001699729256046
99.32709318997271
60.82295766534489
-44.912541775569494
-50.051914423716326
-42.69542406669431
-45.088640166955265
-36.600514873551134
-65.45921987513972
-16.277449010334635
34.889148654244906
23.28151010461876
45.58345815225394
-84.87202106316244
66.716900533455
98.55236422812138
-14.17110965256434
-72.2270538997033
94.28410672874128
36.31153249791913
28.46253039466967
89.45820337264178
-29.451664699668115
-47.42185162505237
64.88129948448218
14.371412044890903
89.34557910099562
-29.2178760677472
84.71194216202846
-66.2969311314238
-51.364115845797656
57.16393433246037
-15.493735501615063
-29.348201385808963
-68.74904572944294
-51.54564385262288
-84.60512329726888
-8.374058971945814
76.46729509462813
-61.940976764918496
-65.96744378633403
83.72029771751016
50.90177272220777
97.74198031074107
73.81230372302221
-8.469001261121349
-25.92264428032287
-38.43596264761013
-31.156712668390327
39.56254825359832
-42.63532679184026
-92.03221011913278
-0.11097442037397798
-23.21312691243331
66.08344026248088
46.287280081070065
86.95549498733803
76.6224884075321
37.4501252219124
86.77174006878963
-7.882608579159637
-49.1759394470457
7.940198935470491
0.9858825919929899
93.7258465329634
-39.705067098233094
-18.92249236391102
86.08784850028249
-37.63949043906925
-6.469459319966987
-49.94148499391304
-66.31742641589221
41.15834290111982
81.17088165576686
-49.26998293123963
41.57682179996718
-9.684229355614946
40.70436827739047
-74.11864091771122
-85.70862688142789
16.149578824139056
-64.13287303718053
65.10915930244693
-23.97987191756468
-16.27264710316551
75.04609591182094
-0.25345021431175496
22.68233801517181
-38.183095726422664
-44.98205984197692
23.225411039842896
12.55509451743508
-7.099962629666862
-24.092267933554083
33.58078272542514
-6.422460036297338
-39.650013463966104
-76.20045826752664
-48.24952780006655
12.758931898370378
-58.270560561380826
22.712755976894016
40.36525854419176
85.1457616440079
34.77100208536305
-91.18998305149367
23.275761604285393
-93.58299190599118
19.591957716289784
7.10551644631785
-50.00270820771813
-11.513346141133567
-4.044675804401578
-72.18937719893397
-41.53560370681271
84.09011907930349
57.04609406756475
85.07130816781233
-99.39232304214998
67.53322240384253
46.697241916644515
-72.37495509185777
-68.07281059015715
20.813256914923656
-44.37627042704291
-96.54858662694568
49.68765772183724
75.8948262264932
6.685418879264532
84.8548496733413
-29.323751673616584
-48.090852381581215
-97.6551487842491
-76.9604723991268
-55.152336609405324
-95.77135453174235
91.15893661256808
-62.341415258575815
-46.299761106298206
-3.5224888874580955
-21.148929824701185
-5.690165264218521
-94.49400777955665
-40.907399641469745
25.322593786943443
21.412202309062508
-70.61049362166997
-3.0064844063844447
-6.4461305167714045
-7.334729314400775
84.6922430687107
-33.145889450273145
-91.36082199446881
-55.25161785882551
-64.69788045473616
62.66976557039533
89.97760986294762
75.54473776770308
45.644501551545346
45.856903710588284
-86.44916415846224
-34.322813145148714
-34.57570775704191
37.831606639255654
67.79703981541553
-40.369946477000894
11.86744261463457
-16.823354495254648
88.95965574505178
65.50946568398331
-53.029928094906985
90.20271167122061
-70.33726449937578
13.606641315399898
-76.0439830458923
37.891780587296466
-22.360246073803935
45.58404404099704
-98.9651576946206
20.732878506431888
64.4378028163261
-69.99100248582226
37.86567856446305
-29.659968241228228
-18.91586610390914
66.02288219965334
95.58906008336825
-83.8300344130642
-12.85835273285781
-79.70161517852324
29.733914163542096
-78.53817993650311
-78.18721283272876
-25.186314877803653
22.68978898504723
-50.91992249098003
-94.27589601827826
18.568104281139924
-51.44100913416247
-62.299786048665574
-79.3985666496724
5.064636436213533
-44.95614813044888
15.250916677852274
-56.999870124858035
28.803347773442056
-25.624958113293346
35.04210194041545
-88.58048083604257
-14.427335347289556
-61.04049708868744
89.58509979517123
-39.2943128702762
-54.357550971468925
37.28975162893363
97.59573876062905
-75.01537891616093
3.9928026231495863
91.66683007770138
60.98028201367097
-31.34045974878306
43.59363044077017
-56.365457064130766
10.860417730866985
-20.606192243548207
18.320088558751692
18.274762794457786
-4.207279454660863
-51.59976133971873
-91.34639948849595
-33.347411704767694
-62.43716370466239
-27.379862352816843
56.43687157897597
0.8867489887765032
79.34192340386431
-32.88951752210218
-4.670742000984205
-67.64852105624952
84.45239403752947
42.112617399904565
-24.006167484325672
64.9781604255424
-3.6019946525569964
93.27456495154246
74.17247977079862
-17.97630849314909
12.04542061058072
38.14462988527259
35.228339492711314
-2.47766420113787
-53.44922684381923
-82.79112489347602
-2.3606708666976033
41.260666035707516
-75.90889508913878
90.71834502317128
-26.671186472401814
-83.17246529346762
-28.328374907377224
-70.03180474446955
-31.031097525700787
-1.5010546964133766
-54.34517488845492
5.90430745172057
-93.25272338619332
-86.48535247333338
-32.01228510856602
36.24013374803175
41.89134564982231
-84.89031679709578
-74.94287021579512
-74.68107222983619
-25.080789923324204
-45.172246247897974
48.163149949921234
-25.25841400291236
42.19396112359166
-4.051620690372971
79.02605587276472
-50.41614474130072
