1.8618591434093759
43.402099836623904
7.865887604332556
-33.47840475124822
-51.97704166091013
81.13500823878525
-97.32407479004979
61.05162602996771
-31.176355436808905
-66.12663175568426
52.47919929337482
78.29105127783765
-23.55521093816111
-23.63518637382316
70.52431574472453
-64.19282893502913
-71.24371562709236
24.784374471131727
84.62029316323111
-48.595421165551336
20.717926340480858
-48.331859661905895
-36.28160596150101
95.34442615394562
51.230610894747855
95.86599030044673
-49.43156608404349
15.04034576073056
78.44254731075037
42.91635237348686
-8.902335879029422
-40.871705717517706
-96.3799859923099
-71.27162647202196
-31.30374562122644
-81.01662398725892
-46.92846407774842
64.37216251831211
-28.619738290345097
77.80459037622461
-82.6482284362447
-97.05915160037162
-22.0915902244234
5.420951015577941
-62.94394645687598
87.82871547902721
-80.5903618219135
38.79968994911914
8.686155637485228
93.68843085103498
52.13781522102357
-21.023223281469853
24.19006736954347
46.60284813654215
50.60427384636944
-18.45342569663015
94.84300677268146
7.064900425935903
-93.49111118538195
99.39353314661889
-54.98941093251637
43.76615720992686
35.189183363196406
8.411038436384729
-89.88216667828202
-37.08724856404275
74.07770128642835
-30.971997468762964
-5.231214423048286
41.12449307923771
27.673290113358433
-83.3505939540669
66.32783987345547
-72.09544067138202
70.50710434126242
-29.139712565423153
3.037054588787342
-52.61111065090229
17.499218432912087
79.51279467378714
-98.74981828318745
71.38718353791666
11.304846063294363
88.795589825391
-24.25800363394272
-61.85533053184895
-8.60021344317829
-24.163456473897952
-59.08684735997545
-68.84672274735688
-78.40292969259299
45.835898127049745
86.35207477693095
-55.66953083269313
-26.072119637093977
76.59328233092023
7.753430369398444
71.65179219146307
-48.280841563512425
97.55427749198029
-39.19095470931757
84.76249108054645
66.38080902636614
-5.615050341985167
57.815154532986725
-94.76297990212802
-48.55921768812714
-93.51079356046547
-37.685566263459116
71.55193566613448
-97.32835202611318
72.84506852660772
19.129441640341668
-20.886615570035744
80.23403097900484
90.30006659151908
54.57866921694139
38.02088222621006
79.61656735232103
83.35889974864043
92.91306178650535
-96.46287309871087
-73.43712843215823
-18.03950355235213
-28.38388679567798
-77.64496077546795
60.278600673660264
-18.736968071050256
-75.54234340848353
-45.887463632588734
5.990468065279742
-24.472598211618475
-44.651855132731335
8.436886778243192
-91.67190267154042
81.89883983939404
1.899174131854167
-43.48163387033151
75.99611569614618
81.75891948293292
55.35423267172908
-5.701298564639117
41.138490976779565
94.81335886517064
59.90068047921645
85.8612945984168
-32.62328502581214
-18.61033186091757
40.96663084103511
56.71513355233179
66.02421906595171
-92.17256825608366
-53.50388125615129
13.443126093807507
-96.00027143483014
-17.88517930118401
-34.34708908509087
-15.126036656417426
3.1500455877284708
93.73333554911832
-45.60395054894324
32.96670038153263
-44.362367753855025
36.61832663424576
-38.24739479865977
-7.492967411325324
82.82748520623602
-0.05356804945198235
24.815206214838213
52.89560556143809
-11.462923323798051
-83.8957128271381
16.36911549211051
-93.50420431551075
-94.1907856981719
63.85010564655218
78.83001795274771
26.383331128517924
-95.81058605382664
-94.04826749063045
-92.68388171493463
-21.868396082332794
32.9666869049409
-46.284418157616635
64.77717039839993
-43.2924543572462
-7.778919644180164
10.143961201266364
73.05842117441128
58.37873407372601
-54.52610847535739
-71.66600278511083
45.44101585587737
97.07504587660446
-7.976378835010507
57.48694649408756
-15.905279211997382
-93.0032417382458
-73.63397747315412
-20.09017454128241
-35.875251236734556
65.16318568125573
10.044735509247033
-8.373261642431885
-59.58926711390751
56.65782592852443
-15.464978987653339
27.504281043885143
21.30282266751213
-10.4741845846618
47.72067753418165
-52.0097952361944
-0.7472604044762079
-24.09534673212397
25.092393996961164
-41.72221068564714
-20.201250262234097
-21.72342488319407
26.552663685688827
33.00595688949235
52.71779454426911
42.501131903044325
-94.03193406156434
42.45831560151339
44.02728525980507
16.89702193595562
-8.202848757119455
98.40031310977602
66.75143508559631
-21.867334842557895
27.750988137925532
15.782896374773173
-35.26575917346288
28.90705227867548
-98.7071980318343
64.37614472862128
79.77275522812263
70.51062157063478
-68.10472711330311
31.172133169293403
-97.62145390312715
-74.81519466027635
-87.46262957938558
81.37055250172341
-16.931463335514252
62.242429463278285
75.32679278966475
-12.550641712442541
-29.021212840064095
9.040324696125126
84.48331684309534
4.458698658720124
44.99244966588526
42.26431181631335
49.72064372781301
74.69269880129676
-8.015538964044339
-58.70745631514136
-41.880100481769844
14.835069046111357
43.01178807057988
6.155890473162586
85.8612019072485
-91.1674354669645
-66.14308780910136
19.131750185354292
-63.22097278957819
5.510449356611005
-25.8566807827804
-83.91779490208371
22.36678481153882
-6.638045884978652
7.600382445645224
-45.04260963246098
37.39106772069246
-2.4595519270623925
-72.8596095532729
91.8544611392301
56.55898537285765
-15.038607605423465
68.3191662138085
-60.924254110355115
-67.8559599769204
64.49775753748042
44.131546771495664
20.92972986198349
-90.90144361878838
-15.38274288598356
24.10505946852912
45.79503443209043
-74.61934427116412
14.35658859217503
-13.279935383767352
43.330125122741634
-65.60086990455376
-70.81776429828628
-1.2302974931963462
-35.74968730842927
79.02355163180292
98.08104343061069
16.616522693214918
-41.63861478366972
27.15585008811361
-92.46287451289732
35.57641683988169
36.26675900982741
-77.43965203833996
45.57790096100206
91.31026272695581
-14.153514892956977
-21.438524473980863
89.81163327487795
-64.54195907594439
-34.43883752800154
-25.313142649349004
-90.96048449952121
38.21224714040051
68.1951671284331
-8.118071371929304
18.60488699512304
21.78520268545303
-13.710766632620832
55.270995804018355
25.234452274687854
-33.476414030365405
-0.3405091071398374
39.325005933759115
-50.770821912891726
-21.847303404197362
21.07159890136117
22.78252222873975
-27.367891645718444
-48.80149272285781
53.93924621273561
-55.31517184704706
-89.19007771336516
17.431393229115173
-6.300173324473661
-33.07458864370736
-42.73854755429352
39.57001560329644
22.589018806919498
-20.454835981743116
-9.137797823069207
7.303401196914777
14.862261169929369
69.56911793152821
-23.373193763013774
-1.4347190029332353
71.65438992633537
11.32122357220537
-75.56987370430402
85.39067674006228
-79.85359698424395
-74.94738684370641
-64.83828044444417
67.30385618630837
79.62131789060737
-68.92734274888906
96.65642840692027
-36.82920519630255
-25.09758505512349
39.303303268951026
29.70633796619984
35.94210315287526
43.72216239532568
-60.121833798036974
17.491994275809148
92.35204084227519
53.25985005298378
-53.72222039414227
-92.11758019625063
18.253958605806048
81.38678331499176
7.814220520883737
-91.34677748362485
91.58373731108446
-22.417712954600916
18.078711924220727
-90.30610338735747
88.91188604077715
8.316615462509702
49.798220019757565
54.68654622981441
-80.25344695452068
-88.5255272990831
6.602629744486848
-1.2246579649681308
-54.64527181171761
-10.016817843593188
-1.4593039484930301
-79.5018413500633
38.17081647087056
71.41340231450707
19.663596821768834
-85.82830520558142
-35.9547343770419
-98.70648558514905
58.82879334247659
-4.755112155306705
25.22647799819488
0.976136477410904
-63.35867421750061
67.61454661849967
75.37014137879424
80.2727669629034
-36.566876782681376
25.377299542938175
83.99597584162822
-91.3646106404238
-59.66599184546442
-42.105640353358396
95.1369547073553
20.935873025150016
40.011559368678604
-2.9718911150035296
-43.75894085203414
15.057588175141518
-11.297971574753035
-49.03888617784769
85.79786997990286
44.32614051754297
18.785396117100106
3.3809052712362018
51.49798300743561
-34.29452006957807
12.418180956295373
-47.39565281590712
13.006758256451036
-28.188718377936965
65.338479452267
42.26772725870998
2.4250108495615734
-1.8563904127424564
67.87486599123497
44.51518262842379
76.09812288064899
59.15982851494465
-33.1931934017111
-81.24090484405755
85.40284625143616
-66.233694824767
10.306183564040879
-92.5608025597077
-85.74610204777291
-21.582479629263233
-1.8273949450650946
-41.22332211476116
-91.81470483555974
93.39178178140875
70.80440119519699
85.07762248255196
-1.3803246249095764
38.029997468769466
-49.96897436871235
-45.82937779883625
41.17595979007626
-75.64907297917975
-19.50865193539211
81.74184353590894
29.67495185510026
52.63105324688405
-31.26911927372717
49.48574227401531
-59.77907003533236
18.80759033528288
-52.82511593530306
2.4175706777726447
68.51633749107108
-5.727554383050688
41.58918706685773
86.77215261607759
4.34564962905543
35.806698348184
28.851838551159005
89.28422304039674
64.48595225504613
69.66506506760769
-51.674527219609615
-66.82602101497217
-34.27876073368725
10.491134681390733
73.875445681045
-14.544600582894901
18.90031507326502
-44.558532124369776
-48.27662710348173
54.17985751239638
13.376397489516577
-94.95317624947417
3.534648960858334
47.400955243862484
39.42584890197841
38.440942748294816
-49.968378747215446
53.41015203165972
-88.69939811442794
11.766715422356654
-63.94271954538835
-99.24171196180932
18.21845713226942
-20.339927099287138
-21.48152842034301
-76.48333249406349
-56.62180446442675
74.43103897729947
-13.035314883250692
-10.965939310874617
-5.933743575458422
47.4239517107344
1.3792663959719391
95.6651745863515
-22.57309652435376
-23.404082166043864
-41.05397717575785
27.335117354546682
-64.83609389103498
-8.465222460669182
-43.189098813269865
0.9744764408344793
-23.074751986928604
-69.88244096346818
-80.57379902173437
-72.21360643402318
-55.68899153455893
-60.00256781761226
-55.29844411073308
-11.761596238294274
85.62780657700782
-29.878770614719173
69.0942131738328
51.351393316189984
-28.477252591447495
62.6718884797333
14.364514452713891
48.08558487438356
-72.10224213877495
60.93404064417331
-90.16320014638448
-62.36347394817878
99.33571078076815
-18.129210953090876
-7.508301199097758
-66.94412224154726
26.66947950411567
-74.11463817594814
-96.53697532235587
2.5432951053733177
-66.67399512872768
74.14965988325392
-16.506814737429238
30.544950755416494
-69.77030805945705
-38.71575863363805
-98.8787941344227
97.09796775788087
-12.286427941362547
59.67180404996421
27.194034078169935
-87.1843449777143
-43.14180372311262
-0.7587999441039983
-83.47487480365785
-81.43302657703319
-6.618969260065313
14.707724087416807
2.049524423868249
-61.19313320389792
33.338802800698375
-94.82961861408425
29.035935417065957
99.56016728622643
96.80758794748661
84.14750551923186
79.43615693719974
-65.80686412052668
-26.424149587677277
87.52197512340106
-43.38537065816137
-0.6163400601797235
68.74985977713575
-55.41084555718931
-15.421214548542835
-22.35489615627928
84.31138217917632
-80.59838729673956
72.01136447119734
96.34089444394908
28.662090609432795
-21.99564563565677
-29.949421192522635
57.76434916001881
-72.95337443015848
79.232104329426
75.69709279005488
45.47760139380162
-16.531344706686824
87.96504869983858
-40.15029057097086
20.02280137522638
35.3517140937347
-90.73718067957152
15.862475822092222
-66.18297749699344
-7.944885383928607
76.86778881210736
-37.125409663109735
49.64515241271738
-79.09604033349132
-97.98068927416882
-46.04337786660104
-43.741455813620924
23.103004870333336
36.346723395141424
-28.8597997410927
45.54676060612883
93.49683227177758
7.191237309743954
-65.79138636453987
43.72210156474446
56.66380647814191
41.18456442640067
33.02260700593345
65.89182547918759
-26.36400722653991
52.32643575151724
63.267093576872696
-40.49035146776128
-22.745043444231555
35.660942695220996
53.53894881220512
-31.456290445563113
-3.5192258112588917
9.97004685513609
-25.886304798336468
-13.774875401855496
31.342389774483365
-24.475142331624582
-46.69248152407264
-67.01527609174457
35.36715244499703
-23.98823750949599
-31.158559219237688
-33.992279713501745
73.32133363930262
-33.58035091298697
-64.88133654479589
23.787342069391485
-52.11438429901947
47.185628762144745
47.88548578607123
21.88522188080124
49.994922228121396
80.5092198784256
45.44250990416856
18.99977085073499
-52.196048830001
-67.52270978899755
91.6832528416592
-7.262839387701675
92.49216364250549
65.47702561407422
99.05848294319807
-87.79905942468874
66.62252162878241
18.98491464565619
49.65380427829783
-42.33835334486849
-55.24910996820343
9.229249916093622
69.39909401393567
-19.832754508411995
-77.48263131942079
-60.939769856150726
3.4691283284741274
56.079729301374414
11.861935128605964
-65.30358526711346
-71.63822089478259
-60.068028510637106
23.81268856956254
-6.304098966140543
-69.32704949244737
-12.095651485062746
-71.44390652771828
-50.187596034686365
-12.665352644399746
22.684252476614162
81.13471887179696
39.04474799817166
-86.39296705642722
92.49131552418262
65.03364762906003
44.8908179280304
-71.38824557543629
66.4703143740858
-71.57056644755664
15.789411048851292
-74.86112867529025
-5.9737511566103905
27.785407929971157
-23.00323109026516
98.8581777860868
52.080941496825204
70.03719196098882
-52.26260124893949
63.24908408886236
-77.57872872578966
31.328467089943956
-48.60504466545332
-9.818262289370566
-64.13764021443586
-88.67322583466779
-88.45116280152897
75.4044869208712
80.79779538131805
-88.67279730780216
88.41174724935865
-81.42023518173482
-16.579280756513867
-12.564713042603287
-86.48282487756988
69.30121034907268
-29.700891953228464
16.050204368568828
-5.225885556386743
9.076129333566612
-13.37175133432143
74.93118600175225
68.26967813130312
38.81177906632436
97.64719532885874
94.94639292146704
-37.10848976789016
86.26021223185367
65.10622381574208
-41.894102198024854
-81.251236987437
0.34906046189757944
-13.06548366071803
53.00714367382827
-35.27956454968691
18.185912979145343
-14.552406543683233
57.67186860686894
97.50483072350718
-50.098262690796666
-44.26025269597569
-12.729128482844104
-94.03146712402331
-60.014185435156534
-77.73664360653676
-94.73049674991422
-35.03810441705485
-40.74927681820624
14.396213410784881
66.30489559722932
-6.165856351055709
72.06085970996722
0.1501935075949774
-46.892525817390805
-45.227644129521785
67.32045973913617
59.40208921612796
-37.869974460067326
-89.41639438243377
13.059610980308832
-47.492416117482826
-92.09443103749501
-65.86702260706234
78.73722020255403
-80.62102853685225
98.88585912008043
-64.06343353385822
32.86446953937855
97.73180285064004
89.79884277648566
63.86884214520171
71.56488844946404
-89.71442895205362
-28.479289642300373
-80.08044900288664
-92.90530589900156
9.073096256824769
32.516309235247604
25.89101859991196
49.538023256751416
29.06996111864845
76.86032336899359
72.9827125426919
89.24838527552293
58.086193805349836
79.58320781623763
-46.74277121746295
-61.77237289884978
-30.262125865215125
-6.257265232441881
70.56515101107789
-35.75122376072805
75.90017261655018
-98.56305342429259
-56.60020598211028
-44.476555843727496
-39.63754478172468
26.34949500104169
-97.28443667051718
40.943265644141064
51.062431958802506
66.33070654190203
-3.2377236293236678
11.291344686346449
-48.65672696812313
41.25242877721783
51.12095356172935
85.47722456175308
38.253434318181746
50.340113704819714
-74.31518706352848
75.61627981235694
74.00748357761086
75.6009215041093
-91.08600536673669
-77.92559229301827
-93.69927193909086
62.97164110831835
61.49739190349845
23.504920083642688
-82.21196105008126
33.84901174210631
-46.59123535152836
29.72319085326461
-1.9214529726486944
18.1439622113666
3.911955940375748
85.70687892095913
-31.5215338506585
55.51231472182138
-6.060470417141374
16.66605069730774
69.08777356817671
45.86458105198906
-62.80495237556241
46.052750914811526
70.58639020114163
-36.3406698089505
17.06358682628344
-53.14622182981745
-53.043840941590226
-42.662518982564194
-26.954052347719
-98.00512651331674
-41.948463841634286
-84.14061016927442
-47.63192359261923
-4.671590141295567
27.26746144461994
-0.04624318730914467
74.69668485940181
-39.31111767143016
-66.00143860676943
-18.320477596124164
54.37818600143197
94.73984652252497
-64.5587424663268
42.37567668831542
34.70299757267219
93.23769260629203
-30.31690276422954
-26.01103397484563
-19.045574283508742
-56.90176283980153
-55.37301207498571
-27.160966682881323
22.482655904307805
17.00564392751278
50.33511744207709
79.10780867603123
-19.893978500203914
-1.943972941158691
-30.342219900669093
17.532812213370335
-11.240085991490204
-6.512053812522652
-64.24734611230305
-12.35993903282018
-37.742325854969174
28.276459770711824
44.08500654598174
97.81961748537788
48.714769196990346
-1.3710102454639355
-93.83927206140743
78.68307395741866
-48.57039536177192
31.792454035004454
6.391928141558978
32.11887595828878
-8.140530453479954
-36.31068397265251
22.184817727541997
64.79341490639425
-77.03722979694234
13.085078856829767
68.15132857959969
5.2105418695946355
52.30123013691582
-86.81703875056954
3.8854741222808684
84.74771206997082
47.60759582208564
91.87180267486909
-44.7824133157043
-93.290506914305
70.59057017296371
-53.70075372279162
-23.793417100937447
-15.843732486225832
50.38862781663181
-36.264355466459094
-5.185786209132388
-75.00756474564274
61.79587607862916
-36.482764181832295
-3.9126346440684614
-86.85898157219899
-70.7517335507869
-5.772477226203662
72.55439423890994
81.35156256209504
59.122146763724174
-61.5321255786071
26.8766244646975
-46.126343771912424
14.579550464465314
88.92056809818325
61.33745902844245
-7.2796561222465925
93.65384913665088
64.60738880392148
-69.36019677380415
98.55485435391697
-94.86589059045265
63.418014602206426
-18.897888799224745
99.13284793350016
-72.94856414809331
-59.3371299460433
-19.074026294460907
79.35539739564396
-79.47848358385714
-22.093101945246957
60.090661341388795
48.95186860863549
-93.9118807996034
79.46909373474753
-13.079965580652583
-48.791323266511746
10.374466524486465
-66.9395541578674
-10.15838830551536
-34.97500962967595
24.36105818892429
71.29308436970268
58.486966686949415
-81.97106642313156
13.702309767961225
30.09777487789478
85.09567875797725
-31.645965040552795
-90.33933165316861
75.0857456764889
13.657696309716599
-77.993071597322
-88.03180101879606
34.47463605383908
-39.32386198965894
21.073352389796526
-28.384220192048886
0.3753738597968237
80.16600235247893
28.084799120976157
-20.156302110983688
-28.773799040606377
-57.82155308844295
-18.293411853149493
26.44370198849289
40.849976614042504
48.88411104832815
-9.343112318174192
-51.62297272153664
49.54768131569088
-38.690990774250935
-60.680269601099354
31.30113403885099
91.1054388446309
-68.19494101474027
-28.87235626155838
-75.52246250083712
5.226761420744012
-5.134408115970899
