-22.182078150020445
-69.22115902393986
10.023482555169537
24.28384002844821
-29.788002627301196
37.33612674268602
25.004974010274623
66.90138908868408
-60.75980916888388
-50.36642919820154
6.582270049530578
-53.13507689209875
16.550377620801854
63.70900267503498
-79.09407677321482
-35.49258470076839
90.59755302589994
84.30833364464618
81.74617556556359
71.77912667104144
90.13766884802237
31.917705911202972
45.617841598099176
6.811821303877764
84.08743496666995
49.51889744991672
-50.385625703684944
-92.04930359441272
-39.65502509876835
-35.33678210422025
-70.15623816869183
-2.9181702664051272
-74.63158707431627
-52.33542427258566
-40.090272097851454
30.79928825325112
12.449565445446154
-43.52484672665715
28.872044268059796
3.306281425701755
-70.81242156361698
-59.1743261671579
-10.339453191587353
-98.63173346680651
56.83060325201359
85.68988253762646
-11.440671699263419
32.87127165873517
-61.76818696591444
40.499579197393956
10.30189242519053
85.78390018133845
-39.92667405782908
84.04226283194745
-98.8059857717038
3.498495720747414
-59.831251628545076
-70.15752229978517
50.64686065749865
-12.463804547342946
54.84999763018027
63.87672290008598
19.01224058041187
35.05824195650135
67.07910558289777
79.49107186970829
-63.26961190220588
8.3562523496375
-26.77871713109066
-4.114394446836542
-96.12434205778193
96.70187665838048
2.449551703542511
96.84208083224374
-55.271110595688924
38.78221521308848
63.8284255617219
-52.15556713861258
-74.99188433439114
40.592960865251314
-66.25144487943382
80.88696056376142
-18.461298059008698
54.43773356651823
57.16467703612483
-15.344932309033595
17.169591949142983
-92.3101833468284
-29.919101436113024
-93.28979184599805
-91.70570700294896
57.446773586356926
-28.713235090169746
-84.2578653727839
-7.675503736231164
55.72518642269691
93.23284505102797
88.94510303133899
92.13620882603158
68.44444002721374
-57.46371120883247
-78.20289683714327
-43.686675958328806
41.73192645324443
49.572606797798926
-7.016063280723898
37.228622375136126
-80.22506286156471
30.575195924710897
51.17521654482536
-33.18746478665953
-45.43785951620756
67.31122529332859
-27.4622391224612
77.84645804823322
35.51195583380215
27.459997531529567
68.75532589386336
40.95923120853743
39.77079247302237
8.407757492712875
50.39748936101748
-6.428678579618236
-27.991894346119395
13.29123574155635
9.33361072815498
51.26034022152294
-19.973405641595107
-50.92969997156027
92.53841954355062
-81.31599338780767
-77.70872072683858
52.201765329365855
12.09374064506703
34.907996174811984
94.2925660808148
61.539631478882114
-22.65994213440375
-94.04842829812023
13.268178614093685
14.828079609558543
-31.178158249399928
94.01061899060028
-51.71952712819192
71.04712326420898
42.99997388404816
-15.729200325848296
50.40176144744163
94.06530656167962
-41.640850653468185
-54.81866520942853
93.9847037069512
12.638156385613001
55.716364367061715
53.37576789038465
97.97867369311885
-76.76381290885351
-27.75833502323806
19.31656367163717
78.5930511671753
-12.013128969477123
5.29191449997839
24.063215084698797
-35.72261306375677
14.368319971980654
-71.99078380554292
7.423218302740835
17.47855865072853
77.39347707791737
-51.881004260029194
3.1474837988696436
41.87131481716659
82.61475970703782
-13.358288141290117
29.43633571150707
-17.02815177015995
80.29587415249804
-34.69268453835235
-79.83090252341682
-47.86256738060302
-47.0196770866512
-34.005237103030424
33.97058793352127
-38.56511800333735
43.405213081490444
-26.55251569320687
-60.72227660958016
-11.960067357086373
56.93201879795177
49.67920109045858
-63.51723175135835
60.19113402153559
18.528052134054818
-26.09546842942359
-87.88712075702992
-1.2713878811502894
-78.96754395457539
53.58476646263338
72.9784786555366
-79.77846018410668
45.956620055496415
25.065624769555896
-40.62338878450438
-69.10845601028453
-59.959988470614164
-65.58551109394391
62.62309804300381
22.650068973986848
-70.96467596059568
-89.97297133541129
-50.70322418433493
-18.770085437691634
11.981862300158767
19.680801707127003
26.879523860740463
-2.6482118400688535
-91.00918659256321
-85.07045673932232
-53.221079215672276
-69.01601863497791
-72.27374849429775
4.20302151816405
-89.09719785480743
10.474023513654004
-48.803651753256936
-79.3981090749136
83.37680679317458
24.855707595406145
-33.51057977886779
-45.373012463782516
-94.81392871902821
-58.82864982231774
9.91400348433929
3.9351691214492206
-1.5770297531233979
-54.82552997406269
-42.74780163021772
-54.091629286615174
49.550675338977044
-58.17985251472988
6.177556249664988
-51.217065004873504
76.06722918713226
67.592340474933
-70.36967714132717
-53.06244377768168
65.5274239900937
-23.077540020931124
97.506473681606
-11.063025435235005
-3.310601147856346
-7.016740849013132
-81.59181196088652
26.367721042742318
-4.594819787624644
-40.79816544420205
26.263303066131357
-3.8910288012761924
-88.97646043893258
-43.84070080593014
14.691767766903396
98.9199531118517
-31.23299602940736
45.65502683730364
84.14302575886325
24.311584463275167
97.68914784639799
-50.680082740829114
86.3811052200771
-74.25496520090087
-93.58998342980868
-44.55062859268906
41.78932739486939
20.028842712620573
-14.82279444727422
70.5864532960056
10.284516459649112
81.42418108920361
66.77168817357821
-95.02441891670792
44.61269285223116
7.688973637426528
-78.1136490456285
-28.618465498227323
-9.833110111306098
-27.73632370894515
-99.30653114291597
35.67596712792306
56.34099717069381
6.101146526744543
63.48586074318257
77.436550655031
44.47306283896157
-89.47377157392408
-71.86465141793698
-24.88520715288054
66.43806832471893
-48.31204427272853
3.989668617761353
13.85338525176661
37.542868904907806
74.54606002660967
64.2308703594083
8.493008846592815
-18.64153770195884
58.97274405457958
95.05088744122205
-71.09473225857712
13.937707927170038
-13.028082136382451
94.97070449828712
-40.793780038028046
19.14353618789613
-65.37300897882085
91.04359141293813
10.61955149324237
-16.119605557165343
-52.6326223436868
68.69982255621429
-98.20449006247638
-42.47706356095997
44.28652299720929
69.7578370195098
-21.34278130479869
66.91765456429118
-77.0446473951387
-60.07331715836561
83.58337606400758
-96.94034315972873
-33.095148508921994
-23.296317904284706
-93.09025908549103
-77.63245649737532
51.916438778110376
38.406666644776266
44.200543450530944
68.27090253057807
77.14364380269475
61.337577558933305
-53.23912295505537
71.28889990920618
79.33881688942472
70.17602489337602
-97.76621296898256
38.077834630304324
83.60754888384153
98.37824617990708
67.78661921526754
-96.0769020321246
74.03141015085023
25.087718387101333
-89.16244444583674
-67.99647172177538
-53.64658177895421
88.6059867444377
-52.494984916269516
10.64786631851284
-89.91423123114073
58.67745078719051
18.35531083267543
-25.877726061151122
-57.33797770133351
-33.18222074728811
-58.985538446004895
-51.05948083549312
81.35294032590497
-61.903326050652026
13.186554857459782
88.0088332476225
78.6366107507072
-24.398866115460294
-82.43935472711792
84.02275105707636
17.50207645300685
-36.4092659188934
-43.66375841083363
29.432304340919245
43.33646241540066
-81.41463231596046
50.28991329656853
61.734964625829264
-97.2630936349729
-31.085503627287665
15.248842577824263
-66.29223653580675
-22.84994125865623
-73.8990958300484
84.70008209477731
-90.36243200940248
-6.594398549728254
62.95657044131511
-82.85089717516212
44.28419400779865
17.236754458597318
-20.709652488125684
-86.48000827200757
40.51292696638765
-29.755213834093297
-12.346315776598388
-56.703959953903095
-36.7388134879705
-52.88123786910231
-57.87244286623681
58.67573508548628
-39.33751260054936
-89.24428421310162
-87.86574431780979
85.18816937345846
-63.571882934837596
6.36637660764292
-26.452569239786428
-71.42342513320814
24.601963515174518
48.54434136771687
-57.67711778392346
-38.35879229168149
-22.3414306912549
-74.76799178519286
-7.6650441318271305
67.31104751522392
-56.24664607384633
77.17152844969115
-6.194310004981446
36.37065617793033
-97.65997690606964
31.683741447972068
-72.77317393330907
-6.522437525463133
0.9746507218312672
33.5922522529485
-90.67321668339892
-26.85576136979391
39.18494001243607
50.94138432176155
80.5576059904285
-23.277493851651172
-15.372123570990354
-44.55101446183829
-49.58460832900477
68.41993257307277
-68.79535846651143
-17.71604004768281
-23.615414879650842
43.81098043503039
-87.13735188703522
86.35747214247044
94.90302232437799
34.185264850063646
-56.36620494244302
52.25110293139633
-93.51921241786539
87.82425044270795
69.94441521104739
-59.22354858192651
-79.30036268981254
70.07060222995793
-96.38219368370659
85.90144592781678
14.358277692655605
-97.33146959105589
-17.538148380319
-16.29420832668083
-48.89105645259142
-88.78727943607403
-56.67309636625901
-98.61209091484528
-20.83519533404376
-82.17890668306116
18.194938718242142
-30.808006406024518
-39.007026507923136
-88.93701357981266
-65.87281452163091
81.4509687728671
-13.905718562962349
97.19552344200159
17.44271182184967
-14.292800884372568
67.04365297828346
19.847596197998868
-35.971925669758946
-0.48514485153137343
-30.228096679570186
-97.61226163961285
-95.96982093227722
16.623646465020585
-5.0492280642019125
-85.00852382924873
88.01179350658649
3.2639617359080404
-71.13732359004179
93.3088761351201
-69.57883661815993
-98.02218740454771
-31.042307782111592
45.28430154906056
-13.722284010992738
-11.810700152660232
-90.40055401833283
-48.30993304091382
90.68886740221421
57.12655386316618
79.12858218931311
20.377122295465043
32.66938273902696
-91.32760605470438
-52.300721936462715
-19.381710141511107
89.4435658075466
-88.22101447839967
80.56958760065652
-89.69097068864467
30.66356583068162
-42.562395244868156
90.73035791461962
6.576418894133184
-78.37087353925614
11.144972934127708
79.97175872307355
-87.14803891098046
-67.41507078243299
-73.79817314384229
-10.29367623738682
81.95246997190856
-30.686374417337305
10.99175309628086
24.647526547895907
-54.168239492773075
-56.823654886183085
-83.49185809421043
-74.24198309310634
26.006354875382613
8.676503889603723
-44.5040708026168
-26.41446739401536
31.882241289551672
-79.04245922673054
-62.02926612766024
-25.162737002743157
-2.5199321338672576
62.23286293385689
-16.640914260594755
9.841625306334905
-16.52161371316174
-82.37174580009349
32.72178563230918
-88.38250220922575
-51.11930711875825
-0.2781149108966474
-93.50191875061206
13.650171422547302
-67.60799463530454
47.063377905587856
66.71270948346935
17.00940988411621
27.379209792802456
51.70764786839982
0.316543403251373
85.04838764808596
-23.605156168229442
-62.326252294436266
39.38779737173613
38.72868450945984
2.5900310961798994
-60.65819838580939
61.38195536369224
14.561685495374732
-41.83835664300035
45.29514764153774
80.2929699981722
-47.44967021003872
53.949175411953576
4.999851281702064
-22.618655396791027
-24.046710406196524
64.26424060783327
46.720260149300714
-11.702896736167844
23.238252502137357
-1.7882644276429431
36.72194759680485
-22.24971738709243
-56.31274118967635
-46.96859568995062
-42.57592052954564
-32.920895342575406
-1.8202502599946229
55.91348253109163
-57.24549504281973
-93.5795275622543
56.26699564503005
24.165862384434405
-40.89021416377936
-99.18948196984697
-6.604218013250772
-62.52556937540557
-27.778482982800128
72.51878776780347
67.37712981871141
68.27775898845672
6.383207534825203
-52.828978456717564
-75.34951702724749
-49.7144398756084
-49.34231005259866
86.01629518367605
-86.9422883241812
-5.380307034352924
34.69789817006509
61.90396610233765
-46.22767552817395
24.463520397063192
-54.31960114158605
90.39775985038568
59.538926586737375
32.61838089083551
19.83547917693626
37.190569656538315
19.64040425629622
-43.97142332145896
-8.520241513890596
-11.788358446758494
93.75600010134164
86.18881292992984
-61.030725029895905
-36.165550331693794
-37.620089813813706
81.45678229496184
23.332553220727732
94.04918840421502
-33.75715453076056
-82.48555475175003
-48.31127553078298
68.78778219595765
-81.61571420821858
-21.203314828534786
-65.42266764214064
-59.11909794979358
-75.06299755132648
93.24515273497224
67.30740789650366
-68.6480300343544
25.838083669126505
-94.08134051134638
40.91295193527725
49.48192353418909
-83.09160222150145
54.01933960962651
-44.922028670959136
76.07011442040414
9.48474152975946
55.648422174576666
-98.4653386059545
-66.74283024675059
-71.68395597269772
-24.097826681862372
-50.9281605445502
-72.609271763578
55.61780890135935
28.56092333522423
-73.83994848718999
-22.513440393717318
-22.094981165728456
30.5592505276837
-20.578953356842234
75.08266815944549
28.12076205217943
-12.577958486625647
-45.130478612555834
49.52398986234712
-78.00358165659134
69.48497533759735
67.62368391424076
87.64414686860795
94.79179694256027
51.44265291186045
-16.6809523919013
-84.70754725731986
25.03675380485018
-26.89630400232616
-31.41164634228886
-39.18488077263351
-66.78954782422926
-73.87927995258825
-52.76246174229875
-88.71794416600851
64.93731535487379
97.46668504967786
-99.08960973991606
44.06505873434034
-72.51361252446895
47.75921496914975
89.44117652521703
22.605774508069203
9.508964828092402
0.608712697015946
69.15118738932696
6.255226386607021
7.714571238508114
-17.96763470957565
-29.98801066714603
-0.4579351697117744
57.77424873868901
-46.050379507699525
-31.046946907673913
-36.68712095392755
18.642072368899875
-25.081624345521703
43.075100009896715
-15.780494306142103
-80.89426946622349
27.18276890485936
78.92402983984655
34.494687302336786
-31.141190315652835
-69.58504917174636
-42.78904534259629
-34.340375017439
96.63976569263914
-78.6398889188976
62.34930596428447
72.8346571512678
-59.16186757458415
-69.22316161386806
-21.158395571613298
92.63253906956928
-50.76163992446705
45.36294394387917
-50.1559222327449
-67.25263548081723
-98.04563206558497
20.053846663406063
-91.74408413603223
-10.967664480599495
-10.547851399520127
1.6187537737724114
32.29623083412767
-64.44610708744989
-0.44047264003678777
70.76116553170272
22.098521546035002
95.92887043876911
-82.71319821756506
-58.126259879057486
-7.763649241188801
-8.875775746606479
-98.65266172320415
-88.21963572593441
-84.24363970414686
-41.360121175535205
62.20153275294564
-1.8418140099595064
20.42308609504498
-0.6760241278894767
-6.027326808038552
-0.2958818716772811
8.39607499921064
-84.9385702840102
-26.357093792249216
-47.9136869703271
19.576215930484153
88.87937117293848
10.790420953422085
-89.69500639901787
-79.86156180434966
86.00859710329144
89.96056435551029
-93.1390288064051
87.94087713703053
73.84890492574027
75.59396945537799
-23.40089651875475
-53.48698151402675
-82.83462397854373
80.14734140265719
84.1834370231534
-21.860174607697218
45.22772729244582
-43.33261291688366
-9.05292413403727
94.98195530537251
-55.08814607863619
62.554196416087564
24.04070796196882
-44.40746483471898
-29.981066321435733
-87.89817928431067
-11.236952645158823
-94.92895159191251
36.844059081127796
35.68769300064707
-86.12887392476756
34.221857178062436
80.76192346254336
79.34581049482756
11.239736143125498
-88.56356928808518
-84.38032963932758
1.048499306697238
95.32123820657924
-87.51912593867755
-36.95733690665228
37.25909065415988
-63.05813930112236
-95.19535160421341
79.36143094766643
-76.87166953223736
-0.3358820962679374
9.054069853995173
84.01181388406545
88.64780558692593
19.059346537724338
-41.24572937439843
42.203103947265106
-98.44122045641713
-4.382053366685284
-54.32204926998239
-75.27708928663017
7.106754658927699
15.525361433628433
-77.7473978054283
18.505692365285697
35.722952301685524
-39.54540215236661
-6.469157389599104
84.22019151723998
-58.69421723654005
-27.258289262001313
-71.76142421180715
-33.71233372186744
-7.539381179412729
50.8200034635627
64.20886665215156
4.2224315190126305
81.364623578454
60.09008533281502
-98.61135545088797
-49.21592910320993
71.02715615092293
-71.1759045819935
-34.11868000648559
94.04702411083571
-36.48777880155283
99.38629021099771
-4.004936520738298
-66.3678297093381
-58.1178686651938
-98.16740612560571
-79.8115144858379
55.419179138405696
69.21691461231543
-0.41896910897743567
-91.1780035484199
65.36956244072684
32.69431267478737
54.5185935817851
-83.80662901061018
86.76690651307365
-2.3116389687412067
29.691193003653183
-92.48188420282149
45.82354348372263
-19.034111914565855
53.28203406187123
-44.42791262916976
-45.76740748388111
-98.77740382210752
-37.32471649174056
43.16443852384418
7.354262416502991
-62.905689679185706
-36.59969567293968
42.92632402058803
-40.10155080613094
45.44738614538002
-17.34139598990214
-69.4022734995012
-84.05376954910544
-72.76797124451076
-43.07685063091702
21.424662103169226
-28.99212124068191
0.025787209700695257
-55.95078340317103
5.049975471199403
21.330901814080477
27.521570907168737
77.17951308340312
95.106987788927
99.2736474063459
2.4464884352710214
41.94878661292233
-17.222868479074776
-18.550458635135115
82.26463804894902
10.30727762726471
-30.445980193451817
-54.10401247163077
-37.72733376281969
-5.219862563163474
19.968237104576986
-34.94353870797097
-15.898667755724063
86.18388387117903
-97.9646500641857
-6.001989592541463
-2.6577692826364796
-56.292932102773484
-85.81871555638836
35.64996641547384
23.557510998267233
93.2833637177446
74.17019951081306
68.02718775189442
1.6935385167753196
-88.26481547483948
49.712830360954996
-24.425082132797797
42.582135005108114
80.15781012584105
-76.7545979335708
-5.844656632323051
-85.62129412925219
13.197968731214686
93.86206940880206
63.105581076719375
-72.2680525229818
89.21674188525122
-16.465874056201528
5.5335494876802755
-8.241694549030015
-79.38206183280289
-77.99399803905543
99.99151098502742
58.733669799496425
-11.413508279670566
-27.562094086578796
22.177014549556432
71.55156945565011
-27.31016204430898
-95.47413842598273
11.662142439480121
-5.475489496398538
35.01605332819173
-56.37899177766166
33.45770074218245
-53.80302871286111
42.83191080832751
61.510189026014785
-24.550551749313357
-44.18785992956897
-68.17093707216179
-53.689623126302166
-29.143135674080227
40.0857515169028
50.28016750826106
-97.40047289932016
47.40026702911419
36.00348083792295
-86.80255888955293
36.185132939005854
-78.57224766275178
95.17396277261986
74.9631498528199
-50.885340903069356
-8.147025874622017
-45.69086744192625
-30.610571510873925
25.023942514966365
-0.28774279733880803
46.918648139591056
-95.25175992167397
50.70044386161666
54.42807832847785
-95.00310177046384
73.17843173534101
-83.87038437471705
31.375701155197078
87.81443950819494
-54.66282102989859
29.762670791488944
38.55688102919777
84.56293354380188
67.59916111391934
17.352743205765037
-19.54669100347786
-28.589400243545015
86.68917165150276
66.09956472538016
53.81056801361083
-79.22868562101493
96.4797409284464
-31.548257490871933
61.820714681546036
4.950742463653214
35.34553015322766
-20.11806084002616
7.303332639556757
60.15488803288807
-74.77833017921768
