-22.872620139928856
-26.97953554228873
-66.90569967691445
-45.846315920940775
51.02166854224856
1.203704183469668
-74.54907614702742
73.86335742101926
-42.41024185686706
-37.37253606435438
38.82481736133889
81.06058340693531
5.484261739105037
66.21132592397637
-11.259343886691099
-61.63316742596274
70.50997600277748
-5.481390990683138
12.643084286429868
-82.89512075830837
13.87638695929789
9.658017718943725
-70.87400934698618
-2.9462803861997315
36.690946130076156
66.21177449903772
99.51014953455996
25.565202904511878
-64.69825799321356
-46.99796285307698
69.20669728210592
-15.944990647727934
-15.942868864357578
-55.06486221831231
-6.671935951066786
-27.211683669397388
-47.663616764352
-33.27644666490144
-43.517070376022524
-29.661723815337808
-71.26308956462208
-58.97443886322793
-14.413863517515907
-40.42417410189951
40.42453701150728
89.02777867001828
29.185252249329807
23.954070152245606
-29.560782719865358
11.68178344460901
-33.63455957555004
98.19557581107838
-18.264017455807192
-34.998184935157454
95.2086367223238
88.01508533380277
-99.76087901729684
81.65720958217437
-45.36853960280527
-94.52788739660886
25.166363508069708
84.80796662102753
62.083964428565196
-63.18122794597567
4.6506306465772695
89.7162445771977
81.5071328031936
37.97643801674755
22.197895656436657
34.02534160322688
-82.63652395371182
-41.84942689519762
61.502038294552136
29.992133882555123
-93.15890217034266
-26.35819812304871
-81.64671727449797
77.717209357028
18.11764174647712
-72.64245635647264
-61.32283100000762
1.9609800081141344
-89.038302454992
-70.3442274197937
69.70811307314634
81.9823475604133
-8.401718961649223
88.00025195291326
25.04178603248539
-62.872368529934874
-83.2286172658683
-2.7024994258146933
-51.608342435051014
-27.34300818182456
-99.53975400105031
-26.168151312232624
-64.15199759876955
-23.92396367634268
24.23760588048232
16.804444877300213
55.518583940890295
3.0962244210100778
38.50081355123973
8.024660408947852
91.8207067390353
16.60923658354973
-75.81958194798835
33.29724251219662
50.8962886794024
-47.05488568580698
66.37394201630178
49.03133994401409
-77.16358156149369
43.403687257847906
66.35262964501024
21.29134705813786
-80.90781687762416
-7.342233901094318
-76.98087715131501
-91.95960621958469
83.14341044231682
-21.10692229768911
-94.4734287264391
93.89066526912296
-17.242552655758374
93.30120623837644
29.90356944613461
-38.82914164280966
9.445446738444943
0.35778250658123056
1.5270722082714343
44.01910769428383
67.10662207587222
13.626116085235978
-97.77878376753095
2.652514575946398
68.46414049802806
67.79274224154102
-58.20724219515287
-14.572700270897897
-91.98555984213006
2.5003518567104663
67.13732698703586
86.23852403756396
28.963466215176084
63.795745098379115
76.85019602269057
-89.39890431600497
-95.28157738112557
-11.440263038711905
-42.964307630323084
7.894198190215334
-19.946206453217115
-54.64782386955434
-69.47246138010597
-26.323079151916076
-52.07189886632908
63.15739568769439
89.05605501760755
68.4764316833778
-67.64452661599174
76.2684351278017
-86.44040807832604
-1.6665977167564563
28.48130617668994
25.68371639825544
1.6679487629903065
47.87540456620968
-86.94067493255233
67.3982997194586
23.332442358598954
-89.3088359279016
49.8107572891893
38.6799122838934
74.36698978526687
-29.79190747089706
-55.75384795543854
74.67936510596257
-77.65595454033215
66.39876726136268
-33.67680889423406
-83.42830410738623
-50.62908037485177
-92.41073652252496
-84.8704492804208
51.84252973452604
87.85839065089053
8.462184329717076
53.583562178389
-26.407346190989145
37.949821124326945
77.06454645584088
74.81984038004313
67.44476280210984
92.2820755466436
-55.08297232353561
-37.55452070839142
-42.78717978626414
-36.4092604453379
89.91016734976094
89.12263538131495
83.30305032523938
-68.33958080889009
15.602618331567058
13.564318106073301
75.47843689937065
-30.03287513051734
43.68892938519997
-48.82688428352253
73.28600145443346
-99.5599185386592
7.211888361595982
55.53241443807528
54.80263145995076
92.3420587053518
28.073463949387843
-66.1867089885854
48.200648142981095
82.82856184433368
78.37203301071924
-7.67419873123643
75.85853534791681
62.81261599328306
-24.789187625165468
-76.36658804703825
-75.30681712446781
-30.048934197167057
25.267982240103976
66.73183390091498
36.96980172832326
96.98423926144838
-26.863367387718924
-31.168938128587612
20.451915333727058
16.153481860524792
8.523493430567157
-65.0482818387959
34.9748457723974
-19.26636934397436
6.7025743467073795
35.094931417289075
29.935481397841755
-22.940956511240557
76.58415189773461
16.551230924720485
58.10926789560938
26.105559320010684
-5.484921365683675
67.09580619718727
97.44624008561266
90.31125483902213
-95.3326684800546
-7.5285167965447215
-79.36314403570677
-5.6825639683540885
14.518013302342865
-59.03877613003981
27.734904680533162
7.623998543486323
-79.53075030461878
71.01873944989407
-24.968862300496667
29.4130510686997
-36.30128859719679
17.333381033831927
45.82910873478144
35.0141499036223
95.57226131783943
17.727880608016577
-17.258044295620678
-61.55969013397997
-63.12345446065692
-2.5096900804187072
32.94472281175953
-9.323859582454205
54.30001140482989
57.520876913205825
-7.875333608469376
-43.55647156797855
4.503366448735719
-80.29323510254184
88.84256110022025
-22.269612703737735
-51.14703407679677
-9.535505832847548
17.23970166787862
-15.880599592542183
15.807832921452757
91.93742227662409
73.91185741021658
-29.93969646409886
55.73846258639685
-35.65821032394096
31.21735164986157
-77.51512742577043
-41.79501282413172
7.372062786939253
-15.271706505508703
65.88625724248016
30.009380317059055
19.450591960804232
-21.561403172258224
98.84206773299593
12.514055335062409
-45.549858244274624
-33.065401633158544
-98.58464297477691
79.83405819897396
-57.61972686644186
-74.81945375455211
-29.52956936139543
4.5451182955876845
17.556587451623855
86.28925059628818
-19.71318123044989
-58.41355295466699
-98.95028800402459
36.559647046444354
23.22668024069334
-95.77320058842666
-70.08588050650661
17.62022050388488
56.933598964248375
76.99201357867022
1.2492443954367047
62.940862468528024
94.00798970543559
31.493152769970436
-66.01638395735405
-61.64469394988128
63.87668882087456
-29.117122290480864
-22.845350279710416
-0.6733178857387259
27.94646394894113
-42.52927447855364
59.40827187981316
40.285860498349734
-80.37603289425985
-2.4405635129874668
85.44110447218307
80.61719600894469
38.816112784238584
-29.60720971815701
40.434794417085186
-80.6825800554274
-30.47316133003457
-48.45446229298594
69.00869955067702
-16.15594621852658
88.1432157283756
94.53815726879242
47.8555003922618
-90.70895209546339
14.788461728652422
-77.0073939208936
56.57590909125122
-75.7548095483267
-99.23390009483978
-49.586433699736034
-39.90167406426222
48.56605406700979
-66.90647926219755
51.64404746519858
-68.6399892473635
22.190078240365125
-87.08930752168638
-47.36275617235304
-31.85463783444476
-82.68058192672648
77.20081635752209
59.17163548891017
50.39338630554698
33.038967246102146
-3.1882443736595008
-90.08205991174344
-90.03738848625937
59.46774695613462
27.528724103570482
6.950609418593643
-43.864439741961434
-58.95276903574518
-47.28373262062318
-26.815026896453148
47.56918672322209
12.575503445958418
-23.951540930753907
-13.766793078876077
17.289596310323077
61.147404247436924
-57.8660594343446
-77.82293472640502
-99.68254642069108
-54.72024114650469
-52.851519076746854
10.582751557248415
3.815013628362564
-79.33106544930222
-25.59612393547637
58.119667797965576
95.07121809519612
-7.794015067176346
-65.78858845622453
74.73543559734895
47.87937915693493
-9.124461578105937
99.67230897174025
32.118545532377226
61.16304536130531
82.82608198770544
-88.0647905566361
-39.39056860165056
47.65810908022374
-29.958682917739708
-3.9107307424163054
84.66344614545397
53.43203339275456
79.61813365045799
-36.59109933996514
-30.588900903424204
73.9112786161802
-48.7854700654581
-27.732496771324122
6.858233301739645
-10.185081964030118
85.04045627191499
49.59079231306259
-56.194877288786
-99.60771299379904
-66.8497881713733
92.44272561847757
70.08376770543714
50.261092428557816
-57.05904583386769
11.458660113096911
12.742144966962925
6.204418952605707
-27.204068293415588
-72.85364382707134
-92.21325307766648
5.205406432512149
97.44347202381809
-70.97612141996048
-79.78753406422527
18.98540356237679
-3.248036757819264
-22.29183366752565
-32.67913220836398
-56.146941243201496
-51.29045130033578
23.780413759566542
80.12940349256516
-13.568243265693837
41.946505286849856
67.59347316776885
-92.63233765302839
-2.198422599443205
77.21719828985297
-88.30093978903402
0.8689867489333807
39.035236227316574
-80.9307150285452
-83.68364788750287
38.03288038408408
16.6282467774204
-60.35954459509705
-5.151483930945602
92.35190994893881
50.600910200443025
83.8412529623541
62.682593245389086
-58.21981242514565
-45.9096573644622
-20.018302359293898
-85.18521809701423
3.9457160169248198
62.584329044323226
-50.62645675930186
15.687184198424632
8.480392423428839
-49.784312953339736
0.5260563536649556
-79.31102501869269
75.04413220290459
-55.21505794863097
40.27057038536907
-82.74784832500863
-65.510057400297
-98.06385961002285
-57.58727214891308
-43.20810799665724
76.55367183522822
-12.865985097205751
-91.73190284223543
-62.789815836968984
-66.6386923074968
-19.549932618101366
20.300763848046373
94.49094448033455
-97.31341020131417
58.696155217566
48.52000872787684
-57.38470895353929
-32.28839488131341
72.60304737209268
-93.8083724434738
82.37860529945712
-89.04753842004483
-45.37077673540286
49.87213601064113
-78.37666454303358
-11.814923059006617
-25.619807293897722
64.1308710018179
-42.8596075379867
94.96925764694276
14.663241381914304
-36.76983090065087
-31.219363899890055
49.05879242796155
-12.687777072203772
43.42729326970647
-4.678132000466761
-95.34585942801938
-84.31542010690573
60.50348564760998
45.19384194296168
-5.04250943469205
-29.92620899716927
2.0623215882837655
4.813042478470919
49.03238265225062
-58.75337026769445
-9.756022990523988
-60.35424528882418
-2.1736773948042725
-74.1020554038297
-22.781963304675543
-96.44974053249966
46.38560888589541
0.940232592282868
-93.18692008512966
-34.23060569234997
37.25286962597906
-28.925096840443416
-30.157578899061946
74.63914131700028
-80.00106468427369
68.68553621306424
-47.689832090887194
81.8747172816781
-49.182417504839535
-55.73209987684784
56.88121774834775
-58.13244937822088
82.53290660185633
-38.02766415659844
49.18196414608866
-83.93146200364032
12.548233344117548
69.07431097777646
50.04354788586966
-50.52672047791311
15.039055386304895
66.48150293740028
-73.267724442727
-46.3134286034766
-34.62726568239687
-37.29117953020638
30.52349173978851
-60.29240381968424
-13.812316623361312
-7.145507610303724
-25.566722031521905
-10.67130011923902
-30.533680461018193
-41.89658919462664
-64.24290857218705
99.39575762800791
81.74795096187722
-54.202850218521846
49.2531753607453
-70.26828590761107
-51.16107889739172
0.21053830642784988
-49.96184289373511
-82.51277280549287
-79.18471613180678
-5.302484367132763
-80.15781099376869
-32.491166513531894
50.18567483162167
-78.46750939373221
27.356013876700374
-31.693045994362265
-18.549940056632693
61.68917162626093
-94.57328472474322
-39.29780847108286
-11.834301720207833
-37.05158290169701
-10.14444523952875
-45.83347560087161
-63.09448749433637
-95.3133156995726
80.51690087688797
-83.99440382470587
5.865524510994533
4.831849853320506
-8.926697515837816
61.994678263193975
-11.98858382064185
18.78718079936496
-35.64779796247595
86.212758512606
9.821293598668106
-72.31303004666971
74.57455218433259
24.563663371378766
37.4393681713166
-94.2868951963406
43.661637110408975
67.35492967962128
-1.1241280178359716
-75.60852262377931
97.2786012790379
76.22590384143126
57.11707017437618
77.09647602829335
99.4902599281051
-89.90606866022802
-34.98851095603837
83.12568064746623
-5.760466152073377
-65.2340931113069
-72.37235878843573
28.8976073464203
-42.31462369990795
-15.514738223844432
85.9671242243574
-63.40606850979802
93.91646754433961
3.8311928119290712
25.814169383200763
47.84230615865076
40.88352407735252
53.468785995989606
-73.67963825646974
93.83098705154165
32.90985235429042
-24.110442146122992
13.68872743612333
87.89268120730318
94.30403152687342
85.16827149908715
25.3435154014076
-19.614751014230606
47.92866505326907
-92.19366889979787
-64.91059014354204
-95.54331264446205
9.892453671530248
-32.978359227250806
-3.240699516657287
-40.36164297761673
52.064030440474426
-42.78564970880048
18.256068557573244
21.811554837541536
67.35352128100587
47.037565579075846
-39.04739265793231
-71.5361987004095
-71.62690014197219
-97.1984116682753
46.84946557391524
76.0864253892394
-21.030336942993628
28.719110392159422
12.56200024033609
41.15864505455849
38.395675075153264
-58.62438852924687
98.72234768146646
63.81650032320442
96.65784652861711
56.0967318713308
25.951207713477032
-9.552690337527409
4.857590561009232
69.44434889041074
1.1866365242195371
92.41580168150102
-86.54850044776143
67.62836725937217
-70.4010672017247
91.27415903853256
10.756305532880674
69.37292145769814
-54.291387332729826
-22.671074387634008
70.99799607718566
78.31752950984418
-72.25678298900948
-21.761939711788813
94.45827838249045
61.35063785257469
-79.11569732563152
65.7792278232713
-93.33754779531331
-44.455748762446156
-16.753327941362414
-63.763300592208715
-21.01895404308172
-13.804969451398236
-14.786481467899847
86.59591234424241
-83.88519715694969
73.54286510968205
-27.948961047223506
-83.50073345558499
-9.685285712586222
-74.98828085693245
-17.454117480655512
-99.30911201912001
85.6655596269405
-51.23092426101164
35.02626113269159
37.5403072303381
-35.900275164148226
-2.4021421287373528
97.38121380236095
2.5524163838343696
57.864621625286674
2.6394668054199997
-31.335641843292223
-24.155284298007416
78.40257193748442
-54.5981342288379
-56.30049326192368
7.212544986145389
-18.9646795526903
-71.51932417788409
51.34967423738871
69.64752150015136
-31.64300952406198
69.41413829465318
-45.886782176766516
16.449607731014567
-73.40242959149228
71.19442284992502
79.84660418410388
-38.67201573891488
47.516653278610534
-44.136234654050895
-83.95576887647465
-2.3872509478657093
13.594175056870597
-66.11304668823135
32.026190808684504
-93.4801145851955
-2.7389847179485116
-73.0772525483772
-74.80353889276053
95.94031485423778
-72.1513326531281
-93.97387078346524
-42.89473986812828
87.99531287831982
56.35571969801768
73.87057164614023
-48.78290574918982
-25.220095743977765
78.17474997751575
66.73444098748283
-38.44503562719783
-46.561750946063675
-47.61480585976621
94.20886954645965
49.17075135969381
22.777867499378985
84.65775878749741
95.6266495470662
13.173586883064075
21.7828044800618
85.95167946866417
9.379435758851784
-91.03913357687621
64.04965887342001
-29.59118422178703
34.22851584500066
-24.52893815497079
59.77866183071677
18.02388848403021
-40.061941856979466
4.288105109706407
58.7403384141536
-28.17753509834988
11.815436938430835
-54.92715756678657
52.802290945523765
-93.86574619421337
-9.894221225992908
63.76970290992119
-56.94367282602779
85.1791230435768
-90.99299260752265
25.341049586580993
-37.21739765063701
81.5544406063762
10.957598663412611
-53.82367096899359
-14.286394361176619
8.437620187552739
81.08313555936437
-38.708133886545525
82.47021740318101
-69.93427074112446
38.78870950560943
17.947859160473584
-4.703836695654289
81.89063876838526
-78.65469315588376
53.30800498338036
61.09132032560993
42.378584824779864
84.42358891194593
51.463285448213526
-9.409468818012499
-36.24295741818098
-80.63499316832068
71.29372711158186
42.598781042526355
33.138442011915174
65.43676924258983
84.03769291066826
36.23242987043622
32.53038902839555
-75.76658743829708
43.93097420036676
8.690849864985054
-85.86646961510607
60.88651485581826
25.41524043730672
-38.47381066548141
52.38907958301144
-71.57041244933404
-37.84712357454705
3.9361618008512096
85.5939000590181
-12.619607036641597
-49.96979540091371
-80.0204890128734
5.489470441937286
-85.43859957796931
-99.4654379464038
-16.79918437117442
64.14478836137809
88.47256532134648
-3.44811045110049
-80.79271443994728
-41.527633847686694
-4.09524949015794
82.68314471719725
85.7688501330264
68.69948673163066
-20.371893665143133
7.316077883560524
44.88698952864539
-66.78844405663513
71.02339710847193
62.991383800424984
-80.58592482323368
89.8465567094479
87.78419183754883
-85.37621281181653
-0.48876876442204775
-24.13633057974647
-71.66444517904272
-85.27961899525893
18.216790560649756
-94.85683685736248
55.53762444858782
77.26165827011016
-54.38644093701386
2.6881290477513744
-59.69268462789656
-70.15722610730559
24.388317041250815
89.92549666019892
-51.621692890663226
44.03674184292535
-85.9832003467081
40.70677607054742
-46.85468181570014
-54.49704209486155
-89.28436795342847
98.87458927870802
-88.42794976572097
-34.05449794947313
46.384843712052884
-65.50363541036137
-0.6838322800063281
-46.826407815025476
75.70223920360391
-71.59220681134117
-33.869210343618846
-4.348021326111734
69.12687261385159
-3.9261862752075274
-42.626092030557075
-34.18100212662263
-79.53498887139922
70.88428198585012
82.46451024808962
-70.17248563534054
97.14242649435545
-49.16428374141717
-96.27425391194284
80.89446720602177
99.31042614214621
33.99295717202045
56.45319409170281
47.380408840887554
-2.9497626353556967
-5.1131016692523445
28.468528491584408
-47.396339427766506
-25.172685631130648
-54.364689171723526
-28.472199094361244
74.24683473420035
-76.77552827466734
97.99518189502098
61.87584323060591
-69.07089281396841
39.30054071719229
60.52722072201297
-37.06502645406853
58.130647611915094
13.094601812348628
41.83552740723567
64.10489506377587
39.73961664823321
-22.92615450107334
38.96201729487058
42.53454976595745
56.122800841190156
-13.664113684231836
19.545930099467327
37.2740135235351
-3.1248290495419013
-26.795082927701074
-47.87927621940362
80.18832695019233
-43.52857746014571
-8.346054143226198
-40.732349832931746
-76.0451274850513
-99.79183806335294
-53.371394725888344
95.9537771597804
64.41361504286704
-87.70871032762105
-21.74028942477615
79.1554828738411
-71.3580074991898
-74.05124884479002
-37.13445847848429
-28.509569505058224
-74.64611963969446
-54.064049285784435
98.91996761139418
-56.23906541637813
-13.963245275544338
94.37754485154
-67.88058292595494
-20.53461845439979
-73.48520262612894
41.63425805628157
-37.48847230556176
-42.222004404002035
78.454187821338
-88.57911103578333
-71.7906026518218
-25.102885507014776
66.63710267727885
93.79585355014606
-58.29852750696964
-67.96451518513106
-87.1857219482048
38.47227926838275
79.04314506420155
91.2265775957915
60.02951539643607
-54.81393863963069
-82.28209190644986
-51.67306097919349
-74.4700137419722
53.53696140898947
