-25.66637242538839
-83.31358073405801
-93.49642501400248
-22.983078859715974
75.51873930183606
-91.44506967013241
-59.12825436288267
-1.2608908609503828
5.273309909222519
-49.994854589887126
-86.04921559600973
-64.11646303911087
13.851804177945809
-82.05654651716785
-6.368444283328415
-17.097698170327448
-30.55520013211448
40.71495678947679
-9.600426323999528
-20.155540299206763
-42.72404286082738
-32.400854734910595
-73.62525856102842
96.22475653597914
62.47368028668507
-17.767020995317466
-50.1823969518953
1.7747790625811461
-27.627806468766394
69.23946507352235
86.56423065791267
87.79808853849588
-36.594475149285024
28.97593318155421
-87.47447863329911
-29.18553241783445
-86.69447367730857
-38.62632512551831
-66.3935540069794
-62.68607819788152
46.05484512443837
48.151863860869355
13.743742168554476
-20.905222734683022
19.470392293776968
37.5662671184069
-97.60816876026806
-75.33551937407061
71.04347353432877
-28.251835900332907
-86.83017270456965
-62.51943936006607
13.559888776493551
19.59513837243216
-61.405789226609045
73.45803328049718
70.82024553129222
63.85086499995407
-7.670832174847902
-64.73056843645043
23.152699893036967
-73.08353507325312
10.718180024657102
-12.845596078834063
55.237282622294316
-63.190365505415436
25.306944323801957
-12.489021083756938
97.12914649566346
36.609146416991564
80.88441803931192
-57.54075335506344
-20.61396808055416
-36.14383882321168
-99.47484697629622
-54.112357350044896
-57.26988336175536
93.80842116345664
85.23833979197727
57.04537420949674
-65.21369119621659
78.29282441657378
-69.90473630644351
-68.36927402333022
-6.777149755865992
-33.468189032242464
31.486509518395337
34.03907916405964
-16.265062151878624
-17.064240251756658
75.882735163787
-27.620986565641203
-28.005443319661566
30.39257441826973
-10.540290026844332
-42.62121984659859
-24.837148635762787
-44.9965206190563
90.1433301902095
-49.66843424141012
16.668910366297624
74.44693680392368
28.62022444347926
99.90103583888711
-54.24252546379535
60.35490235105863
31.68631118489509
65.49998484522627
2.4579745381360283
-16.467963007600275
42.10291559293054
-53.185002868358346
60.852617374145694
87.7166079975095
-52.417881255903275
-31.670594575031757
47.22549454867081
37.75851288083135
87.57850866046357
-54.85799185900595
91.20787777584775
-42.421244654701916
34.726599069637075
-38.12384733050214
90.33386528312934
-80.35483805285574
87.91877893283069
13.585094897778575
-5.552030934454692
91.33780456757589
-36.39053650191371
-1.6179580445487147
42.807892901892075
70.29870125205122
-84.56151879657996
-69.04774625586984
-48.77216150861952
79.67327743611801
66.5799398142
-34.6231859687295
-58.43138147256881
-80.55593226249916
-14.76406036524989
-60.15971846909372
41.290019309441305
-64.47336457325174
-28.69138803504015
0.25726135578342735
98.38528701109396
64.37929704268538
54.32605273250354
-65.46312135639104
3.2208402264934506
-95.41169003266516
-1.428130932742505
26.24439669274956
32.20775573330042
-58.591932227674604
-31.640676179096545
-97.0677978170666
-88.93090184064359
-19.161972059644583
80.4124373475228
-70.76321175657623
-29.750474039180347
-53.86269428078811
-75.32416659855406
-78.95231089199925
3.3956253274707535
-83.74323512253167
24.29497896753965
-68.50444455689511
-3.3728057352595044
13.9874646895328
-64.19762919684817
41.988304872192884
-89.38944043697035
-6.699048250624571
61.368189211075645
-81.76746796200713
2.106571201882133
49.37637817651978
-59.08508143682274
-78.02736487750195
16.695549577908082
-88.62262374020675
4.51932617091137
-10.623521380795296
-14.36997703991831
28.660808522054793
91.9117962570642
-44.96588207588659
-93.62556089958198
83.78223868890115
11.442396471680524
-23.536588670153336
-32.54539711264013
-11.00191307178575
-97.5316394070954
-94.80010214201538
58.52342131326256
-13.35822848086201
-52.72017650699936
-6.076934645873692
-93.05444061724488
-80.8316682676766
-8.858230766764038
-7.691318735002369
-4.030001649717477
25.473646983211793
-49.058979079688925
-71.4311588531875
-61.877497378634885
-75.60639574297741
-27.192683367320143
9.794574288521929
62.92737682142422
95.89682817037274
-10.605590865391008
98.50166823576757
6.1559646164024
75.8416602030768
8.098209045478583
77.66777710038721
-12.884449764914052
-24.07636121415142
80.8847487522466
-6.995072757592524
-85.37396965297583
20.999009753399946
-59.19764322394023
-72.39688392612737
66.42820329539421
59.52748304168546
50.51008368015712
85.34593410997883
-61.20358357592644
71.75614975855171
-25.328780887053853
-36.19793245791736
-53.05984250517737
82.08178564815944
-30.043274426888942
-41.76174577033678
66.65371420249215
79.04046456721213
47.27492384553861
-69.35891497265072
86.87912655468637
-37.231444971428296
25.70307966119134
-55.39665022541986
63.630435392774785
2.395655804198938
-40.22950410574111
5.692983990054401
-66.40450740380774
-86.75199254955055
42.17346784236102
92.8841191206827
2.3264367181036647
34.03364235973149
5.540262979593862
86.63266325957042
-34.540237959089936
-70.09738614891424
75.76088843817436
-95.1847478644747
-13.652441139567955
-82.18608929058755
90.08312169488488
31.39889433645996
26.690763702314868
-12.714782483405429
-21.96314593965012
10.05339221600343
-92.61139594629759
47.14311526538242
-16.852539901566033
44.89576909647462
43.91397571318549
45.54614158544294
-24.005006666541945
-82.47482268141763
86.86647065154571
-35.06365099249227
-75.97610222442589
48.042491909926866
-91.00702171208117
-82.38019516041146
53.718466539003515
-47.807845358075696
-80.51973426174382
45.818172669599875
97.75113155644354
-97.00238385068964
52.778345391829106
44.783039357413145
-66.90117227263096
-33.82004461934913
20.985385197824385
99.26781434655908
93.83581207740511
-44.366573145199204
10.630373298938125
24.152141880962404
31.679609650209557
73.71252719702218
-1.1138402031571246
7.002768585762723
52.00232797470554
-69.76618550211879
-67.37064670179196
0.0726432240021353
84.7535742346065
-55.08119723274616
-57.682436516583735
93.9532394027949
-71.72746054534113
11.741105099948925
-48.201561591217626
-46.360283527611216
-61.595214228279225
4.039523606306432
64.9404265151422
-65.96189239908622
23.78641816475681
-37.46150980947167
2.3733442480384355
46.10867796160446
70.1733740990386
0.6349056195780634
65.4029219120635
-99.22105913049913
-83.05242599754274
-64.10795399552991
1.046548379802445
50.0395826767143
-16.087826750008702
-13.005270479655323
28.68411339039983
52.330563041919106
-18.848130312737396
-85.91487783570484
13.09307789193565
47.89562921459475
-18.58776447475607
28.62057437225627
95.70013172482709
-28.449561197968222
-53.71067591920053
96.37210581459189
-91.25015968751744
45.237341360292305
-29.035448674399248
-66.10728786564584
56.41188575729615
-5.513093701674336
85.683810687407
-58.85679170282722
-49.1222454686421
-78.91019610827989
-18.057509934142033
-36.97194186405541
40.357360215975405
61.78698642871177
-88.035847739689
96.60024645730309
62.118318348527
51.97146052249869
-99.03019382941697
-82.47731880940455
11.819990466740563
-67.35213819522119
93.54591573856774
13.998722972643392
10.462821176273081
83.10610031980318
-90.63249346042276
64.74432109126087
76.9814494577787
-67.04480203277205
50.5470582572533
-88.41044534728842
97.14333111014028
51.270329219944045
-14.907286989671405
15.969708768874895
-1.523560112781837
70.04487029402847
22.12161652772923
-53.97836949267598
-20.623074452407593
-18.237424000940877
-52.34552077203381
46.448429975849024
56.4713172270005
-94.97451860242056
-90.62239613175936
20.150406785738582
9.121900841410607
31.38433219340061
-90.5877417391616
69.31549995670429
76.39511230622443
90.21071783514532
-0.20670817715078726
8.558499067828237
-65.27004123547783
94.25512200492238
38.502491249269156
-79.28284313790888
95.79277559525025
-33.53964128011246
-96.55448434937945
20.221206141362885
-64.39925716333201
0.7954709415830052
67.64662997162941
-1.624171265094148
36.755971044218086
-6.86883827712424
32.030889977348096
0.595133276060821
49.44182587186182
34.93872152507274
-23.66569518398495
-22.63634155354937
-48.05921870677412
71.82157569142927
83.97517285274026
74.54793416316329
-4.980145429049301
-21.054337434443454
-46.74854259443535
15.641964745547881
90.14370720412279
-99.46408734557335
81.54186565428216
49.13522934397295
-88.4419837799695
4.909015223908497
32.44814114395771
-10.349085481324167
60.26187959053689
-79.55760766942802
-93.80026768160808
-22.156008002333323
-97.9481739475224
-56.45967374055547
-46.55597670276575
81.36029970581694
-19.317459323319184
81.01454990750605
-98.05771474197398
21.49823400663496
76.6995502024086
-66.16619144385767
32.49093202826941
-86.78531351933464
-9.07392694558682
-22.178690931941887
-28.247913697779154
-44.545407245738545
65.38301251217746
-13.995171258606476
-37.0304702962362
-53.79427359943292
52.25077855300674
-42.89645717676842
54.304593424444704
55.565731666904924
-3.9281662979032177
-60.577075746730856
-22.84501804009696
35.73335763949257
30.803064914141203
77.82577045627832
35.05914867255203
-20.78758395250557
18.803349556996494
-54.36004326834678
-32.44903244122301
-20.42923180348646
-98.60275780122747
98.28294625225459
71.27627902937078
-1.8998016568081368
17.261232744667325
-42.02283511018889
8.771861120993705
-41.29255113624411
-36.05783832337879
-86.10566451747219
-25.54297730206659
44.47396535332189
53.772367002771716
26.28601047762919
-87.06642154250474
13.655028326570147
97.2874216093577
-75.30321835546252
28.340009099502907
53.72249202529295
17.512563620994854
46.494087575971975
-49.19789917735946
-69.90662285354378
29.331979781672203
46.26977011229147
-81.62897484361747
-66.5444816885969
-40.15239150164454
-11.182967724229258
5.668557952885479
35.65637468063031
75.24539469581731
-35.24881993101796
70.13701440859677
-6.426542270990183
5.521884436192124
-51.559507519080206
67.14606349806934
-5.575036951430775
51.57034469213991
62.09412114047217
89.21386087808119
4.156539231617003
37.39704604891506
50.243879578851335
30.448842200539758
35.78275920406611
30.659173932181062
95.19668854144294
90.54635745834426
-66.5771262892236
-45.757768326702084
82.23533370932327
40.99500716717759
-58.86849837290096
-38.826234872519706
76.45035459002136
-87.79426290096575
-26.08324341359689
-47.282998764190594
-44.4977950661861
-18.7903393427854
60.756069929895176
-15.294879683595752
-35.679211019660144
-90.66267494050375
-5.070941127545709
3.923589087264318
39.80742081928966
-25.176470094143923
-54.280468684107674
-97.7991896506031
-61.61609292652659
-75.30684139965288
68.60878369769168
5.094818560608829
-33.241187366972795
-56.26786475316623
8.051138162588643
8.859860482555959
79.34513867987107
-5.326615878283803
76.73542415800367
-57.82188353787856
74.10655028759709
-37.92869117815305
41.63251291411683
81.63384195067499
32.767201595817596
91.95941466473741
3.3185046955287874
-89.07909361451698
98.00947371098889
-70.14524658203203
27.498308906353202
-98.163247648993
63.718927796045875
-44.19126362363204
78.46493274435505
-9.403680079176738
54.533124683535874
71.21697354548576
-26.273691799970564
21.762208673705715
6.680973158192444
-43.58504185678045
50.67925769732474
-55.0170680051292
-68.8284843481463
-12.658109630535705
47.45727178451787
-68.08814932130956
28.221850415790414
82.01650884201601
93.42432042485149
22.53584113800639
58.56220961622549
52.763953909714985
-89.53843696889598
3.4250090352189346
-98.2488608625324
-3.9096180640577387
-16.188372493754983
84.2862505422525
-2.0866407458720175
82.82265306080802
71.99493314530477
-81.37481450154525
-32.161874292041944
-6.717616116816643
-83.5023628879362
-41.34778005558481
-68.45851936798273
86.948477669748
-58.28534921754169
-31.954706556446055
53.507030804646774
-46.77957462050342
46.780926500878365
-68.65351877727718
16.179299178311027
-85.03982776480893
-98.32047298584041
-20.530733229739596
-81.09565030060418
83.43411403971018
11.716658371544383
65.88619789853342
-39.84886546974173
-22.78356391159646
-15.057740166658306
-18.743859073657873
91.89351778680745
3.9473231979520165
-71.74871490803059
-11.58397546338108
-96.78109717681369
-15.46514864165674
-68.39089508170898
-72.6190153395205
0.907773270410587
-31.16720549615779
-71.10118735082862
-20.882732548153896
-40.6005438074208
96.05935408993363
-1.5194654327540746
-74.09256685674366
72.83584249016766
-85.88566606876277
-91.19770312914928
98.8785456563457
-44.2883380767291
-38.054013072155946
15.32909713424975
-45.85090870864013
-89.52135924022791
-18.1633366468793
36.527598472808165
50.358475027261704
-45.09464671174057
17.67666908408627
-52.42516726202866
-58.53872665470878
-98.53973331717127
42.871552055390396
-17.728167958923365
-25.584080503515153
-34.54484746400837
10.981410633190308
12.794212261834375
-10.751502654499177
-49.55775959006126
-84.57602498349448
-48.979820739402236
22.179337796509245
29.410774314632533
26.018527153923117
76.29492337718042
44.626342308547976
56.333848963980955
-80.0542644361713
45.571361141734144
-78.71451887878021
-8.736278350879218
55.18117744442344
45.31249499133699
70.70987899298979
32.104945284654946
44.803851784102676
32.46384040763641
53.55789296161828
24.089082003538323
-64.9546122465024
11.061226314661468
55.18486285968342
-71.41783750336232
47.627804027431665
32.43484277013093
52.37815070290546
49.202254600402114
92.93074177991238
-1.9093495003966439
-32.335654383256156
7.300194473461218
92.68841786518183
89.04006544711498
-57.19245184155501
82.14274660482894
-64.47925949304073
70.32769920647033
-48.45300228398053
36.93189684465361
63.07398187220923
94.81323851274516
-74.40320433082199
16.01852009804921
-10.29375607897714
-79.97485416169081
88.41353276200522
-98.18693210627212
77.16170733095333
32.28104843571299
-66.5482528231053
-83.2161574405898
-38.608099628273166
-72.71048881555441
-37.71379296169977
18.351631983854872
-33.347531697425055
-5.1074063629030775
-96.42565888134935
-63.94580429256806
16.312587302992142
33.713788937556984
-74.91924949485255
-33.21698858603341
0.49646721869802946
3.2389517835094637
-7.296788014202178
-40.47615756374552
17.901609018834847
37.64041891862334
-75.25357396826368
74.38778184006043
-4.501857903865883
-59.80669240860659
-11.16549231468025
65.00907620513789
-28.91883937651886
55.9375125418058
-34.84932960468254
54.15444499033251
96.77083105159531
81.85849885972962
-47.281701520450085
-74.98635090163879
-49.232862040504784
-96.59410028588908
-29.4558166799235
-11.998506875064763
-11.465991564555921
70.65945723855711
-63.1205459162093
46.26758653641798
-5.776686827386783
76.11869321251083
15.862878496496435
70.32642400376753
-20.755317944608436
52.009836891162536
65.090290711981
-62.69485712357583
58.0072367507596
22.766396228407842
-24.497912549089776
13.822645481360766
92.5633414344089
-89.43570317121745
-88.16089350362184
-35.587187454046614
74.40701395580422
-19.971371506701047
88.70058775081048
-55.35935128592699
58.22677724643282
81.07869051568656
85.12595396529622
-30.45521503904584
87.74414047844132
-67.03638465925452
-46.67275638494055
-35.47691947962004
11.647316666650582
2.1565154308971017
21.0243240555819
22.586260352038764
-58.722478344464626
-81.60384013321868
-83.91419218994498
-37.29158359946896
2.9039389474453685
-68.60447965795268
-93.67965881198413
60.31395969511502
-39.24201129367377
77.58622583670834
66.97925209251997
-6.340169115869585
-10.447606476260901
-0.534545392441288
84.32865816892706
50.89395249500134
-88.20921568736219
36.47489830145241
79.24893454010143
31.108657436688304
66.15806795149294
-98.5989872917884
27.28673528164174
-18.98885565402186
18.834585427648264
16.524173322746492
28.03157130597134
78.0156307304348
-32.02170746279674
76.05312003646435
5.309232806095736
95.78888737546495
-49.56158742428922
-96.287592417079
-30.776256947569422
-74.61000228249715
73.928847625555
53.61076845841538
-95.76730011155705
-67.85372651057833
23.125033018525002
-40.44983318130875
-96.31814595854173
8.723932289831922
-54.87812909809256
-53.534626901707895
84.74894865690334
-48.12066981840522
69.60385402085788
79.8203086811977
45.439233707701874
40.70456242392717
-82.43126766964755
72.76240189711032
70.20592361490071
-55.341152476512875
-76.54903685865725
82.21343246265405
9.747085798526058
81.01345884864449
67.90910388389025
-68.26672111549894
17.819416419605986
-64.18518210511971
85.1116643175275
-60.50518190459675
90.72287334971006
-28.091575641238435
85.75308990445444
-23.052710432989755
71.2567119178274
-53.58508502897041
72.93709230338416
44.11034163354469
-19.37939213192847
58.49382883395273
-41.39785146932484
89.14739168044173
40.13782455411484
-73.29191376350248
49.660197017229024
36.11451221052354
-51.33247573671218
94.33832202612379
83.2539489543122
-19.595623942583586
99.10974813381165
-42.88825077771554
61.75215272844409
-93.67262295764851
15.248179855665043
-65.22096031300369
3.527426279965539
-82.59188983448358
10.147131938596175
-52.32291553155577
-30.75787901375871
-5.911692421295584
69.74116717950713
95.77185938621719
-8.59414757309753
-54.49364461693267
36.421620140676
30.470484678892603
-54.20778649639186
-21.153799577754256
93.83014951201747
-58.5480406360447
-75.48278614622718
8.08739522851721
-38.011170726116305
4.9397858829953805
-83.19702681795245
-88.89071824770298
54.42598078082054
50.54169353518881
13.386256374343276
-0.34233041659770436
-74.32111001268002
-60.58710925648994
-20.411416975241337
9.926672899185334
-97.37416644015025
-63.86277846476589
-91.95522398029101
44.23122310397963
-35.963075421123065
-15.037647582339716
-24.65353092604306
42.56552604696523
-50.52536557026879
-57.16098709081698
53.94281132166742
26.571911475939288
-19.394760818412934
-6.150467713671119
-53.92457549374845
-25.85429320841999
-70.27348667646658
-79.67006908346981
58.706547247880934
92.7544457560692
-17.555128820495653
-41.428443633608914
-75.3213473934673
-68.01483398091996
45.817665463500305
68.12244922215842
16.46288820656345
-4.435614739045505
33.93875743714307
0.5122656133573713
12.50162556836709
-39.85379854179656
-12.409549408257334
8.200113919056818
65.59603709442666
-52.935435002021826
-42.72462994205804
-74.87040612772677
94.47788514233778
-42.40221278261842
95.84849912703581
21.825843686661315
24.07179276679048
-33.144583013100686
16.84119286302483
-17.948117788992462
88.34945016681502
-80.36451466572112
-40.378092788477346
-25.36206132103507
93.51615039631378
33.50695546306471
93.7582584749536
11.391820356777188
96.66533087840386
30.43565053386652
89.97265313282156
-31.00742320995427
-26.189267215708043
-28.322901690125832
-85.26379080346726
10.562584422894588
20.535020197207032
71.64569643283235
65.06294342828397
9.707017056007913
34.730107330011776
-38.438235935059154
47.23494238816835
15.119457346541878
34.2433061011983
-77.44142928136586
20.2636500766656
16.8706035203503
74.46754335300096
-25.42099898574392
