49.25224942689695
-3.779792315214962
-27.083407694687864
-59.77782987847158
60.03882340123715
-89.30193141057924
-11.60795344030467
-18.141796543587873
37.72942031379799
63.161063731147664
94.75129658014504
95.92481439805499
54.089705495043205
0.05041427643548957
-99.2423501717176
51.0191447557973
-89.9649436375414
-10.983819354396829
-77.44761074296893
4.0308259734669605
27.63952516057833
33.2895548974501
-34.63075041168247
-17.859091778791253
-49.46588123650739
3.1266359449991086
37.766561301634994
72.92198763963941
22.656439448651014
-23.936134152183
97.12618837904841
78.03888202871983
-16.995442750669227
95.3177181383675
-17.65571072586036
71.36126651139406
-9.25410847232304
-47.87328506368023
-78.15338673641705
-77.32155566325316
-3.090141383320116
30.204353014891097
-17.635555318442968
-81.13055417795806
-11.123224542440653
-43.618206147723114
-74.82451913874078
-94.07800236962431
75.82121254127861
53.66107365374722
82.0754562344714
-8.83080130516538
90.61534076635482
-20.386056634878884
25.240512881382713
-11.279171871589597
-22.896860013304092
-48.275784352950545
-45.89435541696609
89.47607160744457
53.2579774982494
8.242477547703444
-21.26866900636601
0.6806227200397217
85.95490659092772
67.68979421792693
65.96920304734297
28.647956555997553
-94.77960853694407
-4.693499276281514
-55.666905512669175
43.211223757974636
-98.83373666074411
-81.21433306429817
70.34073140625995
7.3862163972047625
59.35660347716589
57.33113026615422
13.428743134981985
-42.70389758874291
96.41469923213035
-7.6727451131441455
-21.73610969131927
-75.59259766797231
43.049688720775805
8.690839574452355
84.10038124097835
91.99950994669547
72.09625055315595
-27.226062517946232
-38.89242246629401
-52.33525051282501
90.41301418460984
24.80700363025163
69.4039912140235
-70.48286090269657
99.5914500493545
42.40336733373971
4.740340880124336
-10.550323525075427
4.4638579869429975
-9.10188713284279
32.907150018342264
46.52012104656879
99.61321542366647
-97.84190831751269
-39.018872960922394
-19.951577271603412
18.848823982033934
93.57283055824738
30.806613716760012
-93.84971938485967
76.48407166780885
57.135351502948566
-1.0162290110455672
-93.21610430106024
-65.21298190269454
-55.47242708669471
-21.48515889775591
59.83138286121104
-92.72973685675396
30.812756271989713
20.77242768629202
80.6024693425029
-19.70143157745794
46.45160545047503
-74.79322882570001
-20.207811031245456
12.614012758606634
-53.98017501925574
16.23177370438023
22.98628457659551
-99.64392840512042
-43.84636826916753
93.88263718595749
6.4756791906424525
23.467360089563513
24.645967176694825
-85.96180484219182
74.46103622360374
-19.941344561740948
3.806236545005831
-9.447187830515261
-47.554198713654515
-57.862634409610905
-98.2018919778309
-62.54327121781724
-58.81344099540946
89.80773495148807
23.682184275768805
53.06338910837272
-75.39279251563194
32.120172930637665
-88.22979702877112
-67.66037727628758
-9.521605230459258
25.410733242014345
-79.09844529625039
2.146612664218722
-75.16767419037728
78.68333829777583
97.58179532359458
62.696043861876575
59.590898526018975
-4.465965684148259
-47.13171712243922
45.581530173675446
-12.755207935705641
-63.25374165437585
96.42761400705226
-78.86141113072102
-94.05575431672717
-37.98798689234866
-65.04687843672185
95.65798242936515
72.67578773121176
1.3997270593308286
-74.07794775787006
-82.61572049952605
-89.01931623084833
-10.477326324647947
63.03431946344335
-95.2069436001993
-43.8648103099099
-18.085607564908713
-22.048635524676357
-97.20256811386842
51.75362992753881
61.507709911364
73.35705853743696
-55.2167106414746
-88.590137359765
-85.72658401378033
-5.718550424340123
4.917418420220912
47.422941400786726
16.012782211945222
-26.907634030045642
-82.90740566619573
77.94589425809158
41.846490680550744
-22.783415528058825
-35.582950792076744
32.16153798715712
-86.0555410297672
-78.90921486739153
-65.09119213833009
-77.61373711432928
-88.63318198916777
-2.47538933797307
68.52534374879332
59.8680107108907
-18.554040736629133
57.761428383943525
-30.397424026743863
83.77466282788589
-56.76333001423297
63.831479159048314
36.60085226678606
91.33089427946487
24.089670371676192
31.07543006348402
26.70057733230857
81.11071935852252
-6.412897506054563
91.07723179834315
-56.85454251133846
-24.709056725700208
-41.49027738108728
83.36920497757049
74.86822542201415
-89.48973480756663
-25.014651443635998
95.82006974338825
-59.354310336229666
-99.57116743603605
56.03637398111675
54.530141018278385
87.23988714771792
58.38351400840918
-0.21301624533313657
3.450634808411209
-0.5649851143407574
-24.339960197491934
-70.90902582066725
80.0321444089393
-46.543391902308805
37.8507524492606
-18.021403588873923
81.61224516579898
78.15616415055959
-95.61114656148544
92.02423290308138
-47.80282440581014
45.50818903151733
-67.8139528782007
52.9615697756596
69.55016983447624
88.83047987837517
82.62332107752698
14.880125320586515
63.83628598767112
51.93452803458746
-12.523304069700927
-40.86105997431182
-77.5953894028354
-56.726941573590665
-38.10438903389306
-31.967640208606724
-9.046491760293549
-0.16777774571284
-38.26638714905166
48.676206508620425
-7.20949471481714
7.540538805090719
58.79158349072469
-42.755883247265515
76.55489175212273
-14.705723908817163
-48.97531007567102
-23.92171283201523
71.40089554122738
-84.04961669099097
84.0306010145296
72.55489021880834
92.33566394274683
-44.44378793449639
39.35341458336853
-22.138795733435217
51.130827330887485
-3.6802811036521774
-9.219338254178865
60.93175231983983
-32.352383923377175
25.520741935287973
-22.684294693411914
-40.21315652371757
-26.931374613943788
-59.23894997923907
54.466740785097954
11.985501786458698
-0.7509379088121761
-51.1220977633847
94.1922432304641
42.380899306847624
-42.640869494779835
74.88978804931196
48.54290470463195
80.48441221627144
-59.71386798016793
-75.32205894908782
-92.74333621874631
82.7664727690981
69.18654379626244
51.08597757813126
-41.17505362639415
66.99120980193521
32.08456751655709
-51.59451016539218
-93.83726045282043
20.691932993345844
80.48798704326927
38.20114196335888
-56.82520415447099
84.01391263649444
-91.12723228920731
77.95919612473443
7.1971818196897175
-18.72781799772693
57.7185308545254
89.1980452336297
-68.07635568471827
15.717995396778235
61.57927051616821
37.15746194100626
4.660953400863903
31.107589703786033
78.17701105686845
37.23340049506868
45.8211327134222
35.71651984030558
-53.14901731438613
-47.88108961081969
19.313636790128825
85.27530254965811
-48.114495720026305
31.348669868869678
33.976646822607734
-50.16413429016906
59.02683904542633
47.54401440286989
-9.289868036330958
21.076524736148713
63.17519037585822
-31.674365307146758
22.084682252232852
59.25152676637629
12.412915740409176
-82.91682455631575
37.99847181321462
-14.981678254459723
-29.960150184509928
96.93102618482715
87.7077761776979
84.58345959779788
-29.16204868883392
19.675713442874198
-51.75320594002497
35.703856777752634
-2.8545644156006063
-91.94457550044761
-73.57576177071799
83.39623890124642
91.60392292965213
51.40565274137728
49.5422221976097
-33.10529971827437
43.06169864935606
9.091711514578122
64.01253158061601
19.242271015418268
90.42022791233833
-73.59798225960014
-56.06519433653106
12.052864528106767
23.885109880857527
-0.17405762867612395
31.180960434239353
92.7197937857654
35.507060204102885
-98.29297492468494
48.21823422612093
-80.48056507514434
-90.43626686086917
-26.63964045248774
-21.841851314225536
60.27413141329902
-25.54978342978565
-13.288762542474814
23.22619081699733
-15.03610689457247
-77.23148407598015
62.882291485642185
34.8250747123746
-89.40783703978985
-21.869145655801205
88.5618577648562
80.2434146605994
-96.1528615338888
-10.84569551826138
-54.99440297086815
-7.334137082422274
35.27507428847238
51.64377730701051
54.36307761114563
57.79835670813023
-12.345781603996954
-60.02538320468484
-65.09536725556713
-39.695390332879214
-12.974574088352298
-49.423825166220055
-68.86024786970255
-23.240894889443894
-3.261410459915197
78.1068906709551
-92.41833992474288
-9.787433742210254
64.13244734992787
-84.2040901831983
-80.52686807536142
60.483378601199036
-83.5446437192819
-73.27015071736021
-53.49259126898258
-67.93069777794427
95.16895547859926
5.148502586669352
-29.765259639879105
-47.634553850389885
-76.07575629698655
99.3582059536264
21.842166283794768
42.73156037078277
-9.736257451757552
-70.08978061626647
30.018914654287983
-80.40520264513276
61.14464464097492
69.18391296729126
28.173953707143767
97.63704891774648
60.159497365004256
-18.29780491749618
-17.878525385495564
-47.2773997613958
50.689114734521894
0.030271729554101512
23.975332651904438
-76.46991507138587
-84.9954552040673
41.13126619341878
12.04866021896207
83.26933338978822
43.26065764385373
90.92179623735058
50.1995805317915
-32.129864285945374
2.215280339180211
-89.7297685276537
-54.009374758388496
33.57605033977572
32.29482358078411
-27.017620914572575
44.32553302332232
87.57455391947909
-60.346067405734026
-48.15596086614404
-80.02873131395441
78.1672582246245
-55.988885883473195
-38.43013890008624
44.229571859484736
97.33704491347362
95.43742016411139
77.03492933025126
-85.93604566725317
11.916336914176242
54.67821212606907
-10.079536581474201
-76.58602128867727
-98.84389297980016
45.888765228217466
-78.34551078200889
-53.547248577662664
-35.422928028834846
-2.9327671382994254
-2.3352702462862993
77.00614253140859
-46.3883547230794
90.20305282856637
-80.23289159436422
-49.174835303824004
32.7815720188467
45.81752257336825
13.779125406999555
-81.7133450145473
-32.3068632268339
-12.859721844779102
-69.59623689559989
-91.88088432026441
60.25174523501633
36.37643107956342
57.10796193148795
-94.64577524188435
-91.68721426481387
-75.15988656308785
88.10700548743344
-5.351076209149426
71.63411075270264
-33.05558475712111
-43.74297864239847
-83.86205312075508
-89.69456569476091
-3.3455942887633086
50.73443880330217
7.099437764391013
46.2506324116695
-84.50410940398825
68.82669534963227
-34.68934105197057
59.81863696992991
-4.704042763560395
72.73574999820042
-56.680249502950744
24.90157236995205
-30.02203477419019
-30.21356398793131
-13.452487569602596
-55.72983161014085
-17.97811204451729
84.81881774713415
-72.46923602244095
-71.8596360833285
58.301141467182134
92.45044881889962
-62.774568431742296
26.36170601898877
-53.62956356336004
-86.1376476719715
26.416577030507753
-47.79673189536631
-68.53045863383589
58.33341243906523
46.42222679841586
-41.039163455107676
49.567301103760514
-28.100565459633685
40.520164513531824
37.726151069695874
-95.14414121487972
-14.626346005623645
-47.441298936976615
-54.65278824506123
18.68679925552661
96.01187867228111
-36.912866044897854
-89.64236362324911
29.23640455684736
-92.37735338731751
89.00596582400564
99.17526921181573
-38.024445062796474
-30.215312709699106
-41.358677479769376
-62.09397875009397
-33.36338604379101
26.240671536166232
-76.42392037148839
-51.816342027469965
59.11510880706109
-63.007002059056894
-71.2994525587122
50.81058777747447
99.55301318814577
-62.80456713018112
-73.78717585490986
14.359528963321111
59.43318407309846
96.28027389894496
-12.69271178535223
-52.61415943832923
97.64688885870987
-51.266274743651465
39.54171934356094
-16.633737963194804
-93.34467560309928
10.462163476634117
-51.91556131234978
-15.398351288739832
20.53931457476071
-94.29811389840124
58.902538819378435
75.70092128097923
0.028945302947320783
72.3428207694158
3.1917077853125306
76.47288984380972
-96.8313631310203
18.899074665269453
-38.537517381268046
40.769055096515416
34.38941202405206
-5.288554744752901
2.1816578676388474
77.90373492036747
-9.401905754174194
-59.98099252942173
14.011434004731086
-53.57241944910292
-31.138045346536387
-4.224981822421128
72.02970860935193
61.413826543658644
40.254090232617415
-89.77028806514404
60.855106716781506
44.63949055826504
-5.933535973014315
-82.19779375653935
56.36485930756433
77.55729562017589
-25.61477016490312
58.382201227998735
61.294658763878715
-92.87980086952187
62.132616834717595
97.70740991693373
-71.32017538022302
-2.035296050692864
-66.44212057830089
-21.31732947615525
14.562153836818226
30.31647047387557
47.66551314049252
-24.335202112940735
61.73783261730074
28.17797784815599
-83.71150510740279
39.09198500084008
43.100930305368706
-33.750761285513846
72.53339111032528
2.0344828288554737
-67.9186996704687
-95.88408419587398
-38.134100078134914
76.7804304427809
-98.43753715977319
-69.30708548661747
-79.34587776408198
-18.73557076016148
-70.02732050565291
6.765694656275343
83.88004694995666
-33.98097457760527
-30.672342862930265
96.38999375198196
41.882221675873325
-29.67080245230882
5.754830683610507
-12.016000853649956
9.74874670866248
-77.59200070282068
-90.70321101454716
-32.80590064678097
-0.4098269379178845
68.37350243972463
-64.32100449213279
-62.722049771500174
-75.40044372612347
75.72932078854524
-25.33392266984218
29.70257740804402
73.89694472155628
-84.60938830563983
-9.55177524295776
-45.95483473360529
67.48307999760138
90.11141615851653
42.05921759900596
87.11344242380756
-27.140272421922987
-98.57087940106484
66.74752922136284
81.11567149808317
70.0304445118559
21.35180447070526
65.9435921493899
-38.10775619706022
79.17093759680344
56.328911737367434
-31.846912372165903
68.76129187467407
-97.42970288459443
65.4973659897708
30.287006769327263
-98.27974167833533
92.92495004131445
37.94703832831539
92.25888258958503
-42.37583706131156
67.16273026590696
79.50482048104726
-60.420355907584124
55.09571669022773
-96.12009048972637
23.425837327249127
58.78412042110054
-84.98114582115508
-90.08995267161133
17.517106881831097
-12.767149652893124
32.66668367958755
-99.88311047696537
-98.70944774373575
-63.32680336059142
-98.9096922737515
84.21919722917372
-42.804796825460386
5.53974482379995
-51.15403149048569
3.3784316321227266
-98.47328441140846
3.037295668734828
-97.15072566183277
53.056528644427146
14.561495771111524
16.039066009522813
-85.22359009200386
-8.446827962669474
63.38725338620981
-9.00705009978762
81.35893044635259
-15.888243927710661
15.384733909552239
50.58404050001829
39.77505442195027
-67.02494960476788
36.44368069218697
84.11970806136259
53.44400871323671
-72.45187679421967
34.65563336532952
88.8774945531737
-27.706685271935143
93.20030761680934
81.62232584673913
-19.426408977473542
4.529168146994223
-95.77404500714466
97.75454777534179
-19.408105786316625
-66.8677579690969
85.32070002057253
-52.65375703134578
18.33665990329196
-5.523411774967329
40.16765025239522
-78.27074957318172
31.114707726077057
-67.42782976991177
45.425068416058934
-45.06416114412042
85.97556359445403
18.866909218880153
-22.88725566751775
-76.96508424420583
-51.89098663090137
14.165938005889387
39.14942491242712
39.73539873614445
92.9777557823183
47.48875932401293
0.8843879986474121
-46.80837509005398
20.17821402374733
-87.004603629424
-98.8499238953983
-65.18791594323517
40.6554165897837
22.69907906052056
68.46008291133535
73.82099879426005
69.55390526501492
13.09037988024393
98.98069635588436
6.046910408457549
-17.109981390535765
29.620959820479698
71.03336534697323
86.14847038646266
19.00071379380934
55.52355655907925
-23.09373723075177
75.4444694378021
-4.655838501170635
63.13454974962454
27.204850609870107
35.69191724711183
-29.634030740194305
-0.7414790907796771
-23.81706634023844
-69.28145911701382
-70.27032774409368
96.27242461035402
49.72787239953763
-67.83797767745673
-57.79159960093225
23.886788506710957
47.66645232376817
93.88469563456505
-25.184925555725826
79.92155993336058
-16.902683317210077
-34.67709899090352
-2.936719447636719
-49.93760936380214
-77.28826133493473
-98.52524450237561
-12.063907509568097
-30.288831598433205
-57.23009405127131
24.33872264644539
8.562637001273913
39.64294102583696
86.020191398029
-63.85092524649993
54.678906289415096
-17.033739506395307
39.86787102941395
11.941212198986605
23.600456052227898
-98.05202805719271
12.379076426178642
-94.38426575911987
49.287669275197686
3.1417353221688984
-69.14128757749536
-11.63724216038598
-81.22811535684929
23.491496591254645
61.55205505901441
-11.737651611180837
56.67088589999514
-25.159761629321608
84.29830523565812
30.71222296522663
85.7043265625768
6.908641562200344
90.65515339722373
-39.14537766668382
71.64563073095721
-14.106931154804954
-38.521202857448046
77.07228861751904
95.78519163661682
52.30237273190127
-85.15371293070042
74.11228136941918
20.641938548351902
-54.60124458960118
-8.550516718322612
-98.30493352225116
95.70877499907473
-33.36839834443141
-55.880767728870914
3.3143330602975567
98.26681218054131
-30.092453338957455
29.177029879718788
-20.94105339652006
12.964844382525982
-47.842066112167146
-93.07573046117257
3.178881977833342
9.215034286841714
0.24631642881374205
57.25322712995657
-74.78843800095865
91.95895270110776
7.097570151107163
17.16541544829056
70.81809498148013
90.32580512102555
-13.999584589905027
12.612606963374702
79.65421140384291
44.861657147309785
11.026908150123987
-93.08442788612929
-4.206768740053548
41.82190073663867
4.6746921257426095
54.297943454677295
86.8211089515421
-91.68017951362981
-77.38805213187769
45.81713390137648
-34.91756543874341
-84.30325347919398
-20.437520240386434
-65.88049749670017
65.69257204239238
-82.62082186626456
85.54253323419744
-14.64314251654109
13.388400705017702
23.701226081992743
-3.108011029348617
70.52203033658287
-84.10107214415659
88.15641762122675
-46.40352434738031
-74.46131362407311
-68.70868930548555
42.73538625324218
-37.912576621255155
-46.54096985624585
-0.2784274264122928
20.275203253620717
53.69453061660181
85.05516001143576
-10.799866988306334
-42.95635934954716
90.73521821861132
-11.04110557918996
0.46176544402460706
-61.83722179332727
-63.27933779811092
21.11096479784645
-67.14836042864022
1.6969067869834475
-92.1445198937023
-54.17923765220536
-8.626904239352882
53.239084537345974
-19.095813349034515
33.29177320841575
44.13732671802484
-30.31203416856863
18.64009165799456
71.55785758622136
98.64552963424066
36.158896541411394
60.09813997920378
20.758150347005966
34.95992335967529
79.66209362864794
65.16067290683617
70.59170395248401
33.99550599139678
90.99799141386762
68.41955555519078
50.93626554091921
-65.65232816706781
52.972093573316954
89.2893171292786
-7.09015754979734
90.63103752876523
-44.39436821946509
13.41045027513907
-56.8632323586465
-9.530286201428467
94.95412716760683
-87.3847107589662
83.91266650526609
-26.559432452411485
46.183523860833276
31.89357103540496
-30.691394876520178
48.03792945998367
-6.503949696446014
-37.551964033460195
-49.47650502777379
7.051750709421881
56.56438003903844
61.91996595418806
-31.93644935648257
-26.28290648165749
1.7871253602727677
-43.73668802336035
15.978180365649038
72.291200788444
-26.879904721428844
-13.16659318960727
-36.72707136896272
-18.417681560951763
-86.14403540906824
-58.73402207266296
