-82.42422773432847
60.921484943948656
33.05946011735466
-34.71279299357455
-44.82508930655029
-85.08430311441329
-69.01938154220555
83.30144601859502
9.74699265794699
-54.435895830952674
94.25228307756024
-7.281496028649585
-99.23332752407201
-75.64155572595111
-90.78994297850392
-95.8646455701152
-38.56426893286719
-72.89028662311254
40.298849227901684
73.42753337298777
35.34661985086757
52.16482450186862
-18.264162517701223
-45.335683908349566
-67.79510260839017
-64.96019424672663
84.40831187596379
-63.239507350154426
-23.564685806300403
21.993701896636367
97.1300519372272
-35.42496666284465
88.89533872359249
-96.87091102593904
-95.58263265041114
35.53929332412997
95.734268731654
-9.980854915733815
-71.87420256823225
-50.51487818872762
14.421915025762061
-93.75116538722538
49.948367406403065
-99.62077762557264
35.88012213557505
10.480757438408702
-55.5978695980615
-89.68863761917463
44.74397615138449
1.2628892271931136
12.728848633479231
76.20301937153675
-16.468573510194645
-50.092781304708666
63.56228772163925
81.18863439287975
28.219743044112732
53.85064032829149
32.06958654759379
-55.50783161403889
-84.41977238464433
87.16829738073343
61.33280578068246
6.7599536524371615
-10.239114610221577
-21.165591070179673
-45.008880370789896
-76.37199472258712
34.45569359776687
-55.923206479928254
-42.014098931810786
48.61211154153972
63.97432858817257
80.40273976957477
94.24700751554579
-99.94278016517953
97.58917079201134
-21.47933464121074
32.13554159150925
11.54978532185001
-29.452413321684162
49.59588629105414
-96.25171135829605
69.30797379509912
69.2219786741988
-23.504541739212456
41.64506381257024
-58.451709780915365
-0.9858026095416363
72.10343035054751
-8.192870965003834
-42.297131169422016
-88.34497290744345
27.72496153573411
-64.38175548975644
84.6801500039013
-46.7738608347412
-30.48099934042942
36.00370693198943
96.86644199605465
-32.72773799902595
80.19855956780111
-70.07762848534065
-17.455053765374657
31.85646039227487
73.22996609155535
-29.612200978890797
31.148353516005102
-49.41333721029384
-12.041954860046204
-37.100652538400425
-83.74103793648644
19.852399291600335
87.0934657647089
-65.84988098189802
-41.48542593938396
-14.812317973722926
-77.37589700360596
77.84963183283884
-93.56854716838659
97.1067039933478
-22.409616213729635
35.10843034501195
-46.424815468654444
91.79166091730119
94.42641307219884
-84.82630468532982
-41.41356207260651
-24.924653644485232
-5.58750288185972
60.67522295997031
-18.417141624520127
78.94697339911556
-6.189615450642421
-92.41118916309128
-22.4353133125919
57.19649349618689
88.74749087597303
72.8682504453906
59.359453670327355
23.367056582418
-32.68232198803109
-82.04722804001175
-52.3759173359216
-34.572389788198805
24.74638602160151
-28.760684872295727
-59.7632939312162
-75.88843884445888
-58.36519367273525
48.970028955287404
-11.97968694881142
-90.4380373217176
-12.358849657971689
-19.93962786617169
77.55047225168343
-69.30520190477381
-31.723136207673306
42.768630955284465
-93.81151103265677
73.86687248602132
65.36312597077091
74.50384738481415
-15.019866901034604
15.250457678773472
77.92042292370763
25.535298753829807
4.953937897547945
-61.38359348697124
-39.877147452330576
-37.00646450639926
-86.13133457598354
20.88770602934062
-82.15205098225864
-32.017140852953176
-57.00477571323424
51.21935462174355
-47.836700177042204
-62.41508086546932
-60.00680193466634
31.93468698759355
-90.56833346757871
13.309251825982756
-94.91253565854691
-83.50413155757086
-22.189482489542627
3.805735365385047
-24.53442767028193
-24.755762846393537
38.93149579220366
-60.49665436055405
85.216274498708
-66.5804792286703
40.334312455540356
97.98985169489049
-53.02556552044359
85.4274021281175
-16.267406106273953
-47.81543715334904
31.647852996033265
3.8821307920244124
51.13893528949194
-42.06604498952444
65.81896866917373
94.3693228840757
58.297455705213196
45.01947123742238
29.943156493182244
65.82359996293448
92.38477581748032
94.1892769591121
46.041046757528505
-63.80092038022247
72.48432831242067
-7.969249231344321
-50.46267938266118
-58.205048112841126
20.659077676007584
-31.10467556945933
78.1078323979194
22.524742919090272
50.84905132668845
-84.56677222157029
-14.508456589739339
-41.4821001996267
-71.38485169068247
30.562514989231715
25.58912314056346
-17.399795078461963
-97.12334058713206
17.100369302815153
12.227023778962078
-81.71882613741516
-65.64740308263617
-34.506679171777606
-36.66375324284756
-68.53256913582408
73.65329818862446
12.001515879338598
27.666090652599394
94.81178335345206
97.29299817636783
-36.23456072641438
82.93084731465703
17.287887371860606
-34.87900411461982
-47.881654550838974
-39.471207926345286
-96.4887197688866
-23.80376633187467
-58.33041838563193
70.36311193115057
44.22629524601288
91.26021850677051
-57.682683336351005
-89.9705506982821
37.27355379762224
-46.253697598255236
82.14164464874901
-74.83075169533815
-96.84085972232299
74.32070276500045
35.1522897694754
9.071682060226948
99.23710688306628
39.00052493943775
59.912803611820834
-38.88256929700225
-99.34477433695139
-36.9352524379567
-17.179514777652784
85.12002792221693
-4.4512134148259435
69.28150075936753
52.26269065060782
93.77382491394931
5.506133456364481
14.790115014439877
-75.45417246204025
57.9594708151663
-11.67335048371227
-82.69996014913423
-64.1657152186619
39.14660150450868
-79.83094084787174
-1.5227231160440198
-1.7525913126736299
57.79912174385589
33.05714045869681
63.303266707381795
85.35521862320061
-58.95743315871871
17.49099065872568
82.25138048235746
-50.32586053836581
92.3048066242047
-90.65336105881252
63.71595573533571
88.59478383699312
30.70447170927497
-68.24837830876021
97.04496024328446
1.6659279703572025
68.57655187229255
-52.80946662265058
7.830266586434291
-15.643576940022257
-37.472911288204955
69.07439152835516
2.3187144900054477
-84.05008042852708
-77.19991323976699
26.97059814348684
92.00460327987184
74.55365751802893
-33.32403816428997
15.850942099865378
90.93218067106753
-48.70578247868038
-16.75440927479113
-13.402237566901661
-21.088695950823748
58.67808070990111
-39.20413594487855
-63.79496110366383
78.69918635178564
44.234874158376755
20.53009996776767
-14.758806836415843
92.08418805083355
39.196104838648495
-13.329883867127322
-50.778229844516254
-48.72145612013927
31.323673046017717
39.195665343724926
52.53480912565297
31.1970744097832
-13.709818499011519
99.88575506291832
-14.280711418959655
8.397324786293424
-69.11667088346327
-34.62106534217007
-36.75772822759913
9.931676739234007
-50.704820163540234
-68.00656295363454
-82.58545277813478
21.472035625892943
36.99474578107552
81.94253499270624
13.820412826957366
23.052496351964308
-92.42807800186101
-86.49830796488365
-31.60749748670071
77.88176204360721
79.49904514431705
0.8992122258626409
-0.31074581827527936
-55.73922010700236
-87.72081093200555
97.00645993742023
-68.41315360318754
74.5438010994265
-21.215286928360683
5.403498595291438
-55.77628073482537
-0.3593999587158976
31.056042295321276
-38.22649533548195
-9.39848658064038
-83.13295536080275
-80.60860905447771
-79.62475400192383
-49.76011789643644
3.969017117959112
-16.581701840918427
-6.313851020443224
-23.59684904510884
-50.18367150202134
98.82818298704882
57.518678346887754
-21.034134868847715
-22.3762718834231
97.7701443042906
-25.602082322054898
-12.670106828742078
32.7756260141565
49.74577208117233
-71.35287038587732
26.550440829453308
62.32791941253714
33.14598744490786
-33.849622746435685
19.228172521807323
9.93396006890373
65.4226201265887
-12.864197094050596
-65.98365968428202
-87.27976395164698
62.711685918847905
-6.636935287979242
76.62736331516123
-96.24846083005644
-86.65856677269299
-19.36503655438524
-93.97951455095479
74.3887404623039
26.22177100918057
-70.34586250379111
-66.07464971701228
35.75680249677461
81.58505883504327
48.60786452526969
39.662065923661316
74.06868025918482
-94.0266301512017
35.83489626589213
-25.821088065495303
-51.159690594583786
2.3186451193942332
36.739288308110474
71.99079250477826
83.04870195133873
56.45072261465825
29.464241497517037
95.40130699421991
70.4815318069698
19.70166413456569
86.24554582212389
-28.67698020454135
-90.92156175252023
25.49466625744195
-58.81724840562734
66.82734477332767
23.82867830272029
33.6880783165505
94.51393509096485
80.56388234338075
3.653221910588627
-20.540017028352665
-66.25543951686177
90.41557711335761
79.58583786142225
-64.51438192383547
-76.4351696406407
23.437786454735956
97.78546056441047
-12.45848441643298
65.55851078341186
27.760431272858938
19.399147681020736
90.93930525973315
-31.926818487343553
-58.60187542775452
57.33805924269265
-77.01848684625267
-13.36381881721853
51.16135846645463
-50.32992051680281
-35.349283595980424
-22.654786195400376
-93.88530379592044
12.362603936751142
13.294214795801025
20.50967814422131
-26.79832469173151
97.33043306070027
88.37414027584325
87.48151442429858
-62.21711378269301
-56.628969866839185
63.149918725046206
-38.667820945252096
-92.77960824343417
1.3882664345835138
-69.83907270645295
-9.928680309035727
-98.88865406761087
76.18601512405783
-45.83813180871172
68.82560688160885
37.71142000215016
-74.71800009482374
-92.76515559625244
-23.263826379666327
98.46010950881987
70.68391926325276
-37.18351230495986
63.70805506509828
92.32595844156316
54.880645117223224
72.59860732274933
-55.49111513593363
0.3342629472530092
-82.19871686654571
-7.100861570808291
80.01532835104484
-72.85226318667625
16.14772697101472
-7.118387393209801
72.80690021661746
80.99486612016415
36.51490980539134
37.61545744160202
-93.1115131880049
73.72411381826979
-53.08883806577504
36.561929001751025
40.64084775688576
-61.03200721374773
17.322929940389486
-25.769129371241988
-61.516051770215356
-70.93724355215684
69.74902042305675
6.848409668572259
60.754685125742355
66.24216934986964
-38.331943820991924
-91.04344379754876
49.93831438530637
-85.91297534029323
58.658897172572466
8.51461435183738
-97.50382831714887
98.07386898506428
88.70060512288927
68.08666032738148
42.45033767502849
-69.72060976850403
-34.36574330934398
-77.55986961056624
-73.05791148425607
27.49615267151266
49.03995918609169
-92.46726561117895
45.007545128774154
-8.264726853938242
-67.57316779252932
99.49825584601001
86.83056182420893
-53.059041778500756
-80.94850120046479
-95.8406154455295
-22.47981578768561
19.184618155374423
-81.34264835723661
-57.56694930297846
39.61567167975676
10.660064130375972
78.7666314748628
75.40964738509476
-10.06415324229701
66.36224727584963
-3.922309716953464
22.052472652113366
22.30365674769537
-54.71958678206654
98.92508897348358
69.22344412321976
7.534292031492583
28.98465678827401
91.8379486245386
11.88699294999141
63.54116602684948
-34.268665960766214
90.52709137626141
-48.218335661902366
-91.52645500253038
-53.71452925105626
72.75650746901664
-25.350499644241523
-68.63768681017902
45.92888021922593
14.426280519228655
68.12172726343431
-1.398484070875611
-47.00191132428964
96.49081973369559
-35.03813322219726
35.7330507953634
-75.07332683695434
42.86778867424911
7.187103840146449
-73.89452745533433
44.85672521204049
87.68187345505257
22.197402912156775
-7.446376560382788
-61.2325381914558
-79.059474779975
92.61199048718186
32.16958845175671
18.92177912721307
20.186760311016954
6.050177051952346
-12.457781817835127
38.1184601695025
76.81632695486252
2.0367915761125914
76.09516456049028
69.73319015704556
90.7715216681641
-36.3310831336302
-75.27085137331724
31.655514157476944
-26.121002405702768
28.1555773136391
48.497918009058566
2.578952668740726
-9.479420857729636
12.863827357894792
2.7011400198122573
95.80769970153383
66.65082656397797
59.769426152495896
5.932554868367518
15.575253710979766
19.28046792885125
-95.17630464123921
-19.4984414780087
81.72482071559281
97.24659018160443
19.946615354307113
-31.298530869070078
21.352180482120303
39.93421894414456
-59.58963047549555
-95.62752272665085
-17.26890220689046
27.858723059876908
25.039520134030212
60.25599045461672
88.21650047424151
76.43348556244996
-62.85447303876983
80.03238595070093
-52.09901810889861
-23.602627785491336
41.0427780142071
0.4539407905164978
-57.55936428921466
-49.718209303113944
80.59440807788141
-11.66901038832637
18.466121584735305
-27.75002480597692
-11.718008052243206
32.67872121456742
-73.08679672760815
59.946214979324765
69.14343408641216
62.42779124222645
50.9277067435861
-76.30875488555338
86.58830986785628
15.764843955334058
81.64501200624247
-34.19758645549804
-53.13028230043339
0.8792310544585291
85.28010098611253
15.509505692228572
94.02110691132279
-93.36755499868732
98.40624040847808
57.40575612886235
-93.4028333036067
-84.91616665868023
84.0135685985781
-24.416893476707216
26.21386893294128
97.92700248421863
58.5453895328622
53.16985774266442
96.11522021433825
98.63465638621625
-71.14869289525592
93.64041617284013
24.836787456409937
96.99063544088278
-65.96533466685239
-76.16735611243939
-27.333335275380534
-59.26480991967067
7.5378960393779835
5.21338252675902
-65.05537513404857
12.904533793997743
-69.83183964692203
51.4061296418451
75.62040781758935
84.65839875648268
68.35139851611675
-12.460619323565126
-95.88044792390842
58.75582552938263
93.53270847095797
-42.9167794163692
52.313541716712194
24.397284633654806
31.279140821369765
-21.289346537561784
72.82054631923103
63.96600268709105
78.58424843876486
54.31131094660208
-49.517787655439975
-80.63937649833946
-28.391224841447695
-83.87564919761724
45.831675292138044
63.24050967942364
46.71196639099918
-11.342632055445605
75.18448237623446
-64.67302458024324
-51.353175134450524
74.96555313977439
82.91635569555217
53.139154393364265
33.72692176631671
25.931443492094417
59.28156843458649
2.0633399814305164
55.779690373076846
93.5589581799533
65.02878860800536
-22.21889660159316
-27.33058437867078
26.86451071975904
-47.521760586799154
-15.240181170235402
16.541568582017035
-43.84635499760032
9.832642360706444
82.27000973420627
-41.619768861864785
61.87814687844332
46.67158585423971
-79.5373491431709
79.93160169513678
-29.01102153086302
-86.35295292510312
-96.49041376376448
-44.41875108105302
85.03050324551003
-27.301426400145772
-7.822796212349402
-63.46473056810531
37.22996628814485
-65.86238505234252
66.81909831091815
7.424948791713092
-92.11001608907831
-15.56237737325678
-34.06983027340105
75.05587542348013
-66.91455767786434
-91.69886775934563
12.40576944071475
55.937195182456065
98.25220630595086
-99.83679448158695
-54.69170125773093
-2.2310712915096076
-55.68680400246257
84.54216808062267
-89.38930720102032
33.004984832302085
23.990637319714494
-46.57641577689184
-82.92998164139328
-97.3734046400536
63.020326046219054
8.958225339945102
-38.871987537337205
86.3427521512564
-91.00856614709531
-97.88275297850153
-48.550077591915006
14.089298011942148
-50.988492195020484
-63.48469871702842
62.163696828064246
46.69849307560969
25.353118251255722
-95.91531149331918
52.48274116134323
90.04666727540098
68.69389110225396
13.250711473814135
-58.195457351611424
32.93126725751944
-27.553626771625943
20.02341374836196
-26.80146778531065
75.29113251899147
26.76232100816607
-57.70504421373248
63.516190153052236
83.69692317483916
-71.23249528643758
5.389418100325855
-43.525243897959996
44.81037702933648
-77.76124207294424
-19.538633980458073
89.66455564260076
-10.522459883931873
64.71208556593075
35.36673524825855
78.53278312779753
-54.33316591250757
-56.92267340207171
-59.76023785580011
-44.41382978592925
-23.436431091324778
-97.5492503549603
-64.28637367016677
-74.70245395983127
62.800695587302584
-34.99666867836078
-90.57259930311372
-62.949379123097685
88.94587533967064
-29.703066343988027
-63.55184157679275
6.651865278778075
45.68014723562854
-99.66449870295955
-51.698065320430466
-67.98337123290227
-86.41550314469313
-89.90142170789508
-76.72424561326206
-44.93339032270289
-15.22534025147084
1.3620479977291922
8.185016008976234
95.21526146732836
-29.456742439663785
-61.82465715575027
36.67007074791081
50.24082525614526
81.51380156670274
54.848905322476185
-73.1681544880641
-13.842016945530872
-84.74940365965082
19.961040134910803
19.087522217581636
-86.62106936101408
-6.630261768640395
94.73251544725588
-52.69546035391497
-24.996722494140002
-12.916138294592969
4.026337203587957
-14.385380090197387
-23.065698664976424
83.28564719946229
33.33588365281756
76.86445459919565
-24.86097795707785
-6.592440594934132
22.221931748844128
56.22676867083618
-46.78639583205639
-43.48233637718244
-17.336979699817093
-21.503031984553502
-47.48048348789915
18.60631476312726
81.56702203634438
58.85891632008918
-89.69014155026693
-84.7360778937503
-37.20702464830086
55.970377535073624
-85.12472199642258
88.99708339986873
-72.7865309384828
54.49737508573992
-57.08519852099625
-29.401182964871154
36.42571117105024
45.60357258653889
-6.148305871237895
-38.92105861326955
44.160967879575395
-68.16372343956014
32.33676388463823
-39.06473674960162
34.91358136522979
84.00541688585378
91.10343202059971
-2.630241456634465
93.82576661476102
10.223817536820135
20.24644099417013
-78.85683819214282
-80.12411011425932
76.31292079367614
4.697864504311582
72.33535605964266
-23.811104996440875
-18.951708061111688
95.62011014756692
-52.62404381319414
-90.53292300973115
-60.754456056327186
-63.950576265748914
-10.163445255418196
-46.785135387178414
88.05473627715457
62.33460397139254
-80.01205970952205
-11.722375220929678
-85.76525700545045
-72.3430761869578
-30.913390627905102
-52.066770091291815
71.67897048212433
84.8168558408411
9.65276153635925
-76.60107255033034
20.569314042446024
91.95275243839569
-28.78486074109088
-53.322621036239326
-0.5165094120696665
80.90389379879699
56.39481070337999
-60.267648147647314
-52.11458497919652
-85.66891126781061
79.07678304455192
-67.63929846459602
-76.77919287574176
16.0571735515187
-58.74098744180396
-40.115672502211
90.06178142827093
-25.879988417366334
53.79846827928853
-19.80895068047792
-46.453690575624606
-66.41339884047022
91.15038817492962
2.880234258388171
74.24032661950886
-58.25080200941455
-23.01824330350253
50.004324764344545
4.5817541296769235
-5.261241851004513
24.038731046569325
-33.33623903989522
0.1649279637910439
72.59832476659915
70.10650565016547
34.9664068085234
43.33864725905477
46.091978731924144
50.22656918048932
-71.61890529568674
49.910692261126
40.54547713918183
51.79253214576897
-39.37112420332205
67.6875612095505
46.14816259696727
-1.866822079694856
73.4577530794329
55.52385424783233
-41.973777121030366
36.4153133953715
88.45614454808458
-91.11382051081696
87.07155282626437
74.53714143026596
-75.50004514010784
29.871595089862467
34.146470037776425
32.572603443746004
8.448785755763083
96.13254544935751
-26.37040960389993
3.8453392320516144
91.63609715804546
-91.81243906145002
-41.11427031487573
-37.64354410881792
40.34515599371602
-84.63409163347184
13.298620033281665
