33.096138584827116
-35.2233288695557
43.60098936949677
43.849853374312545
-61.478495347726295
-44.86815623260851
-30.880954609785107
-48.924586067569976
6.089726465606688
91.68616244430336
-24.040673429444695
87.75172630578993
-57.8115830378771
95.8250147475772
46.56776196721694
63.95280431317377
52.32128731304394
-26.85838912380474
-42.659218003922405
13.742582317363755
83.81845279732246
35.469771486423554
70.42209305157544
-46.08987718052635
-30.06954189993239
28.255994617289502
1.3634238858967365
65.3770513928759
76.55464462888631
-69.17367528458891
-2.586222481466251
-41.04303004448562
-76.45825178024973
-5.326659910041329
22.709573170671504
0.7449085289345021
-69.17211513148571
19.1581367179392
16.21052551846975
95.80013092278253
1.0870657548523326
12.030422609923235
-41.14716048532727
75.13144409101764
-58.21373049663019
-38.94384191114577
-41.073293307209745
-54.30444993946955
65.76579277987449
98.31217439211369
-43.661142745348
26.255048280677812
6.896060121043405
45.80897729851063
25.597362454986666
-59.597946715152176
-76.38718015820709
87.68331505628177
-50.64111851381872
94.98755841434414
34.230822668966596
43.53364452196752
-3.940319845808588
92.5036756240811
22.848500970080394
-88.1923181096659
-39.822304023937626
33.20833647224231
-43.297373478511346
-92.96800788191626
-72.99884695207666
-27.320470212245482
83.48325881927292
-31.49574603476431
89.05091191516081
61.40799891099812
41.179664091798685
-11.58235973542719
-59.16312436034463
-33.77459695495391
-71.00482501307022
-50.16181674303783
-9.418667854983042
14.537640509295443
-52.64363140346393
-31.59000242428729
-47.472095604199204
17.48674266766686
49.708066148516735
30.168623940820112
-57.30085451846263
-20.51786871500194
-73.6846779424275
-71.77377433551082
-80.20164190269654
90.80924085394537
-37.00103756767492
-68.76084754919142
81.17549136628699
-37.63390709236602
11.756966496372542
-94.38710780651867
61.21849302163062
5.976950551600723
5.101491106574969
-87.28237684917207
74.97805869282905
3.5210688427318217
-87.51827298038926
-77.34236561003382
-68.40078207843155
54.35948753944061
-93.81958937356016
-85.85417710179226
48.49498373651568
-10.839313582740132
98.69943423079823
17.76310999908395
-5.3343867677374135
12.33318804795995
36.23503639367448
99.79440589482681
50.052067603567906
-86.98503188746605
-12.095543874598391
-14.600880970119306
24.444361794069167
89.96059130322243
58.47155547148034
63.54839706352911
-30.691696440484435
16.090950691632443
48.26762782574434
-22.349657689395585
42.4765556206323
-79.73804493359957
15.36191678213676
31.042066024993062
63.2202116239842
96.66917146934597
-80.7404509223515
0.5515743866086495
62.525240125336296
17.194579600666145
-92.42696883864045
-88.34153191978405
-94.79393820262321
17.308287573690535
15.425896709318138
-1.6319076390621632
84.81464301252328
-86.55281071399543
-70.1686866606557
35.19539264799701
11.235648010667518
52.61504077126153
87.83675263231737
-62.39655346857471
42.53625160496907
-79.25656673192567
-16.368693284491755
-6.760984369547728
-84.7571480606454
79.57001191931357
72.01563080954628
69.60645183307491
-71.10725433608285
87.47152807164954
-5.852200442806037
69.07185192870128
-37.08283537111714
-60.413143992917504
49.428231854885155
-88.66271903280149
-24.276817050751248
-6.601221032063819
-51.928915291430464
-87.16454738586819
70.90540916735901
66.46941806636599
-58.12639451211634
-53.94352631503092
-16.50000837350089
-64.56394190612633
23.872538080984242
84.93021017825214
77.39517553888462
3.1764024242210382
70.26617411413386
-68.45888836774981
-62.31864824637627
-23.37466489750186
53.039413604094506
98.80498251112962
-24.84971853343984
-63.41645467885686
-96.4579148429513
37.37218924751048
7.063903139008417
36.37613976951084
-53.97422475211427
-29.865976299979067
54.64518345600629
-89.96845118239492
40.64162154037132
-98.88230207879568
-89.10106453280011
94.16036489064567
61.751640590182944
64.66860535553127
48.28232822730004
10.314987751208776
73.77071292024962
-85.06101958789189
19.97711470001289
-96.9193820184316
12.191713966490724
36.072939757423285
-29.42325348075039
77.30808624834648
-28.336998740028264
-74.68388717535275
-57.201219298977676
36.13567339468182
39.48802067003652
-91.48834245784721
48.924237298841774
-46.39427197955834
77.02467947788338
42.45759782712716
84.94958179409997
-80.23661000362836
71.5163262429985
-88.710336146086
-58.06951253236292
5.4055678498367286
8.367140631921984
-68.27586322252839
65.47707796159656
-7.969359447731222
61.119610784530465
-78.88345761543067
-39.297972572178594
95.35429468033544
96.40251278938993
-18.20180510225275
23.389655091253786
-97.13975063371562
27.31423929559473
-21.015300363648763
-41.00567227586915
-26.636898591673642
-19.47158892735041
6.129575734571716
-24.003012099440667
85.86029362054956
-8.398267742879682
47.45256839955246
64.23275032403166
-68.52116701100799
-54.43386745049186
19.66976965967035
8.06275296137943
6.240011167581528
-80.56861467996114
-25.266111864523253
93.0910824332498
-7.606745783468469
23.978275178107268
62.16590171882379
-51.10258444822484
-19.783630471338753
-28.45559109071141
26.724718689187114
-82.47076247450624
-4.217852812932321
-82.94966168937702
-17.53893956961845
67.30494797050471
82.06744251458784
84.08808865522823
-59.18961294948917
-40.4008413612831
0.6148067859080015
94.3166608989716
-39.19308576458398
-20.779576116085323
15.297283648094933
-29.716678115889422
84.42193185367896
8.660258066751553
-49.310552420386664
74.23647057218457
35.32108928813139
-55.71221378887976
-84.61492920254051
-92.10218502674674
-31.863255309836333
67.52111078974801
-21.998611565176546
13.99557535152664
-26.260602294781265
86.49242646317691
-94.96652793254164
51.09594805191185
-34.55612064171861
45.90742530452047
14.908244593905565
-15.118303110290256
-79.50826678944252
46.21084226692969
-46.008623211094005
25.176239219217436
-30.37116943622327
-0.48837073575165846
75.8261588032222
81.9507798835377
58.77413016643291
-54.144796262840636
18.74837036977877
-74.57090669777749
-81.12864958659529
-6.601105779406467
-73.75591233218387
27.209737642493764
-30.7694642307943
30.458504210201482
28.713486057358892
11.551847151005717
-98.01803346515877
-55.38505021251194
-4.88120011302658
-42.114043930008414
-88.21914180070945
52.352048615751556
13.24078995519109
0.0944094356076306
-49.505391822276
11.73782827571452
18.66032874915318
-88.90847491018437
4.303831940542182
55.20981478949875
90.25904685242608
1.2372154506217043
-40.98843703363939
9.488758832387873
-66.12801881100751
-86.41423123366224
-63.84553434603086
-65.25477684467238
83.62356945321761
-99.87593214803417
28.108656772130246
-76.07781205283537
-18.171872030411308
-99.39451732246276
40.54123886709618
37.652291521238794
80.56748474489365
-52.539030393880125
45.953133299455516
-51.17483402242207
90.55490935640634
76.22794151287329
39.40175633189523
-66.5025075453608
46.77861760318302
85.99796863284718
-54.48419028959519
-63.27894292402987
70.11189811408246
-21.070793849525742
-89.33610830428351
40.714108026442574
98.31785427166909
48.01229455250217
88.3838546133828
89.62035774582787
39.67302309305785
70.25400627389024
-25.318366733767732
53.05838154500145
-35.25514672517298
-83.35842972981035
-89.60321471367729
83.03505440443001
-34.653499907395585
35.61475038561181
51.41339533112452
-82.33801139696712
62.044062196946214
-5.449948469807126
34.20411877567017
-21.78386279204574
-13.784401909471526
-37.782603850780916
39.06128843781897
-50.49062464666996
-81.19153489993366
23.47355145271952
62.5940464515827
37.43151244799904
30.634669156916402
-60.841723025163
-86.19070366281021
-14.73106415360445
-45.51847527468724
28.78786367916524
67.28236838693772
-49.61636106185872
-53.485086373694
-59.76250118646564
-84.07738423411932
-36.45057795154385
31.42287341578728
32.04555733622391
33.153599588232055
24.349946534629566
64.16344762704222
-44.688544184889366
-16.67305469611371
88.13729870640583
64.93874963144768
94.06254366258301
-74.1507488144915
-28.439078566249293
-80.16229184864764
-98.62395726150095
23.0945959537582
91.64014181348978
48.149366677800174
47.90629877441222
54.09689769868936
3.967204405593222
-75.39330231575796
-90.17778786161085
14.137041015872342
36.26434015579383
99.07499085949814
-76.83952548444373
25.212360941970772
90.37539148322585
-15.175812718100005
-91.2650373086233
76.04139224186815
-52.69696782562576
-53.765238189959994
-80.77405581605801
-33.928792778254206
66.57587076370419
-32.324697647821
-3.049781893776853
45.08619729547607
32.032242980987064
40.75123886276586
33.3880230978084
-4.816795408073688
-69.07622447862644
86.98395561025058
24.046858320672655
-44.91652665877144
-98.1301292953364
-24.425641872863935
66.52434133010166
-13.25344605119929
1.897733910089741
-3.9999205065651466
54.799045393401
-87.33435041503017
42.90095837512436
-76.94487160461335
-21.736009775823177
-34.57033765959714
92.36248550363621
-79.73637863161235
-77.5267435395005
47.47980031275995
97.7547271577971
-86.73831221776804
14.090656580742603
-87.1124770492913
-99.25895835728053
99.76992874592065
78.70093113509665
86.33808005101918
48.20925703090879
67.57775322365714
79.00218294220085
36.394626011397975
-86.57186390981974
70.17078272647021
73.29821608553434
-76.99633741998564
-74.90230130740258
50.983771277735514
2.192064891120154
-28.939604229612726
46.38027292739139
19.324755260957673
-97.38009394132109
45.991537801101515
-77.2579636730736
-13.387477939918796
59.15259558733288
66.24732959580132
6.917423861968345
-8.808202630886413
4.397430377330181
82.26740528806283
-29.31775275898363
-82.98031588300813
-26.21175439249241
27.504109609701203
-47.59306531695016
16.06579841991973
-17.102748759338255
-43.971120956974175
70.49505491323654
-81.44758352592967
-81.89525774083279
-26.601212656610954
-21.330191617564623
85.14965370875021
78.21860491998319
34.580571927420266
90.65681193803309
46.46867498293753
-22.504035634337143
-80.02633366514023
41.85395420584527
-23.88206999062936
9.219410686511438
-88.30445731481925
87.84415641932378
52.23378988103104
66.79359764612013
17.435962638916536
98.53123736536799
-39.948618213006306
89.07685357851312
53.22996473184389
-68.35528068802937
79.29465636933813
-91.23546325811635
-52.28595563240697
77.72512625417642
-47.53565603321477
-92.35163024204518
-54.33331140413908
47.851228150419104
-13.144149760670913
75.24419008579625
89.3285410567899
99.86473477763326
-52.32280699416285
58.07671373955293
75.58488611600777
82.89815026348987
40.274807082089154
-28.191693553875893
-49.47923395197156
-34.213484272670684
68.26162219269489
67.88897097687283
68.05098273973141
-28.236824417047515
7.1630222096879805
57.806768768164176
-90.3207719221457
-85.7730800723022
45.29921711387658
4.122156249622222
-29.803488390585088
-23.08971424385595
47.69710062757471
-93.45681894184861
97.54598118823844
-30.312606807949322
-26.25940190192398
-42.22232076999779
35.06355091580258
-3.5187156902449175
-59.21273573647235
88.15863677017182
-35.229854604252296
8.616673159672246
94.66258178069069
59.108527275659895
70.58305321087894
-49.08093714481654
83.46833476474819
-82.14173250577855
68.80298794438423
50.671390673735345
-63.445214763374125
-19.0511097788238
-87.83312263208816
1.9937117879466228
-29.556773776021487
-68.25163767893923
52.9673021175775
-10.918359283172435
33.720900789904846
61.24010070023738
68.39173424172378
-45.110731901791155
-55.76297974259388
95.73716986584617
-28.368023001096375
-2.0412328515643736
-35.28886868549108
87.86534791356178
59.77059461954184
21.51950529424613
61.497766823064126
-40.766289906568964
64.5773761305409
19.022418937773637
-70.33432502850783
44.26285546490993
24.403112106732976
96.5755881325803
-94.62705675657459
-96.52117138146828
-10.257891033840849
29.862162130651768
33.2617004773106
-99.74201513983971
-45.89988939970697
50.44274346955936
68.75334991174736
86.8434235552302
93.6946381999893
-56.52831641948075
-1.5928015404884803
65.36230360153854
21.05962858201444
12.876590463537326
1.967167361380831
-11.803139943750281
0.18153110076978862
86.12802042114208
-17.499702426110716
-82.60239110521096
73.53608006729675
-0.6898430449278266
-17.121088401723867
57.87897886700179
-81.25201797512551
77.31421362118351
-38.425208632199826
27.34673776241368
88.53249625159398
-80.04313093296716
-84.913035003121
27.943623542185932
33.94682566647336
64.7227318748051
-17.373978312616643
-37.59234326606704
2.6897105012003237
99.73987660893326
-30.888037791646212
-32.06926124196512
84.32301409007238
-44.08841431765327
-74.70445257311191
80.51598567721908
46.57421127012313
27.992049997922976
45.12476834844409
-82.5915850398354
91.29848576177397
-12.1905378494872
51.511062794670664
11.884258945031576
-84.15724081606544
-14.969931112776294
42.43122668045143
-24.650050772635666
28.93800546079666
86.82606336474834
71.69392371951835
92.92696569980015
-1.4000394995846648
-50.24679849988569
-41.567450231003654
46.549120003916755
65.76484820781516
60.44672079603788
71.36131388636466
9.681516249689423
-63.450543829573604
3.6868811117064553
-83.05041757928895
-22.89325642426931
-64.61116232267571
-51.51539989577125
-68.34044077457928
-86.69181575911358
82.69381851658565
75.96575174611999
75.72682513942911
-21.15112942363801
38.601417514652866
-30.91070776305746
87.21632185884778
-39.15223789061866
-72.19074898294132
-59.070091340739815
-88.1306162084469
99.40768860307938
-36.17430668891413
45.17908800576606
89.17692389470756
-77.79853397302003
24.928839757281636
98.18289140591912
68.38512233176331
10.77845680086918
-16.94425937377504
-0.8227823743972635
38.2040545582291
3.809043123085047
38.032961508866606
-64.88549513566464
-46.582763306172566
58.85558604045673
17.820896357784008
-92.91038609601505
-99.50521942029475
27.449571528187633
1.2578357402009033
-81.39393137481554
78.82613245992218
99.92728452480875
-1.157785103100565
26.260024770996296
8.431179066913657
75.66057693759188
-7.512174237706759
75.96479104671349
-28.869431453089618
24.48683465011807
-62.08576776669168
0.2536460899949873
63.9299172091346
98.94182821563348
-0.34655888217915276
-57.037521193609855
60.582118980227904
-96.68631226935331
98.10891378472175
26.18451669130755
96.76311370394313
9.701129115437169
-55.39426993968692
27.257952039588503
-87.95614906183616
-85.455873608845
38.91797498658096
-87.79397623571663
9.801715668641393
-3.9643005192152145
50.31949028806622
-65.05588459288234
-63.3121086661254
-15.249460931814696
-90.7732926184652
34.88383073153673
49.78236619701764
-34.59350129420051
-94.10077300794788
-30.70050501513508
54.233591985143676
-64.84244742840208
-71.34564355172186
-37.676933320691
51.86109579284408
68.37040439153034
91.69529696943292
-32.07081575543518
47.29494437425106
69.32022841922404
35.21469326284435
-36.86465099902232
63.62407078878266
75.50098394479511
-6.613608971753337
70.17478931826989
25.05587421795603
4.085428549570409
41.63977911451701
-32.47228959019897
38.362760733915195
71.99872563173383
-8.280767070547256
-42.34190207124755
56.75737801924856
1.6079460983382035
60.20204048781443
-5.448942884631492
-87.52209542798357
53.58956846501758
51.32617194481222
-29.1466081263641
-91.64059582389537
-29.009994503651782
29.566040940791993
40.9832049156804
34.20308886988846
-81.87196660842015
68.00842879932816
15.56913765357362
79.06036896933207
-26.349532531018397
-65.4016964203971
-56.49338392050789
0.2595611295509883
-11.245775689318222
47.002201146553375
-95.48212921944685
-58.773912417060444
-86.51440521611289
-27.055375254928492
2.496056683910382
13.99445662746534
-49.31514145927123
-32.78960436268001
-55.8986830145358
0.24666419219774127
48.725626228371766
-65.773562491593
84.332746078914
-3.7016389130834852
-80.02776784600722
66.08085275139035
-17.26911009764632
-30.353698967986958
-97.53541393394467
-32.543711323974094
50.188718806032114
90.1564854548102
31.49342075471378
-57.45037970031317
-90.27035078994221
69.58703742898899
-37.518047231021214
78.9566030695924
-0.9950708330869844
55.19813625156354
-92.49795186459953
86.80790447178217
-38.49991503718275
62.03129583352069
-84.38256191643885
-97.43469761799008
54.389249241408834
58.4356299211166
-75.65864607858678
18.267252083735784
99.13137488555378
55.411634389451365
-92.89642783049901
-96.58831797699183
73.36186319154271
52.61138089037715
-21.579863430176587
29.805415530998346
46.350148370395374
42.26649570285389
-56.34525791207376
47.35437877975647
40.57009793804016
-8.028080782530296
28.487593601224773
-32.02182776317261
72.69837810316201
31.115409366633514
-99.87513794857341
87.87609371542914
51.93228937973754
-8.905995791273156
-63.61908229650331
96.48925815910013
26.126080730454106
76.06519116510029
45.63961799018986
94.19102856226871
68.50786649643459
5.736205603438165
-21.714914466424943
-24.007670107971506
-6.212329777670192
-29.52383335284034
-70.42668609881646
35.19397960262674
-75.72182819468406
47.62202313985284
-28.167111857812444
-6.1014505626065585
83.11401084636509
72.40253150476664
58.11264769850371
4.1238059044037385
-56.32119940713216
-38.80527270355098
3.2348623974934014
59.451441112744504
50.84994977315017
3.8666523770310732
-21.922386703130798
-10.45891075746755
-47.96590168489318
-64.6668534936869
-11.462665541901586
76.63316311361547
58.66238080932945
-22.874500691972386
-25.762071359136613
-91.10973671172138
57.108032981002964
-94.5617423639768
-13.551314093344516
-92.78930524994973
20.340123196264145
-50.789591667462616
-77.6700087255447
-67.48660483463647
-15.750755807304301
9.40326272341889
79.98692586925708
75.52656575973262
41.30088094137227
90.55657757313165
96.52105502644253
6.5719176015031735
31.363221877944568
32.821804685186606
-30.456654539239494
81.46726888309811
-76.00699303542227
-2.642008503860964
-37.03851819847897
32.38111351875344
48.67195350936842
-34.63025744202368
8.728970373982236
-40.306736137424615
26.717391664980994
59.728179177804805
-19.72169796725555
-41.007653384936994
-5.41308079955715
-88.67570259461502
63.714671720632936
-71.82705857899347
90.34263695352391
-60.13050832496345
57.71780502796631
82.23088396911973
-31.91394590032901
61.07072168113794
80.64998496914566
66.09462222938117
-39.37274935663051
-71.87855836910498
48.4891993070446
70.5380768756497
41.42825837667729
-16.124542351406987
41.28359437045023
-98.22085638478373
27.766947224807964
-92.26272576439547
-78.64419626556997
2.730295201830856
64.57861155514723
3.8671076812063916
82.0548223983887
8.906614074016474
51.041599452853575
-55.983014399049516
8.145775989781143
-77.8160027625764
-55.98896614110327
60.23631720249861
8.278342343273366
46.51199533394637
95.84996905125186
16.036863694280697
56.291514196729736
68.05316539002459
86.32611083936143
-68.63589935641055
17.432553639429543
0.9258518051126714
91.55824837604143
69.19298954608723
