-18.45440518978785
82.69673160621821
-63.89321667678025
-3.6608717901796837
-47.59527214240591
-14.638775379286855
-50.50804633719539
-86.8705490738135
45.97153870033432
89.61060959317857
17.16919879772783
-43.4307184952256
18.36436882318084
-68.71716207564502
18.66430373770993
7.751263248193524
13.765172414072865
-86.37237707699354
-53.341010279976175
-3.520896398540714
-86.91661031115422
33.767194099560214
-25.514683755083098
44.081900192071174
15.152766879584135
-37.91494130077622
-48.79201229593726
-74.00132531033499
-6.628649186651188
52.94047926157387
86.13029003267198
53.38007563302824
80.25950984131885
-8.21679261662409
-84.95718447265001
43.31046777931553
0.4720624635551758
-39.38980883974139
-60.25793388058438
-72.29371056327648
72.76366360211807
30.06235391715586
12.976499249387558
-2.781213404419674
-38.496894956592676
3.377668354785939
79.08428623244313
-64.78151239227432
22.815702371271
-47.26936018562009
-51.30303932587354
-95.08138470094174
-30.159825896996438
38.01678238969396
-39.608351000630115
-6.718799563514693
-77.6958651910566
80.12931491682417
-78.27406868355183
95.13017202972912
-21.690653933822574
-52.83540411943335
75.24337094266812
27.70775868900776
-36.43566810309624
38.42027578089821
87.59330962436002
38.9843694009285
53.232780480852966
45.79790769283525
-34.00473589227131
93.47652697140597
34.34773667378471
-91.3916241838749
-48.961480915105994
61.21493412163292
43.87396490964602
80.783372847262
8.834636784666088
-84.26900990077684
22.028966567324233
81.26327358010306
42.76374332866962
24.666444710874714
-48.25993744153738
68.6996919905225
-50.55788759576498
6.348677751093561
-47.02566047605157
65.33037586581435
-74.65012229156414
-98.81833373355065
-82.7722914194774
-52.71345108552041
59.235032988417544
11.846576773271806
-36.278538922222594
66.6001833945071
-92.6051384703718
15.164466946449878
24.15010594410394
44.955649986216514
57.034089819024615
-39.87767729298663
18.866981319194792
29.688597177113508
34.77165332711135
76.47368685001871
47.3626466361963
14.465088933099295
-58.30397077377649
-43.8590031408421
28.44303673597139
-69.37641576527602
-30.96334654629193
10.416322291815689
-1.0061911476383614
27.91671322163876
96.52474472050295
-86.62261394578097
7.603907242950953
-45.975810228669566
80.38190763759454
-5.091927780152972
5.23366413760624
-16.723974400331244
99.74321208572204
8.291859444872628
31.24495560030104
54.205316184021655
-75.7613298642889
-67.0090745155909
17.084268973630515
-62.18368387378119
28.086798813704803
44.217257988307495
-48.85494484164552
12.584412780100294
-77.26724822669374
-72.61990163334464
18.020051915056882
72.4095579656107
53.54105011612489
-50.84251900313077
-26.001293282980882
34.86626923497252
9.06123986553935
70.54705278742924
-5.1041193114129015
-33.01947396637621
47.41079254813229
74.67787869331843
-37.153555379399975
-85.79008550744167
-92.10579591740799
49.93461560070898
-4.7494415387201485
55.92432961942845
-32.15936655653182
19.961362379818425
-33.507925192963526
32.24157341734704
-78.18293148253206
-45.94132710482466
-43.2649597681197
-99.76947420646654
71.94584990345652
-98.00603059581863
48.53150524478883
-1.2341864229785244
-82.28617935633358
-8.40126748829546
-90.6152545152091
-87.16972286385145
86.42909712557869
-54.34033986811444
-30.65536409539203
-32.281485764866275
45.14260384136571
34.92920962302824
93.5093248503338
49.66828829247669
70.73331566753629
10.212637526218927
-31.8285301002297
-82.79049292612973
35.034109963988215
-12.361142108185504
-46.167574348056604
-23.3100535091141
-16.30744853288124
-32.92911342736676
-10.875586591170944
33.89352082238841
-30.3571659098329
99.20263064019682
56.895372006599075
-6.884055688927646
-7.311481125333174
34.847021908190754
-8.496733956316959
-72.50807241476153
-13.142687345177137
-30.199108982803978
-32.2731859589247
17.94465084537731
44.16777192506163
97.42617893517874
-9.27213193572669
-73.5470102980299
-3.143850454424495
-14.902938620216588
-96.04721038070412
-14.595869983923507
3.032001489858388
81.57378534760826
8.660336975833147
64.95076036163371
-53.06200464032547
80.01861545731478
42.1590393776556
-2.345670118187428
-64.30261132751073
4.233002969050162
21.308179851372586
-36.826254303138974
91.91345351677626
93.11547750222113
-5.557390345561089
-33.37563719223597
3.1057933875044057
45.63784406411713
70.47309131022641
-33.4385299590042
-44.78144790448499
92.94896920954454
-48.90257471015733
-22.316458364024655
-1.658082140598367
-9.151418146484659
69.7628062938789
-62.297469077121725
-34.506252703513525
-69.99460331982448
12.139003978970479
-63.556208587906404
-14.035791823452243
2.373165669138473
-40.076195611064634
-85.19911926769305
-89.02778507803512
-97.18759953117629
58.30372976819612
5.901569623540382
33.95038249147845
-77.8707691976325
1.0364304967740026
54.06369265467305
-5.12412665310049
-7.202613383629924
26.142943916835407
1.6693826239269924
52.85309229892127
-3.167046636167399
61.67162795579662
65.1530039222358
9.108599198707338
-37.75002828983995
6.336545580417081
92.46121985288082
-24.19438886455012
-4.488594068403273
-33.6593850544525
-99.87584306322165
92.88621829505928
-73.28421817380202
-57.618525386771594
53.39219332748323
-66.06643572271341
-4.909091266761351
76.32544458639637
-7.773861056371231
-45.20516409490205
-14.291515973376505
5.9396483000726334
-50.96756324032474
63.4156382153661
88.41511730406097
-10.690196345770417
-40.99802790190512
-86.21374729036626
-99.31444214771791
11.849831767295612
-92.44408154672628
64.93992525428908
85.27174487439561
-30.20960048787657
-89.5182651378721
67.12008632792092
74.7175469397857
-69.51762936346933
-39.98700001486577
51.791416930178514
72.3839132104172
-35.52152324135815
-41.18979017772308
8.361478106009912
-7.450866636957954
84.15608333143322
38.172851133634
70.30604827517845
-56.280170465591574
1.6950963435713504
99.493478417939
8.004910929690539
38.50462758816735
-8.207903371369468
76.21756696142828
-49.402981042797414
53.247347796790734
-72.6725884143091
13.942003751726133
-97.67965492485395
24.116293211856018
-67.21781863650185
15.554727412486443
-48.26712199798613
-64.61159886502563
68.50552090274746
-21.234552851254577
-29.726191538556336
-71.81685723143711
-17.510098960373725
-41.473693778203334
-50.31469861936644
79.20084713623666
52.426220774660095
74.1863674525155
74.30030414696819
20.500683393482205
-94.14347296948362
24.663430135660306
-72.76072263290772
69.77070852001427
92.92753850312698
86.44186175274297
-70.84822299796247
-21.573112642700366
-96.63849531641802
50.03329750365694
48.544727499053664
-24.887683508233806
-52.92334705350565
-10.506415590263288
11.561747743678978
-57.63961431381996
7.31745155320742
24.02499965391671
43.82466758410416
-21.2494228870612
40.19602919918316
10.332174342863283
0.8868911599874849
41.34022591724164
88.2732743654924
82.8738211694355
-83.6422945620026
-85.0635897903158
61.32009553322129
-88.3670823065497
-44.94785608692089
-0.22319411364794917
28.61934770098148
82.88608463562514
-93.60974854119237
8.686385235537173
-75.63194995293242
41.74416971528845
-67.19350661790108
48.968084544681545
91.9898093933061
25.66090298867816
-15.775480913650625
-62.73689465908028
-31.09796631946311
43.9464473577147
44.86125590914153
-42.32771435652811
-54.042316646024325
-54.61413220028473
-68.11052932341937
-83.55741073460871
64.06479663503674
-84.23107224044782
40.17192524629195
-35.12515555913254
96.5405890861291
-76.35293989756883
-16.9368014707227
89.37026371563229
-10.031843500591094
24.928871925820857
38.53310442957897
72.60879014321779
46.28060453596865
-90.66930308263703
-52.5933050009743
56.667263881100695
45.746718249606516
-87.98573621265331
39.72865202389849
42.80365108943204
21.948128437829723
-13.320018188479011
-57.598121493937704
-49.917954260184835
-14.615932711686867
71.28683740633076
91.43704034727008
-43.162400705264446
-53.06742220643335
73.0793068327007
35.280673811307764
94.82263452455945
5.396489987765136
44.62735300320543
-31.62682807168919
-23.400863627003645
23.303373093751475
-6.528008164076752
-61.26709072322987
-97.6451202510186
-69.68225059412383
52.00942553248143
40.216431281535904
32.87716406103149
91.90608850242427
99.93413030142241
-59.62375885351816
93.61468214942153
-74.54466081080153
54.777623734333105
-6.706645813085885
71.02482599189457
-99.17438021281777
-32.89227157935338
-87.13618937537132
-14.626749672023465
-65.26726640809429
47.88086592664712
36.812022835672025
-12.632219464449236
-14.846511806106363
-23.404260699786434
87.17324220739926
-68.40443304904173
-34.13577016873542
-24.318419295431653
-52.01667201912126
6.514501262435985
-61.29265566253772
-15.178224423731223
-57.12662885576461
-51.67144126304548
-23.344099780295807
-35.189876683601625
-3.5599513650162606
94.37820224668064
78.22852644597731
33.02104304690775
8.677512383951651
90.57344636636634
-92.17095948106314
73.34881051051397
-25.176426973096184
-64.83615563707062
-24.658666354501293
-80.99434735213629
-50.611024210927226
-98.25390042810092
84.28947339147626
55.64575241291749
6.2144961820898885
31.623496264273115
-14.479306561892486
-15.873064953342663
93.99000614988512
34.90340609466219
-62.263462709691694
47.91694992754819
-94.33137702535632
-34.30171985990253
-19.12839042297621
-81.22420058188655
24.52131043889611
-52.86704733813181
44.50652578445323
-73.26899310442674
-80.09522966948418
-89.03842140203292
53.62250411069854
98.8685234719845
19.804067180274558
-63.49991724394262
38.33353948223464
84.64123013246217
-42.47301959288714
73.71454298091439
-8.071046086228108
-48.80092157688425
88.54959146484839
17.73134819612649
19.279127164866722
-62.3063977001864
-38.26446178973089
-85.23073685235762
54.87361058872352
12.643010814414765
-96.76698464898818
-12.883337301557447
-60.02759829789645
29.958416236437472
-18.194098671599505
45.59252662589418
-73.68142086282772
-68.2254754686058
41.03328272508659
-58.73196754872314
-24.9508856357227
-26.71066982453894
97.55695516074769
-7.5111661474966525
-58.83740776293267
29.25573895781838
29.677262778165442
-5.507867821022344
65.16424780266476
54.36859240238502
40.33379595184232
-94.05703307272294
-85.18257511409163
-86.44017061526188
1.2214535943497253
83.21523640964006
-92.22547889183778
60.618090913963215
-83.10613292394935
-31.95368702562942
-52.27261630939128
-7.185281793896749
1.5631294871591308
68.85270642196068
-89.67397792687618
44.75220392953818
-58.098124559349195
-23.034667365514252
48.69719632766228
34.68397237176444
5.126887597968064
47.80387043044243
71.3458501115073
75.38800459156329
95.06075599947155
-97.17207457236638
-55.99966757937762
80.71265216222966
-77.4730932346078
-8.01848847408965
1.7850349994461965
-16.054121720061815
-18.529404649890083
60.055810428113205
59.38022497301398
-75.94853944969728
21.258936369522445
84.93419572098838
-83.00927989003364
-90.74365077292225
78.79808723403832
-4.32597453548216
5.581687678404634
40.305345941981216
95.6130425627112
-91.51315360680061
-17.58756693570382
13.196036106262994
19.29350259952622
-11.899212314511473
51.81395382175057
-62.07862184173625
77.22667378650237
-80.3683289391476
54.97973662120984
42.24742025345074
68.28176426738847
21.22246455675554
-99.54132166657648
81.2966982526433
-12.678086083040284
-17.35684377723598
-37.25892938825459
64.45186247558885
-63.92225883346785
17.592552793941138
-62.46481866458118
14.037098553276635
-82.18299049692475
-98.73544400184467
-22.60766844878617
90.07618447688918
-21.08095043015723
79.10875864456096
21.41953378831454
76.47290125372484
-73.80438038348782
-1.2153008830109684
-14.175787721493421
-46.44033726964687
96.71885155916854
-41.54846969206674
-50.97034706057186
78.85845906750134
50.73493895054517
22.37653927926455
92.23559430156095
9.769692143484377
35.26113178726976
-81.93143225534483
62.30010339051816
-25.01363164477182
21.677364490097546
90.39114497924635
10.984766035636312
46.62649028084786
-59.40736278548731
-41.20468304361569
45.00754146688274
93.21873193982663
-35.9149872906589
-74.59802329171698
-81.09958722348374
-54.089596577081345
-50.598189988247746
25.250340403028048
-68.54303850933978
99.29515695370438
97.85092541632358
-27.645043924779685
2.6046564308138045
34.712788228297825
-58.994198414669356
-13.82267396452714
98.12883209858566
-43.02811797500568
-31.629449027307913
9.971714285681927
-33.827758096736574
-94.06831930075154
-95.44030737732234
-38.993338626994344
-64.3113325934014
-72.44025216736223
-37.656611711837606
-1.1003107806163683
76.3680478612207
1.7833673815137843
-11.282623469393414
-5.140070247611646
3.100386776770918
16.090390104965977
-13.207654188515235
93.00737334174735
-74.19289030002162
47.51926755047285
-52.78510414331987
-35.914845948473385
85.71482288537084
-14.490611505920882
78.0985284817962
78.16870814771079
75.63926097331355
-89.28799152254736
73.85872579464373
-45.9307634472905
16.233285598489417
-14.356228056495127
7.262887393944965
82.32128313323292
-63.65027589447661
43.64131562804877
17.17735243428973
-18.152441303171415
-87.35971727691754
-89.00917716301795
98.10361037130718
-37.12598189076735
-5.1581155582279195
74.59607677676226
-38.89585560881348
96.9466461281344
-33.279127516764476
-19.340215746149212
-2.900612717241529
-85.34509996872794
35.093368165202236
78.89803169349551
-14.014954499807232
-46.11349803035958
-28.467353207803427
37.840647979860734
42.4999321472863
99.07966459835208
-42.059690350216464
-14.080091935328355
-31.760394201295924
-95.7000112067742
-60.686086913337924
9.362334044782841
81.64150772301934
-69.49370073371867
67.0646241627075
-8.021514860590017
-21.536199990360032
67.39363954532877
-65.15586096099473
-48.90956469928227
28.493162728382487
-85.13432101812705
-58.16459805139138
-76.15144278308254
-54.97670114240143
-45.57145658696828
-19.81668341696468
-12.171789549944762
14.483966376254841
-64.53384504026124
-72.77292398594992
47.20307989642566
-37.24502695858549
79.21419479487582
-8.674502878455968
84.55032485153757
28.523577712307343
71.62170900906654
-77.77232461426793
18.794125630793545
21.445540800545658
-14.007954930327486
-94.12141103488807
0.9406954885192249
46.53956449789402
30.015373028889854
21.421667915074764
86.22662556166372
73.72852748994106
62.94366373346446
0.6270000193663776
56.843232263178294
-13.070909158466293
-36.95919918545631
23.055703616482745
78.67099244484757
80.55952403214377
-50.98093971414745
-87.14372799266236
36.100901936411645
44.42343444688481
83.73066606811366
-31.1539324454658
-50.67970181210624
-13.062640394498175
-6.56121412903903
26.856265539257507
7.683070389928815
44.14087013217548
-92.01205625638494
31.156713278272576
-22.732577890799632
-64.06716950407568
-51.63866993017787
34.29868473222328
11.702772555888515
-96.87207938940364
21.65794047798269
-88.5025206030308
-86.5085863908905
12.807375540775709
-58.45474130051287
73.46272928500653
-68.74476360805848
-45.34642568714968
74.41658374525068
12.559007797841474
-95.01867165700655
17.916814949905685
-64.85119239301488
-50.532615890032886
3.653513820684779
-6.883952210826337
61.95763760056775
-83.42851922087135
-18.73931148597319
-61.734053665088105
-9.160432709740803
-91.3776703319856
67.73431882641557
36.80140740728834
-7.322268413687084
8.993538031664713
17.09852619001721
69.83486145799225
91.52971996258975
-23.274752967319912
-12.207206480439453
80.4765504348047
56.429144544335685
-6.252707100080144
-20.536119890754875
-60.599474321901404
-34.61468053171504
-39.37047640505034
63.07840880060226
19.292750783611282
-53.32128420018842
78.53159542358102
5.612448813318522
53.207022075037315
-35.72742219398873
-62.584841263956314
61.810892710952714
1.5490874116229918
23.282988951482707
76.5094771093056
-72.20999839917994
-91.33759217653761
-64.07043715650664
-41.59064265426062
-92.39317300447767
-45.157700095163
-24.42907342070606
41.91254643987662
17.846077647692525
-62.86591070639103
-90.5209989906409
69.26073274370691
-9.656868008075875
-32.00627344099746
-53.6953096697949
-54.94000452595247
-81.44243869570609
-3.154906106229461
24.846411149987134
-89.1503345166571
18.791113999548045
61.247646254832176
-60.41507010032407
-79.40065605516779
-3.9318902543319325
-41.34892316543728
87.76717689848292
-24.56747318720751
-42.303978227951376
-0.527025196437009
-85.81678407319842
-8.47918156505915
30.29083899123242
-59.86365945645156
-60.62501067684758
98.49221744364658
-18.345269881454513
-3.9723876150138864
5.9406056246133545
96.84793868383949
-73.20483606943372
19.023481796307266
7.270201712979855
10.450296762967625
24.568268922089587
89.82841662111016
-76.57670026222374
-90.87320212696943
-19.937585718746135
92.38939589232064
67.6987161926763
-89.21299094537946
-66.16386087296766
11.352657064925452
-94.57970600732561
-34.8205258644124
42.85196323104003
-4.508998832811912
-5.383578494985059
-6.969291258362915
-79.35175498426639
-6.532324278477745
-3.87170990326959
-87.57585658174003
-88.54849039061375
88.0582959923884
-4.559158464669238
1.1197111166460587
13.58957746734552
-80.07145753910154
-5.552005076753417
-57.23694746637597
34.76900247978341
-3.2902259609270317
-6.981301183922255
-71.69269236833924
-45.31563379872543
37.797347606865145
-3.785039339522527
-84.84893156051503
61.728635988590355
-40.37072603778762
80.13995373061059
8.632697561525632
5.25749758848211
57.8081580247723
-39.49732663599539
-54.69888375536289
51.86837525375424
87.76131749582387
-21.756631016841794
60.01409343947793
-17.793836705258755
18.596990999933283
15.861481595298471
-45.22788761841656
-39.63355787705194
56.45165640809461
38.28172476044486
-4.409056625028327
1.2506239570529942
-53.55141810940016
-29.28810936142905
49.85007514428818
-10.011285148869106
48.96081957700406
71.96125439761983
-52.49144975536246
56.85200825269135
-8.86524742603136
-31.932466814838634
-50.510289150101364
-7.062606454326726
35.53898945511153
-60.11333664063074
-50.862307966763495
-91.13410376400653
45.813823721880965
69.5989942661399
9.095874606180175
43.61563891798923
68.96826722033893
51.947420254136404
43.652174130205424
-69.41509763780914
-27.69223398170162
-80.005153650873
-43.82323222418272
-28.17285022884255
67.8622979606655
75.65740099269843
-28.70243164819881
78.90860645333743
59.03533156524935
76.84296879772845
-17.450710892878448
-59.89692812805502
-58.6454947623416
-11.218111019035533
84.87586807971778
45.73365251655085
73.97394107525778
-17.67409152124432
-54.70924527406218
39.00069744238243
-67.53264703451735
-30.0455477278379
-32.601306290568616
-33.79673208199148
-25.205427312314498
-46.197507405416125
-12.318619003580821
1.933223212678655
-73.99686644410846
82.39024505172125
-84.43125464216934
63.04005347287185
81.09586496930578
-62.59080486128843
-73.62053323917775
-7.314755408691582
-45.47405057287357
85.78102995550273
18.83746039825182
-10.680215251228333
-7.257822139412127
41.2450296126205
