-98.68567667844856
-80.08668915755581
64.985286620046
17.082980263530473
88.49626182675456
3.382154890330625
38.48667228386768
13.313117351904992
34.06141413269418
72.81867483801469
-84.51624875817751
39.72797758301468
-32.70235691818138
-41.16000298874862
96.89718991813555
47.82684703485563
64.07525274425046
-36.58808365836259
52.60693183146529
-46.16594351080992
-54.59672754322291
76.2190722537654
-72.55427760424058
-49.36692251317636
-0.10911638132320434
-27.411753372542876
74.85376750135487
60.08122720952994
5.915932517456497
-36.591547099085076
-97.05330257445439
88.58712354720532
2.7534453190023243
58.155659617702185
-48.506513251144966
68.91239276188298
-48.13460185827836
83.01060786414902
-63.38544630736609
-87.20442937262239
-72.61757605902253
-40.87235611336568
75.51046353185319
34.65583609224285
1.4970941073734423
-16.459174770536222
95.88676434565704
-22.658977917592665
-84.9470939671487
-72.3632915147679
17.156199004242453
-21.49910191333815
-2.8307195062704977
-35.9279867875933
9.857448663667071
-46.85814255472813
-23.61865000546075
-10.651412356288986
-78.59253690672816
47.37610496467292
-59.904497631272946
-34.08847812016231
-87.88806813248739
-17.087355157807238
88.74622728495771
23.440138175563874
-58.46645002235098
69.44012533794145
42.53280088311536
64.848793656505
80.57360808918679
39.508713407366116
62.65320639446753
85.43376350556363
37.36121579391977
-60.004346387033735
-19.115167542471
-70.06002776201059
40.66621874386047
86.28583176316874
19.64847690518839
-63.867591925194866
64.96008865078736
-17.604439834183026
60.61342646741892
98.68231385804137
-17.048763078212573
-54.727799789603935
-96.28909775438082
-10.578563804573633
-21.484170124613115
-66.0208779855524
8.738007597060943
-40.932155800965056
-2.445841996170685
10.37975197232015
71.547242203281
87.34469543212515
-52.462157052298686
67.99553984651993
14.763153911611028
98.16913695287104
94.39471709349391
-98.66026733331546
-39.67958508968719
88.64230375468657
72.19015858885913
62.3539196982139
-39.73958189779203
31.786845436330992
-82.5772860813232
-86.10429823925693
-32.17582557402257
46.141598706474326
-57.70633005449128
54.82236037418994
-71.55469065532228
11.74225491905898
36.958933809714864
77.64101784307712
73.18547192868746
58.1355906475149
-36.711909716288595
-66.36946367898696
89.23700276597847
94.09184358782815
10.91097646059815
-55.07573829996599
-85.52663219358634
95.29279816094268
-63.17918171736099
-80.0973743763951
6.8443671397912595
8.5073867337194
-11.885751052091848
-9.786047317504767
-15.018059810537167
87.03623125111528
15.528553070599855
-55.68853686661199
99.54825911071711
47.27822984338337
41.081291192771545
-44.29174096898496
-58.96589487680628
53.899537205552235
-11.558858979448331
92.82295460221044
89.1180991712227
-66.47105760182839
-29.64660349607422
-92.85731927750057
-17.70310499564725
77.55490030358226
88.68260820961888
-5.130867537291223
95.50238122241169
52.083567325349804
-14.717983355614962
-33.862983527503346
81.36306572737385
-46.55120461637314
93.2722399577678
43.68871262977697
58.2222232817588
91.57478748858699
46.39358203785477
79.96771082508366
-75.67966571014853
35.710728558014836
76.84692409392392
-8.264875252975031
86.65378207026814
-78.12941642365068
-68.85055774668938
92.18782064995906
0.48093511449629034
-88.31403909478979
37.0592904450431
-68.94358287514419
85.08663214562227
84.36852196632555
46.225895274055034
-73.4791187672428
68.98526460698452
-72.09860489415483
5.17456617251446
51.64972518576505
73.64554868544505
45.50480589670747
-40.39433116500455
60.40241130212675
-48.324314244482316
94.29353190888833
-83.67918223654966
-66.6053321520773
-81.30873036829489
-23.689294133317688
-47.60190532744657
-74.94015282679291
57.47060901218106
85.00386649591925
-62.79149935498813
-15.216994322935747
-24.962554905747083
-69.64689407723483
46.83479106762002
86.65354727683027
-0.9407186289974447
-28.357809426106954
57.55785426520063
-42.77277854384849
14.032113701135103
-87.85231850385202
-36.47582891759327
-40.61400503504851
62.26985411648474
-63.00400613854538
55.15747699867788
-86.580280351927
25.160255422776928
-71.28544731823126
-36.999487388270616
93.05717167996343
-91.23474889327609
-88.04913127277321
74.75386480345756
-76.33182272615016
-16.145974826913886
-54.103921032877
-42.79073825493755
-77.08898645766469
70.30323732821742
36.33112726993329
-17.136788754653182
-88.7037843585723
-81.77069313544996
-70.10576873647764
-20.356033512338172
1.1566779434039773
-41.91466482361126
99.71023483282102
-22.86382638860782
81.03653520682616
-83.47258470378452
34.13314046040509
-52.89143685657349
32.54276308392335
-79.57773635158023
-20.693097321876124
-74.53341142309105
-92.2666409592178
-15.578935395871923
9.80119535686643
56.23125494297733
66.15416199738237
-20.630613898376964
-79.59022460303763
-61.537767726585344
-1.4546182665818037
3.600449991994509
81.12946491755221
52.34783930859476
97.4357211784137
31.601095132647202
25.07859485403077
73.83815332661987
-67.73077538622928
11.649976967361766
45.55181985284045
21.46688582639993
71.07992422197955
-35.18899837132108
83.07712524937409
-57.62753906241993
-63.057041896501275
-22.536611188543333
96.23906999371758
14.290294592206479
31.978449186239487
74.2583974476421
24.726515197624764
12.252091555431988
-58.96567977679559
-96.65283076708744
0.5191076974938653
11.296581765881001
81.31132715655184
-71.42227656171957
43.09399878581917
44.00186324270254
-85.4708484346049
78.08939809970866
45.29779644841659
26.292522026583526
13.884612878578181
88.73804726498088
76.42564744949388
-73.0146942515109
-42.21623411357207
90.2747413031282
22.10724249940155
38.86682357090379
15.754071608647507
65.6394558997786
-71.0512509105164
-49.44755883366074
-48.79757368853179
-50.08404830630473
-92.9662136445333
32.637066972160454
38.187863197274254
-60.65663612922976
-8.643283624968646
-89.97143620066845
-89.69967525727975
-65.9722921114793
30.482906858200067
48.802185195458605
32.977787600208956
2.99961536745883
47.051166117172386
-32.97699573921422
65.7025236555155
93.32443627699197
-93.11401846237995
-39.094211514206556
65.0024576743188
19.54021248619972
84.21159862471302
-37.75238031655217
-70.68949178817724
2.114416445914074
45.16285627686969
-42.864916504611685
99.84292410439463
57.691761408090514
-84.22797941505355
-29.908475080308094
71.32639271413586
-25.734842399590846
-28.840468093070683
-76.89369961317753
83.11139583179096
-78.96447091757767
78.41915064712472
79.54084468554717
86.23880705087689
46.35236354431626
-93.31318795894721
-24.26443823931635
-20.201605023224772
-19.3583844929055
47.10726703304354
-18.621143050870387
-59.98864933226016
65.36105448373473
-40.6413084245413
-51.137518859820695
54.73314919762177
68.30693550297951
53.479434360376956
-61.82663029454902
24.365854208862103
-75.38595787574944
43.07488477719349
-30.572399049353578
-10.152003752717008
88.46774959366576
-3.538736037563865
-51.522250344014545
-9.06239289432196
-35.817455640642734
41.243754928447345
-30.578362993193764
-77.15558231523241
15.89779006015219
13.687029082106392
18.13206874711466
-31.520951725861778
-8.02523085437177
-2.5576697470578154
90.10462862497624
1.1287585687166768
-43.981364293042624
50.04402826139511
77.40086754141399
-76.4246070731956
92.5673640454695
-87.76406963768102
-75.39150817033229
-43.52328063721151
-13.664062874728785
-2.829588235674734
-51.345057375850665
-98.50604281151159
37.17941996779487
-3.5124096731209846
-57.19550248330032
57.51601148091541
2.043711158886481
-23.900652071421675
-77.73730446851297
-74.13651886182234
0.24748891212044555
11.495916817623609
-69.2100273943446
22.447104637643278
53.2067741882575
50.37027152279455
66.45643299292746
76.81306002448252
50.41193651673291
82.91502242546974
-4.222917267423782
-25.97232229129014
94.4284673420697
-62.52599765898756
71.7087770433657
-33.8531802720957
-55.08040041746507
8.112645822683831
10.344269582216171
63.386274406882194
-62.81285963911729
-49.9298912060379
-89.5593870738211
39.64780997672557
-20.949934437449542
-50.15830276017657
4.571108308782158
-62.11405789696205
-46.564399912424584
-17.90826270212939
99.68595178051831
91.61945315253465
-42.453789793743255
18.384576650528246
-28.67838637533204
-1.8419234461404415
-71.8732727198019
-94.51063806199952
-63.38872450271751
-23.030622899145484
90.01421253003977
-60.9112793133278
-33.59927017752973
-65.46510542497296
-13.742822231001867
-26.930527073180244
40.41690907876898
-65.50131884274197
21.526579990225542
55.417202190352555
-94.17745598455727
12.602639011196871
37.26247693567424
-54.72618132414557
-54.75426467695197
70.29344653896425
62.55835420837727
81.30157260045681
54.43002162039957
38.715025492552314
-20.80901869326017
93.2038826288474
-40.90184591652819
37.99011232242853
85.8254545133997
-80.28244154025438
56.72760724336453
-30.298357690098968
-52.00814258952915
-9.83630714906458
-24.736436078493256
-37.33498695697908
-61.79395884367802
48.83369317917305
34.388566716800085
89.76710730210584
74.31913214612479
-86.4260317612931
59.156188508319445
-61.98816920402908
98.83361902303989
68.14529855665955
18.830247839008237
-85.5513295852617
-56.091459109257855
18.421238602922045
-83.98294531724706
23.69199404516651
-31.5480930139791
74.6584180065216
90.58488459072672
56.19828305153305
-4.427625339292504
51.02453078226719
11.182659658580036
-77.1149678454968
-46.21031786862435
-69.73766217528788
69.80614937230933
70.217498046619
-91.2798056424047
34.31771843981127
44.997324898325076
-68.56106952045701
31.951507376144093
-6.83331694762721
-96.76776954773301
-31.11594350985358
82.24434611174507
-26.408813290178742
77.90883187228201
-49.7750832163941
-47.71412642294055
44.6055227247096
43.20022142087416
87.28452818591057
31.023639002857948
94.50459894208731
-18.055798298090124
93.26990907084266
59.12999763118998
9.115726484213411
73.1833333054457
56.261084322689555
90.16892899401898
-0.8831738749726554
97.89829208476638
-7.802427041058934
85.44689143522501
-82.27951054626146
-36.31792767846562
75.36550058825082
65.0125942382517
-28.06718095951952
-70.40958440046552
48.52466141962705
20.626682339944708
26.920081247541347
63.63513984805638
79.25331364464569
-94.57076940866058
74.67768060773304
-36.58684688181961
-14.335961456064368
-53.13077561961668
-19.19318168583588
-68.0282605583553
55.90483395211942
-45.630941353864316
-46.7969387696062
-16.779068592586782
23.741123103134015
-10.472494033008388
49.33240160630413
13.678049275025032
-30.539840236733724
-7.062030198497055
31.474108518312818
89.50188890985805
7.689007950671822
58.466991126772854
-0.531798946011051
-6.987558371346552
75.5230734471453
-91.6683414181398
-83.4042393932348
61.15874782972588
82.86648026921904
34.17896242310772
-66.26700734258937
-80.32208624919681
-16.356102824591872
-44.445184784775705
75.55295603203678
13.060107107713463
-79.36603481146724
90.33278644207607
-78.34085348478368
-68.15790888812268
-27.541068314642075
97.6651350143297
-48.31851110299659
-28.59190727863883
-9.892242065933686
59.90126662595691
-45.74465207708587
-0.4737311087258007
78.85259552231477
44.454724123572305
-61.473353250734974
-23.88240073608911
-74.07026098788609
68.00371112917313
-81.99179189068464
66.73853866666178
46.839321550223474
-39.575294894568856
59.27351116766198
-12.382884866694056
67.80930519923714
-63.216834425842364
49.63647151622445
48.87893277719513
-82.02483931109279
78.66685885623801
27.97533752879646
57.43626811994872
-85.9454319873554
67.2476216192131
-97.63504167982644
65.56994391374445
-4.262256977239545
-54.06554585156043
1.8104660104400097
1.1563075460147445
-65.92046975285035
-13.936156518101399
-3.7900088296278938
-13.305134950938509
24.67141939753381
59.20462962416539
73.20800838955634
42.38556476361353
-93.56514512034093
-27.37815996684057
-29.9579742433188
-61.95258809962327
71.95524896272147
-29.205133276029827
-33.36578112894257
-44.241948091618255
-69.86878090971886
18.22022605149502
66.5312922170946
6.181832189676712
98.53057721287416
45.90754879865662
-72.26210103985284
-95.64998921741133
3.863953122750587
-34.676458309855306
-95.47448489297207
-52.66754480883611
-64.63672327763152
-7.954918433968118
-57.11832105276247
69.29915794220142
40.64016213906066
-6.947066722142736
-45.474712573896014
-58.75197702483761
28.15720402355865
36.643387655575964
71.71558389997762
25.466371123748104
-18.84359900965633
-22.895061701252487
92.27411665956055
-32.00502969278705
-27.445084909185468
31.904399912238915
53.4488436783881
35.348772927467394
-47.1567642118317
-97.20648448894163
2.9937435479636747
-47.5995509437235
-81.47171912008503
43.86692302223466
65.98959676176929
-1.916678023728565
-65.56379305034238
-78.68507814113919
-71.72415351264993
5.631594688494857
8.643813237402952
48.54241409034711
40.97351110743196
73.25631279970796
93.44307466926273
-10.82185806498262
70.21795852289861
-31.564232466121368
-8.885539891671357
-18.57235298299385
-73.93822483715414
69.68975529392051
76.86517469025847
-58.936140286999674
-9.065016264874018
-85.26555149019077
69.91750414179145
-66.59247916555258
-81.87398160900972
-94.04849393142074
11.48083321423124
59.12050652480673
42.02685184944872
-97.3501461998329
12.824014087856355
75.12357777946892
24.825996697453917
-83.24647707178103
6.7680677022857765
76.89898639786074
-69.54533779802927
51.039512900986466
-72.69426007805826
-49.58868420808362
36.566288806643115
-58.76840470311355
-81.17086859199453
69.3436956141629
6.257429351531243
14.271427381906435
68.2559243379095
28.40991961187237
-5.187299812552411
-8.569883295668106
17.031088777173167
48.96158016446657
18.869047894138788
-43.7790656264396
-0.25824101177715875
71.05696907742461
-26.897725952429894
-41.65894615038661
-64.64489430895921
29.691674851919572
52.07661533065851
-92.79957108380854
87.42946431046735
-76.8189374110904
54.054193915471274
5.520816336214551
-72.7132470969963
-60.229723741326026
-85.54033795148504
66.00345792551227
-62.36541321160358
-14.180496272470748
21.442702567112264
-37.68968085268733
62.72897735366149
86.46243891799088
-16.179863461977845
-29.969240455865815
-77.70542342795346
13.619778384051799
-35.992088803941954
-96.62552775912899
-43.30671231974124
-42.882820583899736
-12.800877718366891
-29.083646158875638
9.710100776831723
-80.56121094131603
61.58055751157818
50.332468544725714
-54.732472236198774
-22.10160006242718
73.54092194275705
16.82905560632267
-67.51533524972791
53.99640249170929
-77.16962026295474
-69.19914892961476
-39.1750337132589
-10.27164799129838
-97.04379447333133
-65.80403234759714
-90.39806711490996
-92.84341177987815
-58.686556607792205
-26.736637354812515
-8.784747296980001
-52.4401443777103
-74.3016291592512
35.95159691102458
-51.17697176677212
-13.040732688656377
87.1166104102484
-60.432988867149895
26.754156910217233
-24.10725836050254
-45.3596099933117
-11.080906682857702
-57.59556730851543
67.7640138231132
-48.14670238723495
61.181138737385794
-28.234413758038343
40.504833652160585
-18.388123170000156
3.085751245754736
-42.012500006938815
-45.64165926807473
-71.12127036502648
48.248130400153144
62.835176447895634
13.40896640323706
-48.0148598387226
24.177347899879948
80.68311826177461
-33.438466710295
-43.061380825903825
-29.20179484305679
4.364755092729311
-21.10925782939003
-4.784546330588739
15.595328386730074
-72.88583649372377
-50.23346702038489
-30.270070679882906
-55.92595937771607
-93.99262720394752
23.897045191084516
51.98719847951517
23.719418002583907
50.39292084045408
87.8848870445419
-76.85466071794389
-65.32820018576987
24.358368744707676
-57.934957186264
56.47709197315422
-48.38078066053735
-93.51612450494787
86.34374502561457
-51.48346965846999
48.143420429379916
13.273011500071846
68.49780703207188
2.6948219295388895
-2.1062701901717986
81.02444000245751
97.95283281027233
46.38419633257294
-30.74030748678149
62.73429150439404
6.405690953051774
-54.57836612133031
14.253196441329166
-40.71234325678454
66.89038838865491
77.53983360380829
-92.00792150172472
98.32192014753346
-56.665239554970626
11.909901167331356
23.92195701761672
93.20894466815898
89.84759198033677
14.111292901791757
-85.44678401717833
-73.41605116713939
-21.041768089927842
48.59713323963794
79.9638006243795
-10.773924745162319
62.41656420266037
-76.44128190415118
2.1247339800656704
-25.384791513763602
31.93567421131155
-33.86601578841393
-51.576347219881605
-38.86381780571628
68.21856936076261
-68.23105333989315
-55.24059504692245
-20.481019698373842
-69.29666953509117
23.11274866128062
-92.12844084326193
36.78468165240466
76.97990327920692
-94.55370917913505
-50.151397631699936
50.447711603001835
-72.91450926167992
-6.476777536892357
-1.916070833300438
24.204355022846784
55.40880198976822
-68.93384110139154
-22.580308240386955
22.458269182055403
35.78339453977159
-95.7942205960388
77.5399387641867
-68.14578881483587
-36.68596021440078
-45.20726153031125
12.260237759691293
59.569917483487956
15.350659329857947
-95.64039403113946
97.18713977641903
5.917297326451475
-63.55290302059113
49.351178367450785
48.25198786658959
-96.69205519126113
80.07122992558718
95.84234876844383
-9.152006017800531
-81.57581582452404
-24.074927213341596
-96.28837976903912
27.088702344882122
32.625039851986685
-22.640505387181562
-80.64056818848073
-15.051586266266298
-47.07512081221819
-86.26982310240803
58.39120359367189
52.48835561637301
-16.321062767476093
-83.13411162210349
72.26321750575914
91.31194947628416
32.06622631475855
-85.37941818295506
3.2460640295324765
-55.38939737070161
-6.843209754929447
-24.51567838809683
-41.92756331842753
-77.27146596097776
-54.362094774285175
92.10182614819902
1.0581065270357044
-15.002162354584186
45.12139347637395
34.44441488735919
-28.00237157053796
-10.657587103862227
30.272671929857438
-72.82354120474966
71.65573130621166
-26.137118387200005
-63.22837899289189
77.09055345626476
50.8037459698825
-74.30868021249775
-63.13586682859642
49.315967545428094
-62.056125164226295
12.473598434695404
87.46967264267116
-32.72160251373131
-79.96938725501472
-71.75044854337801
14.088492670589204
47.343074631089536
56.90761694478596
68.7366823784946
0.5661331731727586
-82.06587823266926
38.44694540165818
-47.871623033463216
-58.96503224329537
-77.02563232653452
43.668329346972286
-21.426731593759897
-42.17931910106205
10.502122329599501
95.07506157218458
-69.95028087306085
57.776319740282645
-75.11928142085551
-57.572963105877186
54.0295281697843
-1.4909142349797548
45.102819330281676
-72.34606020699763
0.9849878711534643
42.87685301049615
-53.83312264877691
97.45290161488836
35.473657135419245
-24.929018308087464
-70.35222729524719
-80.50611549135904
17.924405478833606
-66.34540496286081
-89.78084572506037
73.345481471706
-18.966442046597138
-44.57725601831866
1.433678209686036
-52.265920896803685
50.32519911653637
-47.86333630616304
