-57.178298999558194
-41.73736307739602
82.57292989317583
-54.52583642439295
-31.327770844063735
-1.0825955750623422
26.832449353931537
54.51455843504658
29.455557377167793
-53.53021050566178
45.24404381904583
72.53833684058725
-13.481919337556178
30.009965243984652
-77.19772009805948
-53.67418320656194
-14.626507662988345
64.50595056506123
-80.45970253958006
51.23497344757385
31.10276366372031
-28.34439187809292
-32.874650993616044
66.37547462240761
73.0957362746214
8.695727008961683
95.29861891802051
-57.63785995136643
53.156728860478836
49.372267047896145
83.54930743433943
-57.643158468769904
-63.88732988001094
37.66640658442688
-87.27654369908745
52.92631384014308
39.35362007038344
-65.90775598624418
87.22330983171418
28.03698606243907
-21.342784710928825
97.1406815886059
-98.69782695173713
27.291264324427317
41.10250557556242
-66.70117229049634
21.303798709325946
-80.93932683808791
-46.1623373927071
-6.986401283916408
-79.70104875825008
34.136127224721065
90.57087437641553
-69.59220993554378
93.56322310184433
82.55286536009362
85.99894519495373
58.92261346393474
36.0664683292666
4.089129266535238
48.07299909837488
-78.8138250529264
-87.52625286863585
-9.608714505086581
28.693738658438093
93.34574446245486
-12.705805624448757
45.012421553430045
41.02410821286165
24.67297539167916
16.66045174930389
-98.5474270039767
36.24354619065821
1.7690689357029044
-29.2664554043439
7.421841451692117
-7.993238750655848
-43.72009793632148
50.33919339038192
2.838085451635351
74.3701736403583
87.0390658137965
-78.62795999043723
-52.3473870582899
-18.589528605960908
84.55541781993233
-35.36916648518658
-34.554423546390424
-84.28135863492994
26.235524087350456
-99.72075383984105
-62.994064519476154
-20.773159101233702
-6.036422776207573
4.420376458608203
2.2383450050395197
-62.07092046196021
-98.61059965928895
-89.01468487681198
-37.91076350889093
-42.79781365986872
-72.3812485149933
61.20082918761983
-18.584745477124414
-37.723715831463146
-49.50886300438413
62.17758187243544
84.88425050642277
8.968631328378507
9.09586755932888
85.20608494130542
59.35684104402813
64.54475388112652
92.33604164889957
66.56817264869119
-0.6038130099712333
-86.95235912151549
-87.64505301530123
-88.21919372518946
-18.240268794766806
-93.41753745757757
0.7568020122360508
-44.96418852649342
58.79505952859708
51.566131518193345
92.7611505945705
-7.103775848293452
-76.3701122988617
47.444983026622936
-12.442756145068671
46.070136128234395
-4.694477529225921
55.74100605084155
-82.83251111297866
35.61962947847687
41.31916832496594
31.340311522265353
89.52533863664459
-92.45803401846793
5.623806691564454
52.1754106823667
64.9417721743944
1.1104231749983597
-55.99324684131697
3.0999025388394017
42.41603320807769
70.84644920951581
69.24596373831724
20.132700229982504
-26.27950896322406
41.53797277088009
70.90932462445835
-37.54459462765827
-84.2605858317831
-93.40116095301074
73.16827285414195
-26.942939914239943
-15.37977642901383
-59.98822988717802
18.225314056842734
12.589431241351818
62.48000696067652
87.16820741261358
-67.61403827506382
31.803237039625714
-51.651771172624336
-3.0071316193256052
-55.38863764898634
-75.06638257567826
95.19448351092845
97.60220312325123
35.89845112779582
-25.922821021608968
75.70570685441305
45.13335933788275
23.187516379845746
-49.75775574064365
-47.44648963578091
3.5687675420134894
63.9353940233392
67.80621652300056
45.841482618203344
-27.951294044726055
87.12347663978213
79.80913766495058
-5.460635766807883
-27.453460608383892
-41.729362714271815
-65.41267224824011
68.86061853985285
94.3756041713263
-86.39671023359534
-26.851474520471427
-48.89040538827247
72.51953240295211
81.67158330143499
-76.6218420701764
-38.75975326060785
-36.739956766717
27.165962021110232
-88.27150968178256
-26.32538925617989
5.394760874968313
-24.35868943092187
-59.1329167974429
0.10156619468413908
-69.18511155569331
70.36211895610427
-32.51156805343854
-59.58456360461959
87.71855359544455
-55.85497140446167
-88.52962281148041
-4.028158410973063
-6.849587884094063
-50.74043455840895
-48.646318390833024
-5.667038381041635
-40.0662845816083
68.11922169427913
-92.48956874290164
-97.44335562641444
4.059742835901645
62.28412099196137
-67.65585234450305
36.914679416908115
-84.15826090040461
-10.926869279232747
73.69630670811858
-45.61048579369813
67.20416255832134
68.15923829278375
24.88115441085195
-38.17070413956309
-98.23429981552498
-53.700781833952945
37.78515594717442
-93.14626677296567
63.682623505402375
23.225470393890603
77.85807826266242
57.92348288199554
61.13271790876598
-35.45618169633369
48.016752622752904
-93.0506969049308
-76.11936037221334
87.43386287767504
-44.75746470377011
-41.17784912992486
3.879338285348126
-8.611869058314923
78.88301304399323
-27.77387794469324
-51.44079018161467
-74.31184867163921
47.83855597540395
47.54386610319045
16.52087621544969
24.91600971843782
-81.8313100052518
11.506156236810753
48.09257128459174
-29.638609122529886
-88.30591591644199
-84.40173014255808
42.23110080092982
78.10128011669067
82.09049020541622
23.196678641238222
89.63341065035749
41.495941772632335
-92.89447722143362
31.840732283527274
29.80329655927622
-54.026052888443
-48.23000210351152
34.10731790381868
6.960780573906916
-12.677858555293156
-83.39564055999506
55.14807662959703
25.07000026781168
-87.15359685786666
-55.49519275488355
-26.076413289431002
-81.4839529226847
-70.94562275139111
-80.34767179536823
29.855785915579276
-24.910757052011533
8.649158284942544
20.268098464650677
25.80059232102198
78.05947826921155
-47.88838388926624
-49.35022756186254
34.61545565432186
31.206703930887613
-65.77223537484602
43.54729511578225
62.49001653421277
-77.09799012510527
98.01162343749033
-23.800135609385393
18.12590392371402
27.520246103636993
-73.62489752786976
-14.57759273754202
-63.06583089792972
16.963620277877922
-15.987100573382278
-80.78583004672439
87.96139850625795
94.36125179080383
-43.256294681991015
-88.74189792867917
2.140770347347811
-51.46926653732433
-42.95523304839628
29.660351892090205
-7.932626365828341
62.48968782243759
48.66527865301262
-46.16040591392896
-30.703568058395362
96.66280084800957
44.3271894146194
74.0396958419598
26.77674704988881
18.21265749636018
57.2366480680177
-13.166268373231205
-37.92363572953159
8.134166907994711
-59.987229591254135
66.83474487672311
81.70711895171709
40.52431688371021
-89.66672749261511
-99.89940010704548
-80.60321542797995
-45.54343543430004
-66.50602649627801
3.9024049798697718
-10.442060473210972
93.78174659653962
-5.583148186611481
71.9461865083525
-32.963619260090994
20.988160836814785
33.76681610312917
-5.94881292964331
44.50487216576997
-97.39438686021012
92.29371011119127
-77.60909460232337
-8.999007427367772
-97.37457797362565
-39.32488824897413
14.086737710622941
-88.45747116769289
-81.59082157970722
-97.7687252257836
-29.606830247861254
73.49997732298158
-42.25654712898592
7.797113128445446
-38.42646585339722
23.592594776115618
-17.083331032017426
81.78963180848336
-28.14789149991246
-4.421434083219282
-36.79190560685297
15.30975251389033
-89.2885102592859
37.34759765089794
-8.826342877104267
87.22896152060434
98.3033071165494
-18.083802277197705
-54.90378917575258
28.400517625506808
-71.53499390911429
-86.82526301486344
-15.418634915542498
4.20193649695581
62.44060542359526
-89.04650840674535
-35.7505070491281
-97.56575654072304
23.92501368555395
81.94986799932457
21.85616212043952
-92.63673052494244
63.85734029053157
-79.4399852189635
-92.72428292947326
-8.925404293357701
-19.924028143334567
-7.359531406214657
74.71823952252504
-15.206832489765489
-19.631586585745936
-45.042025855627024
5.752767314983686
84.30118632046015
28.93356554314377
-85.4518825536363
86.54640416912233
52.387280505613774
63.301980602979654
-24.781562570973122
57.825352394644426
94.68512067415128
17.038766754049234
63.59723758832561
58.27047076209291
-22.22260818232604
22.613335997056765
-20.74976354741851
-41.06432697910134
-46.62063210069889
-75.44006324343172
27.613765454459994
-46.29025094942805
73.44541250384589
-72.21684197139422
-2.0934973945969233
95.88019118668123
-94.73112475893342
30.10546204191101
-9.329195464706146
-29.88084097917536
-62.98254591108383
41.341297648649714
-81.07343045043207
-10.11914281280093
-52.4094262545757
69.13287402273923
-92.67939147216408
-21.712566322976514
-58.76344195508019
-70.25032148385499
-70.60025134972945
72.19618770808313
43.41797205247869
-72.36571934003805
-63.458477765708786
39.54645941720679
-71.03643172700593
66.51201229076167
32.7793194352669
-69.02968003857548
-3.6573756215219078
-45.34873798662742
19.67379184245324
-3.0991444415548557
-63.0970634014252
10.342421904897165
22.00748420373513
76.21302022877839
-84.10554355792155
80.46640470747383
1.6554607757081214
-39.953216433229464
-19.198016243086343
37.183366744496055
-12.27463178805435
1.2376369612252347
86.3588602477841
8.925623122827076
-99.58480649871791
12.090524058358199
-57.48035611929372
39.243751352945
72.72257200386372
-93.12562000053843
46.66869686312248
19.172659809042884
-50.944278957396705
-19.487239802831468
-55.12494275449882
35.268124689069595
-46.561615783144816
-3.2583748041351157
-59.11678802412108
-16.675044678702776
-39.65485322774984
-51.63155653937197
-6.13653018116284
1.1883020886985491
-45.16195005993633
98.9734969476637
-80.76839307984534
68.06520590827839
-84.60402805117042
63.62119794875085
79.4746356437675
5.862730376987287
73.11011832863156
-59.776804883362544
-91.96079612211471
-29.83512014359006
-66.02087927644573
-30.87959026819611
23.622683699926682
32.70465429195576
1.1885411414792628
83.41045237848388
54.75281797087999
-74.04923665067219
-88.1900071571539
-94.4951687037694
69.07553889245165
66.47521411589292
76.62148178378132
-72.4858938372009
35.09340802051747
70.92741367056692
25.33828313440432
-49.436280143940394
68.62601075355283
-7.164443981626789
14.750145820477911
66.74201065680273
24.398858871372653
94.50657136888029
-79.5867239775724
-71.06006954208384
94.72817210313019
90.0462729727681
97.01898160301744
72.02897516955045
-92.89429446498629
10.805809911023829
-78.31526429008008
98.74925065695001
87.79680001040683
-11.504529644833795
-9.309070322533032
-6.515632452418174
72.85407517815779
54.20335978627162
-5.947013437598997
-26.465997399718844
68.44169843163928
96.25463331037776
-19.127233190149482
-84.53653234793245
-63.084224531569454
94.93195501986364
49.91610369859802
-17.57991653306516
45.214588033835525
-39.1526414560865
53.8227784634218
99.36914353701945
-6.919981294214068
55.206088719369944
-12.843294964814291
-6.675862333315678
-10.849573161499706
-26.861195693227174
-60.33767740978735
21.808792991248808
-85.43177985737158
-98.9204064417503
-56.897798767250826
-20.198792737691917
-42.71517901950141
59.25994880587649
73.2269957589902
-90.94652304187991
-77.34357420981424
54.1586068571238
69.29557376212958
-81.8498257541785
-96.71400757346913
33.98289080619702
80.9907009576151
-88.1148024205066
10.698673973381247
47.0949983429343
79.70264075023391
10.072540619792548
-56.95778585779374
48.667380218142455
-42.76916328180462
54.76228417187764
44.20633049739294
-98.45216500182283
19.503785094598598
-97.22606773840474
52.10070980266269
-88.62646216941596
-83.50030609338874
31.780580850313925
-74.76309412687907
80.58927275193452
-59.531506029332014
46.86752097460405
-0.6096804015561617
61.31264443975374
-42.158444931023695
-21.13625747633688
-56.672502612515906
42.308949341286876
-56.2109609033506
70.10657189267565
-56.95775261959337
61.510281293361345
99.0822055287367
28.017031535858905
11.503426355777208
30.11564715993839
64.67064212765419
-59.775464839995095
-70.99009528479797
-7.063473818001171
24.139578614537754
90.15421331345993
-26.11384163136448
56.18003849305745
-83.23806244589089
9.172910598505666
-5.72816222945562
-64.2887097042612
-48.13067785299947
72.2676376389717
43.30466227827381
-11.51218451459026
36.8125122293672
-99.03031729010429
-1.9117583534069382
21.632324164107246
-8.633164577488799
69.64880758844097
-88.96119599056611
-95.50137813934676
86.71976546915093
-70.89549902540085
-3.7077278461294014
-30.90380631210128
69.87816163349007
35.50376768176915
78.32786638505434
8.20880401467521
57.75897403858329
-8.2861195917381
-5.639496840664876
88.1115282939517
66.43046567117327
2.8603621720511967
-59.86822348378749
67.95353491568665
99.09528984940584
86.06419465510723
-53.90529929775789
-17.149158919982213
6.324373868621791
-73.89841177859466
77.81040464532819
63.182058295805945
-89.65435592630226
-71.73531070722909
-67.63753193979764
72.47834005414083
39.73437829403207
-70.68398127601989
65.86924805257863
-83.3265257072648
-99.73475397451111
-37.2752931305697
18.300169417147274
-98.41489849597184
-3.728452627072997
20.380516607007635
-58.24886234188427
-74.37610402188744
43.79014023315392
67.81570660521788
-86.31959607139221
-75.08532351037314
25.832642057431315
-45.640513025906145
10.361605658996709
-40.62670338476133
80.13024089806953
-54.2276638086451
52.73676811990043
11.830238834885748
12.104931087838764
49.016356619686235
-95.41454544444386
96.83544418272834
94.0734496024732
-45.06436987886919
-52.67515000048269
55.47581217766421
84.36832305112978
2.581960292080666
-66.60018035960438
-30.323047009311566
-21.41238808025136
97.89516153882144
0.8944731324844781
73.82811953105548
-80.68499527502672
-41.51702073901895
-78.18779163067997
48.583826471134586
-9.821355435252372
-79.03561307133495
74.77753676305215
64.05552351242576
-80.53436027149317
65.29029706956254
-84.22478455855831
59.026772469201404
-79.48713374704252
-37.26313906885219
39.74262175660141
92.03443293073576
42.593932176952734
-41.321281981300714
0.603445057569644
-87.16297755289037
82.56518399386653
-61.9659674440896
69.45875384777949
34.81462585108372
36.53279721476187
9.924041654318856
56.15462306523159
-51.14091227447197
52.41212502892844
-97.35305376038906
-5.564701786187527
62.373483056593386
55.606626514426836
-30.980311855361848
-47.08069593437154
-94.06486243254122
-74.73717094189054
28.178676827276348
34.12134568291165
-93.35158331046243
-69.80745071940582
-94.67037679770638
-65.06537726546546
95.9073400192035
-70.13486044621268
55.535524671414294
71.54150297474106
99.16599911254895
18.54958927894532
31.99650223552436
-56.489249199694314
-84.8154739934982
43.014460243671095
-90.33648467553539
-91.12533881424238
-90.88228924323434
10.289982479530238
-36.45255641027803
-75.49265352974572
-88.51812239191261
49.659375926589064
-62.12745482278164
-61.69816529313206
-19.37730470247068
53.198137832698876
-9.183564274138106
1.5079865254075742
88.89874576952718
40.43095990130786
-33.31471469392409
-32.910235730051966
-93.19168996483376
94.34236394351299
-33.846171132322084
-66.56962506041558
52.19081969646484
24.927555308615794
5.038811156986256
-39.24375105305526
-64.39393532283421
-62.372520282728885
99.49337404836314
40.763851744554756
57.26547209531432
-17.81944078792057
-10.842393943251125
21.54790089028056
74.53004255037732
31.053136709994533
-14.858917121843803
-25.49995146420892
79.00992314258315
-62.394324509595364
34.03236120460576
-19.369734645922307
-63.66580146185732
-24.44604050681825
91.71754481364198
94.84064511273874
99.03464614320927
-96.16742286945126
-41.728949812730164
-88.68295718612379
49.00883458278537
-62.26803996083714
20.263061561159162
-55.46221534172797
-5.035277094797337
-86.07901554864993
-23.835357903891534
-76.0648212289106
78.92793508196229
-98.22083788320148
-16.237431338015924
-24.13273839180765
94.96186634334859
92.87030059978659
-10.678163083687451
30.262387237737272
-62.48863764933319
50.95759987170143
-44.49630285909056
75.32360810978216
88.03143588249867
-55.08978086919338
-47.05397612960902
-74.01636803039919
-35.90924829973514
-44.559415615910126
94.72257995989506
-10.135166792780552
-60.75158109680059
-81.95065446822831
79.39973346296506
51.50103939825061
37.1984906246594
-97.40105050529357
-8.765422881802749
52.28103479702327
-44.591787253188755
-24.986133085692288
81.94652742794065
-35.913752892286865
-81.48872919016945
70.46158565221569
-44.95576668980832
-95.38580619582693
30.675380997314107
-66.6774097391004
76.54972910216841
-70.52926383213433
-17.908508467139157
-9.61682053168056
-86.81673990950038
68.98365446767792
-60.74897998176589
-76.14045177418045
-17.442761555909627
75.66186293775797
32.35947260247772
1.5801249520295073
46.572692642424016
-33.05868707898219
-47.64103971728708
-29.711347596271224
-64.60613132665232
7.865498616170939
4.466660782313198
83.71290106695972
-59.567766605593754
-61.62348839333953
97.49218321192575
-49.95642216784775
-88.2517042095176
-57.25602157744491
-42.21659444605868
25.51649865391059
-6.665502914220795
57.619660796988796
98.31164286602805
-65.60605201642211
40.276932485741696
-52.95934625973979
-31.896653591634248
-59.77457702629556
62.4854123933998
-4.842215520986798
33.686329075356525
-44.969946174263576
19.507480527335957
38.25302814519313
44.42912043023094
60.699121837890914
-31.017263408497058
94.70280045709592
-57.66625648100114
74.22171351397108
88.33322217990809
35.749416154675004
2.222202469556848
-17.11066162659425
-70.2418376504944
-73.85874569240187
53.644568200884095
-76.38368430263762
19.08814166863641
48.02347804874799
-27.275970233668517
-48.94015031783787
42.78226596933001
-22.36679193994972
-98.44805908228211
24.63318555077636
48.62310853990945
8.908606415363678
-84.2811654539197
81.29142904598865
41.17311798569284
-14.339025966252223
79.01841682265726
43.536202138291
92.61287686202334
65.94722862401815
-27.736930824959074
93.73370946421494
91.3627916650072
-53.32868091666292
99.93854754441921
-58.34137841654097
51.6547300801852
-89.7411790783142
-21.45550363923138
93.42383649829165
60.993465724041044
-28.148609865819836
-82.97127799520979
-73.93623974387673
-59.17628495020231
42.53289045951499
-99.0328723749187
-50.452870241393974
-38.222075585980406
-99.76682889706403
-45.427673687344885
66.70623987253933
-23.72343985617553
-93.4447003225622
46.78184064244428
-52.078622806992534
-74.38566140729694
-91.51946536991447
91.32975513057278
-68.63520021511853
-66.6365986304436
94.7616395074673
91.27503233998914
43.601072592342064
-99.9783493526984
51.173277288733516
98.36196636381652
-64.7308052713308
-12.259699782644844
45.52151927576779
-67.57394616094945
-1.9075036442847164
-54.8020382222413
20.794237935529054
-53.113746252062796
55.467222864538684
-99.73282327182065
-10.449645616640794
-42.79435968620251
-28.794552036386705
-47.34710669935873
-32.64339487351779
-53.27614943846051
24.67504621453658
84.5143272063896
1.078369691569975
-34.52745205690037
-23.718010576316246
10.49906588356049
29.361084342074747
1.5479077180264653
81.0801799179944
-53.21966818938362
90.14671554898194
40.5049809391239
-35.29124751442552
91.84263305108325
-20.519982129030794
