44.26266707637936
52.47074925086943
69.61222526130214
-26.04993219431107
80.1448465630861
-68.36150876217486
-20.89100011025988
-30.41811879300657
-23.933009243390387
46.71961440921163
-74.48947092766447
-89.91726245150006
-94.60779592423476
-78.81887526489038
43.96549391581863
97.25022231912169
-22.586151306756364
-47.340443579037306
18.819022416703234
7.145818444364281
-12.114567834503902
-64.77173513646682
-96.97830102937013
4.886806483989361
-84.7130722647712
23.211095321153124
60.95265107942737
-91.24767787225375
-87.85791638265368
86.78200795552809
59.77342008456847
-63.85994948702831
54.22452987638792
-30.036186342626195
13.564196205495065
-46.551036282651516
-28.736698986275783
14.623041566820433
-59.767870269873534
-72.26539492792875
-24.213355313763344
82.78877533186437
-27.942115317010646
10.716658509356307
61.20959818540962
-27.61555481638605
21.173594830152325
-61.52546045750547
37.81235390535272
78.2654375121532
75.71607407320013
-73.5581844163142
-77.06811307001664
-4.405045165389751
-7.861379480092296
-51.2069170922554
42.95414095022531
-71.14097115200352
-95.55698095874516
-92.38437998110776
20.70046364240487
-97.51887122768885
-33.809314328346176
49.8930546935772
-32.44355270744026
-91.77687019914364
-81.17827348175506
-87.20580993583333
33.61058726658936
53.57429050820187
25.98046915352829
84.06855805600128
37.21854010105102
23.360766967186052
23.065578253952168
-31.243742071984187
-6.2668207300771
-0.5654772155651955
36.40735801361927
-22.092340502067458
11.690027283142655
70.98685639285097
-80.54896754503716
51.68697225034663
27.22444698020921
67.2266905388887
-11.190024603373772
31.200200697365233
9.83932739331182
58.33850490407494
-36.322313273055705
57.56428057497121
79.62687537993213
-77.53526477342683
22.559553447536658
-4.178781946432267
-27.495476048348095
68.35063356308254
-1.4059507029809737
52.361123418683235
22.221019428902395
-28.95320827909336
42.15264310321953
-12.259727272889947
27.372517617873115
-55.667961715788316
-84.4405401195782
74.48473102609788
5.32001634526047
73.94279687837724
-2.798384763229336
90.46449520682032
-91.78312448275037
-0.29895126848231257
20.607221167887886
52.43497061410426
36.25881916651613
-26.344817407833716
-74.03762749438137
-63.392654510221625
-13.047619816575335
81.21380174837884
80.32997179768225
44.13085132694778
-57.618548269492756
64.55554027150811
-78.84102466913404
-72.68414171493882
-50.46552143827358
-9.289614194624647
-49.924728389361015
70.99513579645603
1.2251285440160018
-54.29295540553618
-66.92920319560477
-24.466211848279457
83.92057661094412
18.867328683282054
31.538749780012978
50.93434040170476
75.90238372234305
-15.089620245904456
-75.79999911756296
-50.08938519542407
53.348664053309534
-66.90613434079734
74.0784702767869
-32.74224835758166
9.251138687404321
-66.5514025361272
-66.83857146411687
86.59731668821794
-90.08789753339055
26.618372750074542
-23.96715143003871
-86.40399478180368
-82.83957898953528
-74.72072607259827
90.29706526931216
66.24689672865188
97.9497691486724
-66.9180986493293
-85.0170253339113
90.65165621721448
-94.37186651854094
-46.4875511413269
83.41874061052627
98.14878842397275
10.147924210454534
69.54124448474408
86.229656651065
-32.59076209422345
36.14396457066945
-32.7213021166821
55.099999618436186
-12.20351926924468
-52.42636156790353
96.55504411220593
99.29637869929064
65.79381332685986
58.896419562900206
-50.81977771615516
12.869972409601587
70.74192542901287
39.12400916475573
48.40643763733766
61.560621199376726
-34.42428129484378
-22.870533210135633
42.31772820230188
-34.34605750403195
50.29117644787425
-32.958604132098216
96.5798316056601
-95.97119294593794
-95.4109692309896
55.69762155942385
56.97562492868556
-18.5331540131846
21.7310512197693
-35.66774178960482
-30.83641224795055
99.05883806985315
-33.15554848493203
-34.27451816627702
15.165758072401928
39.09967412348112
-46.71235693015912
0.6482889198519075
-85.4460248686936
-34.694783581620996
4.111698868936003
-82.18985870451743
-88.7944818406257
-48.02843382091957
4.463205891998285
-46.97118658078827
-85.58900874244047
87.23018583610988
35.067425170055316
26.49011463709725
10.051902265092053
8.559466943271971
-56.205060690718845
-11.16587000796929
-20.65843697066137
62.221531674233205
-0.66301310145316
97.45925876573861
-61.77848622882123
90.97556873882934
-53.878764548941604
90.55994707464882
25.24040174461932
-84.17228580920283
-62.07611217162181
-67.27983047809785
23.92224310805034
-54.59968237695645
-86.76321951693409
-65.21901228918448
36.110732510392666
67.8593540751771
-64.1736959675051
-78.6434854137967
61.771939882233
58.06370659808968
-55.1120694680993
98.79809174442798
6.162432210079146
8.981840461562669
99.54797081498234
-27.35995154643038
47.6758009696851
-55.22924684126074
-60.256014039800256
-11.829732334336242
24.16804466866462
2.718154777823017
9.596350141571392
73.72933142108619
41.09200988067053
-44.33576988141754
45.060802390799864
97.33469342236006
-26.134881053071382
23.23644722103259
-10.581880876586823
45.61980909673889
-83.59694384787248
-17.704836453525715
-91.4518961863015
-13.584093352497533
20.398836920247575
0.4828554510760483
75.96036420609488
53.09499070839152
41.04745302232598
50.48818029240118
-60.81966879798808
54.07683499619577
60.34946357230396
86.31263062541993
0.8786135573628542
59.30365182329575
-22.13175420941522
7.207942289487164
-43.1343242401556
20.038818266229114
90.95400811493028
25.992294696922343
67.80045383303349
9.195272142242118
-53.12111898625225
2.6283163514691665
77.73708068055555
-65.42356491826419
8.75603183277424
-21.028696941140893
-41.71037407595746
-42.73800199053939
99.36114836090178
10.655508944582266
-79.59572876405261
54.94498706745216
-23.744632062501196
-41.04356354088387
59.711289354083846
-99.07683026137344
41.72330114813289
-69.2585310146251
-62.249959741637625
-74.95103144570494
-79.44360701065256
-43.37702886956938
89.92605844887979
-65.94139947861832
60.62840036103739
91.1732418537081
58.04956948642635
-70.587484839978
81.95241174614307
95.73506390517744
60.5374746642579
-61.58276114066146
-73.71415538514734
-22.57583787464874
-4.600083041652198
-60.32962606654419
88.59552480480548
55.59869300902392
-84.18533331791305
-50.267588063247025
-34.2756955697574
97.02032445073877
-20.056996666023494
-14.751008482706212
25.52351455993059
59.11341331886766
-30.32556326928855
-14.216365633854195
76.6142137938009
63.16467118964559
4.191745593946635
50.76691494601101
55.40347548216346
-1.013620611306564
1.3743035037708609
63.95776891089781
82.41209965232233
-98.29508402531857
20.608520486640614
11.303732538270168
35.616813109393064
-10.37379571775297
-93.51692347935344
85.43283665578943
-47.55297233904487
-59.931519969315914
-65.86885397599902
63.13727723505323
84.01509531832647
43.79874072231607
-40.217686180711354
-16.878993424560335
-38.37818138687261
-61.262379645141074
-94.18841015734682
55.78560004466203
-51.019222413349
15.01185954014504
-35.239105820987746
-5.841286595455614
-32.846940129553175
-16.627735207834576
64.04685432570727
-1.6225962859104328
74.23671383627772
-24.04523927289104
93.03609384178603
34.089377420103574
79.47411293276659
-5.798778963518416
24.72276493366752
-42.53032398265215
-26.754009843345344
-93.98033146900784
-88.98760802038166
56.7065405840041
-85.5369182575861
29.812619154341604
88.28699063362669
-88.76457875109212
99.17581782556022
-15.932064797802113
-94.51914975305813
-59.4731052105862
-55.83762522513182
88.6644187567874
26.12663286750727
64.79276878670518
18.664641068493566
-80.12907820430131
-94.16066834418655
58.40479032517271
-71.5146731942379
-5.511910573027137
-89.7329610124054
68.5643728206287
-85.59059760661796
-12.026530318246031
-61.41272552527815
66.31096487870082
83.90677438989866
83.16193399124745
88.19612012340835
-1.782801106953542
63.79646990533098
40.45130930361617
70.51714711681868
34.646269380710834
51.72401589422279
-83.03753535820371
66.16828384193016
-22.182132229834096
43.13087572217907
-48.62147651954207
-89.88375458784785
-31.762262774580094
-62.1631589763106
13.190976594081576
51.26800365859344
38.707691089492386
16.754535299174194
30.262461707744592
-46.27379277393424
71.58749534704981
5.125023574629566
-53.465979071261806
25.12088204148752
-97.8885031185469
-22.574696873479482
46.59650276242692
69.10698787807027
-58.070294459262286
24.28954626476329
-86.80355984536816
25.356415971528662
61.146869139847695
72.65465274258426
68.15285243575508
51.10724845751241
75.02653739799942
-14.065523759003725
55.2285698795765
-30.586192630762383
58.09720130183766
80.86041502392575
10.089632851510714
77.05768141918134
-15.393526459825765
22.03713741836502
51.22484688442509
94.28913953792156
-97.23376985664767
93.36813866352131
53.54441215949899
-46.94379600790801
39.40242839180752
-30.019950283278135
40.54772266505168
-10.11778145670823
66.54911853921928
-51.30239746878045
-73.43779210991474
-13.845749260952587
62.812588646081736
-5.157681174597116
-97.08951313806249
-78.99045061460268
-45.81506704321654
39.888665577473006
-26.57956506455183
-21.358335505665707
11.950823898689578
-82.47130094778683
-62.82832003384515
-77.74484805743867
-53.50473863181011
15.565340867013248
88.14456473923175
-95.47522448697083
47.639173367356875
-27.681059777513312
-73.1434170210455
-45.450011566491064
44.32675304946446
-44.732907520334585
-91.44943106042938
52.362826612524344
7.875565563205939
-69.21763957390775
5.299871456248326
84.67331709937685
28.894614206544702
14.029146045782738
-61.97963625409031
85.62701220025664
58.500241014975074
37.74847594855831
-6.3670328887905185
-83.6765656023237
-48.59391745642745
1.410883750678508
59.35081794611554
3.754763183318559
7.402363102166348
-66.72849142699212
-69.03725914350304
10.349058310496645
67.28296045418202
-82.1883745854948
-23.418268584184915
-53.70714290235299
69.93061619513915
-5.443895574737596
-97.9559878791036
17.111228708854725
32.055380575193595
54.06174889923753
75.58939939633177
30.62010168095304
29.82659020900161
88.11731532281269
58.94243446952859
-74.99776700419622
58.10090537941571
-14.423879340384318
-62.70380236863322
-76.18565422410204
-70.27899886347546
31.57295658557848
-28.122644475714665
-90.72501993410049
40.51934731980856
20.64442104206279
78.40696628885229
95.62159702516988
-55.9041150040569
97.31047762629049
-53.194413028321954
70.30353828725455
-49.643370335365255
27.26136198130405
-98.83774077252474
-36.34901129040551
-86.72434118078489
72.16110917105854
-88.35864227037894
-30.543412037953573
-48.20060451615553
-43.142048005454534
23.759704808379254
99.2656642545941
-6.609660963493781
45.437564490123265
-49.22331940501932
72.96710774501932
55.72407921355435
5.1057116166827115
-76.06550507478727
26.890779907953572
-51.19349340926054
15.819494218211688
-34.14422011951834
-54.73797560386971
-57.87565401086183
-70.25121396716455
-16.620608188080197
-82.77721817096409
90.0111419887416
-86.48693958311159
66.93377571586353
82.5795861443161
-56.29898939125078
0.7093238824649859
-61.573343157983615
16.270652636104458
-80.3422972533134
54.410748676875755
26.28760743535983
91.3258540020775
-0.12128172325087405
-4.037070270368076
-5.246993532755212
-7.164353690290781
25.243389758156837
32.088945296232026
46.39034760054929
52.506073863713965
45.069307555482624
93.7631499431395
-63.873076123911645
47.097364599899265
-52.37304252295463
35.80277499992792
-43.71587259406746
-52.59675688759198
64.312771380014
19.78545924045079
-54.081197658816606
-60.2351853342479
3.189786318938559
-16.97461872183254
58.11819255502749
-87.43742244870884
79.41004188976234
70.04745575735208
29.311554552644623
-74.52935556451845
-41.31482557659068
-3.838182287789877
-55.43600655093339
-4.039915094088855
1.3244556559683502
-5.423415988226623
-25.87151848572941
-28.765817879394334
-47.294971106645534
-29.111984638767964
39.64301732975423
34.04756399656199
-87.73711246049074
-24.23536860469862
-52.40118399211022
-84.0342070874538
60.276756411065236
61.690514988724516
-69.5590429219669
34.78446480348049
43.881359387707306
75.32415794766973
-61.67116375203605
-38.45809766794732
-57.149185446262486
-98.60334151892263
1.1286624605342865
-92.20034594119426
37.96316264994951
-44.66354623119966
11.959473417648937
46.705799960715524
52.66503739237285
-70.5792655601769
-52.492671459028095
36.75316290417061
-29.811495240306797
-0.5158513473203357
85.2576456653442
-13.105086225808037
-5.754198561059852
87.90809893443912
49.05831575166144
51.1145516037989
29.674071914220264
-70.4728822888387
-86.88484223967643
68.14745745981045
16.875081559388462
-41.96318985073943
-31.95022107900573
88.06353023107576
53.20404637507042
59.58371851778659
-82.80037841355674
-31.664561815057922
16.367497181276832
-83.4623709341393
-65.12428796427534
55.93153089893593
17.241760164351945
-5.5578531805592775
-20.600712008149813
-94.90774669774487
-61.48779264605571
-33.32896896974016
34.891329652588894
-52.2194197659494
-31.723282337360573
-19.834562402425476
41.50965875548664
12.316752283987384
12.092752764312436
68.98025495780448
86.37456097275486
38.67141226354968
57.67141108498225
52.75649800739967
-9.913539128373515
80.3249106370912
-50.25706182678989
97.61352080701869
2.4745733619052572
-90.45118418667191
94.17464969717014
21.516262002783364
5.741735217798478
8.456534840807308
-57.21075378443854
48.07852038023154
-13.74320690021446
-19.339998993906974
-27.350269781415108
94.09700511749577
-82.69437419875575
15.66440181209687
-40.853062764051984
82.24097314169396
-34.873831843101044
-79.8131402651496
17.38373259929162
-26.939823970969073
80.1526957276514
96.63210451511694
45.51532336257932
-23.93057522129868
-49.42438589471436
29.457848811098614
80.64966028088162
72.71748444214046
57.14892394417049
82.926782807015
-62.24099524896198
9.412058941718769
76.82982456855606
12.408414466209152
-96.7671254315474
16.476948084983007
4.340683033474917
50.83256716868817
87.83436458059322
93.76622492199922
54.55028620971555
68.52705689161124
-71.42420201439354
-92.95461949915548
-27.526904033391816
82.08371161447573
74.28288609957013
-76.48995699782068
84.05211918289604
9.643879461272604
88.381774835875
-4.549548441014679
-6.1832565441531955
-66.98141159567828
3.238329060038552
-25.445728245037543
-13.90738139407432
-53.001722579407314
57.18495696105285
51.22188137536571
-35.90887195946931
-10.493321677692464
23.52881614172999
-58.779781624008855
-44.161888783936675
-33.94108442672248
14.580625091215651
6.374044524375137
-13.90323019988773
-73.77743842557433
74.70188567462858
-15.380656358305174
-81.80178217891871
78.51582095007535
10.636521843579061
37.80407136279456
-84.53933180865411
-17.15128840129607
-21.60325675663711
71.85396743055554
-97.2012125556887
-31.72712716697437
-74.34476332098869
52.61284781794254
-45.50266276341341
-5.18044422487138
92.06147850452385
33.29376678693353
-86.70444053248178
69.62509402317946
56.2751259721264
76.49784209913062
-95.9308715317532
8.059958364187736
-23.307784621910344
57.94356938627493
99.06476436632184
32.06614136834892
-91.82419629384604
-32.1486949731359
66.75979477583937
-50.22876153434939
-33.68143801043986
-79.9850164351242
-95.89479275378989
32.127530997971974
-20.91801273456339
-56.399147312313744
-48.71773283257313
-6.546462229353224
23.762584847775685
-60.93012437036802
32.439018341104855
-78.40662873554254
-61.33676793182548
19.294568211626142
-6.313589318534142
74.41103794389244
47.734699593701976
61.37724292354335
-21.394075899011483
0.31234848158318584
-99.00515551285531
64.88052914202697
-14.11842317018477
-5.088775413034568
-13.143758085903485
-38.281058646182295
13.350072476375189
19.976929841552973
-31.30738378744624
87.75516787980234
70.4175262920721
-25.96622002914981
-63.222478177081534
-96.02991827405933
85.15548355264667
66.65486388541794
17.156044400132657
-64.8540217904331
-86.71447343928035
35.36076684107482
-64.90486058019692
-3.650511445414324
55.19767737944221
64.82944796106023
75.44270905095283
-7.751218812065332
68.24109498749905
-64.27682296742447
-28.810790059159032
-34.0535802434206
75.10045053157614
34.738775930871924
58.01719160894811
-47.27545107062656
-69.93886858113261
-76.12787022505125
-68.62344652147507
-0.7847558511427764
-64.56859648477631
-83.65165032961094
18.21836225379853
3.6867435041642267
18.838088189042466
-19.371262643791923
-15.86455588294848
-18.693229694767297
57.794489319080924
60.815207666320134
24.801673470660717
-58.63272939695483
52.4308837247865
-88.04064100123823
72.1497967334125
-70.57859822840638
-82.86452245717315
11.171588876105076
-11.38346406964726
0.25161445294499174
-25.748829806538737
78.83087378977405
-89.82196542507523
17.7495607908551
99.54571569003775
32.50852985068008
-73.72328058863235
96.62908530771259
-95.60712579640615
10.610867164427475
54.43260456191612
-84.47611814811187
-87.33468558388162
-90.14615100751739
-73.25409037147146
-34.87997569693037
-61.679302752558016
-64.04340019102246
76.790434262384
29.82312806099111
-47.362421975785466
21.70023856951798
-57.40339321722858
-36.711975831200846
1.1584802514043702
-56.46111254231565
40.72445440883928
-63.12064936239508
37.47463097671081
-54.53211257174626
91.24087604778092
42.130175866497524
45.1400358917864
-17.109722613683616
4.399754879539628
5.389162003504808
-35.12901828043039
99.71471156798276
28.7024284772356
-86.51730570391341
3.097661692777251
8.946116947316867
-24.064145711521334
-42.59592955068354
-61.54209831787052
-29.486710381688468
15.994190506010824
-47.149313943995196
-78.62119575391691
-70.05618503918816
-50.817296175674144
32.295891723224145
33.81566787630288
-21.33261624032619
29.363137505399692
-44.74034664808464
-18.458517026941635
39.63465941172794
36.3900962347447
-45.63332730118277
-53.15428089680356
23.961106627015354
-94.31878626506057
-78.5269963668702
-59.17614813125902
6.36594464641351
-25.91598808810707
70.50214210959618
13.96190297581714
-98.12908341176745
-88.28639277077492
55.74344323340313
-65.50873077163048
-41.79773757710472
15.060940744499035
-48.71118059685426
-96.67775594222718
45.564891252003434
71.96046917267037
75.24755231854064
5.633698918327767
41.40272465988858
39.7729159585422
-60.630562598356754
48.85021300245569
-11.310661094003763
-80.34864933702957
33.64626482489953
-5.541857999653033
40.09618514420413
88.19771127041253
90.19609915729342
-20.277410512399456
81.70649076776076
41.79098918150689
38.180022174703765
-3.26715334973548
-28.084126535456605
-38.53215271934622
80.52298561172282
-23.51141178560188
-42.52701778667725
6.625529222025861
77.14250555356179
-15.484642588680785
-98.04707322353406
76.07182816384693
68.62773143508193
-8.141790884578825
23.91986217021946
73.67779150432074
34.57561872273499
3.056042838394916
-27.731989064419068
-91.58106962185994
-90.68080874754314
-44.55600774742099
-98.7558165970572
