-74.01772840367053
28.58424803076474
89.21805338676819
-78.48881066180655
74.06413031151226
51.78071313649886
21.262082015414194
1.0040285349850535
-0.9678756530032757
93.67794206030888
-47.32940519037432
-11.170161570229965
-14.753142632612338
-76.19437579951031
53.96227596199873
46.43217699751
-59.207112752059544
52.51328872121104
63.5499542734716
93.09164135027626
8.38345683392268
59.49757429882695
57.25431137862418
36.51511946849703
-3.8367779957683155
-5.848948296580318
-79.65919208909476
-60.13935929183396
-92.72901258212588
29.44973723636977
69.84083623530734
47.41165470115507
-11.463424953053348
47.808490047042454
34.42071103385527
81.24457759258718
16.428415220376053
-3.4956022222962417
-85.60695267341032
58.08973554237363
92.61448213873015
-63.94157036017112
12.645121658024053
-22.301152463998548
33.49979469485726
-58.787202079164835
49.19698100368848
-18.173728972097123
80.076613286635
94.5356947475201
-19.874295420972828
55.114500338623515
-70.91036006957923
31.172296227729532
8.780286822739953
-57.12792839748515
-69.29295525443091
-84.57855023321011
-75.15601194030745
68.47550951293465
-23.08621915281259
-87.9882784420655
-75.24985551854883
34.99182884806842
-0.14938771931369388
-12.626200703002382
-8.689923976658463
94.81427123368286
-15.300698721317985
78.40157153968283
-24.210962708547456
0.963117563220095
-67.50999070877957
-85.09192896056055
-26.464981249265904
-43.67809159710507
-46.70686356253873
-47.68586575056237
88.54930156144695
-80.68986315492408
45.204659608607415
-78.93849492269744
-45.803999338854375
47.52957712844318
4.451819756154833
-41.566394780184424
-87.29621118519458
-5.356539569692131
53.161655406903634
49.936567516731174
-36.165673776827624
-77.88991474663499
-48.98299667518096
99.05794006199423
39.54578647740294
39.82389611379901
-83.3006268972079
18.122467957978643
24.48077903109413
-58.466219252808685
30.249230288975667
46.05051886774555
-63.193690612461516
-78.62416603305964
-45.7763550815093
5.6563630887968515
-88.80749358327651
-87.21588845431694
6.430472733860327
-90.08378544802412
0.623857420516714
97.34103672263376
63.82490521608011
82.17274600124415
-14.564692508180059
18.859819562939734
-65.12441174613788
11.098589216500116
67.49384074347574
-71.29212699559653
6.0074859216780965
31.323042432179676
3.26775458405713
-6.022208815805712
-33.93536882379122
10.351345599449104
-61.65538659832743
58.481205857994695
-60.57108025695834
3.34879534971779
-66.91368341509278
21.250016845184305
-47.6907276416545
85.99734529337303
32.161737078313934
-34.019236243548434
21.708927091507334
99.0106710306747
91.04477073746764
-27.853771745616342
-91.28436877115607
-71.44609908171837
-99.78229504788898
-68.6342046571445
4.813542424150313
76.43014981560364
-61.36498976843687
11.99531438232897
16.573766925253764
7.856552252108401
-61.54248029991767
-79.99102313622785
-75.29653044801144
6.037753272960899
-30.97094076579225
-35.78824155582474
19.728931755988825
-93.64647624787901
38.20690385050415
-10.694781817880965
-27.69465711811911
-28.15228960241805
-85.80499351122795
-93.9784148674719
-75.87972261657241
23.757893173071494
70.15051528378294
58.42851489373851
10.014725346715394
-1.3350822448819741
32.345622389120166
94.67097234147516
-41.21181041180364
-43.554298288494195
80.61203673240007
-64.93712668758577
15.018070614901006
-63.04798440578312
51.95970663770157
89.38396025922734
-32.200188333082195
-24.167268703951677
-73.56504256221943
-80.27196852640304
24.451688657629788
91.91610106058334
45.380262516413126
39.01090090709019
23.158388182756255
-97.37956071443857
63.3081061469521
-61.592205921183904
-94.83639759427676
42.69807494568175
-39.83298941838913
-70.76301446261004
88.37502431859753
63.667398451137586
26.35839239996905
-72.09408974604148
-22.12772631443103
40.783613174193874
42.3656278462787
-27.72618595164944
25.792479927601235
-82.08911640075631
90.70026906040184
-35.13223794982186
-14.486976839160832
15.215937204395644
7.597128335610833
-20.639920489124506
21.04929019454771
-56.183193848242865
74.66902161829302
-17.559176369648853
95.11787475144752
73.27949812726266
35.637288852852976
-37.218226507770666
-7.870944475559355
-72.62218802097082
43.85179359546194
-85.43923234048441
-10.336008184175085
-67.7097860828523
73.82880318620994
-27.28330491719217
76.0073996208312
5.000278894954022
91.48939905511085
81.25286325933413
-8.14878533128703
96.42253061199742
-48.07517010440978
-40.19001944611125
-53.92379181031095
67.75408603570435
-46.266361383560664
35.845095796346214
-30.94408297992406
-82.25064032611138
-79.05827587109948
-20.645535592417772
85.3528608936324
-75.3324370787341
-61.9811425670894
74.00530053646074
44.671243638011816
69.91025943830692
-76.2197900384514
-25.015833032121932
34.941359156359994
-47.82152032992257
-65.6752959167161
-97.3595939570583
51.17498632785836
28.86192375896175
52.252089831883296
33.15471194910515
-2.5074329302237715
57.85903164234975
36.31644723479863
-43.84143810188057
-92.69873712415104
-78.57883515096887
-15.783391096856974
10.90464241243545
-62.21505399796274
-18.937904075420377
58.13691799985597
-18.929995549036136
-22.021186168267022
-6.992235671330121
-12.090017956472934
-18.963014406219884
24.33907152694863
-63.1396885647022
-70.45457664208155
94.45083025213722
-94.78259246251494
84.02177931918641
59.2104307362973
20.129337533292784
20.892562509509617
-17.301490210943086
39.27400371611651
39.88450796849662
-12.333479556161137
7.062447302371737
-82.66961864134697
61.550211238303234
78.11571865623273
14.86613871599478
-68.49305219094298
-71.74041351883807
-18.580223864589158
-97.72149983058509
-21.22556891033227
-43.06824359740804
-51.94381421355487
29.773229950747094
-57.11640998766623
-74.89691230639608
-96.0645879380748
29.873699044881363
-26.001983468130717
-44.380451350917525
-8.363635289686087
-35.593124077838496
-29.552968317228135
-12.457084512447821
-50.83379459964448
43.786174473946915
-53.581751341953286
3.4908351841716865
-49.334410092337656
-18.18365436900406
-8.364432720843013
2.067282185322526
9.636045632991497
-47.5999653903707
66.88480590926247
90.3313442170467
-75.42341309170826
46.23556095101452
71.293586971134
84.8832193114045
-0.19002460959001155
-60.71425257236462
88.35100210343128
41.30968212645351
-35.58912479298044
71.45922416818786
56.80673405850595
97.3313458425699
-18.53924672279959
-13.646155358113958
24.89180683901084
99.02828062419451
-5.81588228919658
32.0445790471654
79.58481663155587
30.71803696539601
73.42718305500628
-54.295532040009185
24.63672723043892
-32.45682035675972
52.66608692132584
-41.13493961988968
-97.21150560056108
71.90271525313491
-8.532727203079602
40.56844105902354
-45.105829156780764
14.13820574881926
-37.4210044010652
-44.36902968381957
14.283694148840212
-9.969666163219955
-86.86356488698604
-89.60162464679415
-18.070181878582872
61.434184224881676
53.41551920408318
-73.00399842234722
-2.489816641780024
-66.59422724023263
-59.5961270418615
-46.61849868250896
-34.490505985349245
95.72316111319083
63.35757713951301
24.08855568419426
27.048108813916016
-18.354550289651343
-10.032228148169338
-55.645135885086546
59.40779454307338
24.75538322131294
-82.47430046114606
96.35681947387405
12.89328471561197
60.81627900298548
24.080319676522933
-28.286371502242417
-12.69916322991908
83.08308011780107
3.2331445811124553
25.234805627135046
69.12424699494309
56.02827046058107
-59.24197689806856
-92.44559105182728
-14.431500549781973
-27.690316302725165
23.213300124844196
-19.40814895083132
-94.80094774186922
78.48380156308485
-79.29417805870645
51.0048358858117
44.95847373127566
76.29354590766121
-35.03977246691845
72.26459616948887
10.527721137622265
-67.49007929455271
47.22604836111731
-63.827470306224534
47.182480430933055
-73.29910157022503
71.02776619936316
19.55576796515865
-73.29422102845385
-78.65796802919213
0.795304352226637
69.61988849605538
-1.999646622770797
69.15532242213803
5.026385594858283
10.568183797766366
53.21931460891034
85.53959890542305
-50.54275524499654
-97.39443479278135
25.580008979709362
12.746813540917287
62.89530800232234
-15.81522960816531
88.36158083401301
-19.478028205021843
14.709514161589297
-37.76935402440862
-81.78969738664388
-28.262450505946205
5.363274447357313
90.50927950517308
-20.196578202415935
-96.79886182297825
-56.964777677558565
-4.802333478047899
-91.36362606457891
21.747153834847836
89.1761798013678
-28.96565297832234
83.53585405313223
-22.54871780957184
35.241044631623254
-21.635963617738867
-5.531917366726219
65.7435609031728
21.70581978750093
-72.57091708959358
-14.114098487405897
57.72328685368467
-75.68563150142572
-84.63785579205711
-8.166441853722532
-45.736402454104265
47.848881407796625
94.66178132414535
-66.43190398294092
41.31538457586939
13.132042584224024
-82.30528376023337
46.85603041647994
6.435272657314201
-63.86761338852038
61.40759655683013
-74.13949755191953
-27.082998149010024
42.001191590807025
-66.69596548230632
3.4695303370252333
-77.24167924102738
-4.757829546680313
-0.3489556350348977
57.742380337677645
77.93063998839006
85.87406637333913
-50.022260616023
5.158925516957467
35.35618264220852
52.52231610421106
-78.02722871762218
52.86510887302481
-78.19698064429323
56.907319298723735
96.70304172229135
-68.69319511593991
-55.28111123730075
7.534694133179215
-91.68567686476771
-0.09833138656981077
-1.0598058140143252
-84.31267628425503
-89.91136825833861
-58.42153406802595
86.93413800714293
0.2498986225592148
84.9643847361234
62.532827987568425
14.252209812235577
-18.492358494416877
-5.2215562294077245
-52.41462181433854
17.907302345854447
34.3353738096495
72.0075410334423
68.38579730251496
-31.853962512370472
-0.3771590105630054
44.54095533250327
-53.15811240376367
76.36669003202451
69.78448933842955
62.04400167200512
98.16793918554583
-38.88347212524332
87.2254763854765
-64.76304633738445
-24.973838420746034
47.438422723861095
-97.88275527524226
-6.2278569641296
-51.389569189915775
-67.49766386082322
93.25917520369876
47.00385660819569
-53.6743001367747
-80.64685348111549
-28.414899034061136
-87.38192711241024
-40.723587629258716
-17.138018670640463
-94.73404791816571
-60.4652691175124
-42.42744559556577
-32.776944891229704
4.479652078517702
20.38893943411047
-19.90785517321339
68.38618850251288
-71.44008564945091
-42.69601510235239
12.703281386135785
-44.877876210078284
24.721656842945933
-0.1850050366468281
-79.78099989423893
35.65953698614541
-78.25293166851432
97.65603257593659
-14.132555307553574
-58.3431146180017
72.31263252009188
49.89193535877192
86.86344007807884
-82.38403695910873
69.67565695603255
38.775908566875586
-98.64742761831434
-61.43435306504483
33.94994939787668
-41.60796124445583
72.70209236792357
48.761219796353714
-47.68777497545871
81.26877314215562
61.16385591060424
-12.242900976457463
-74.08722991653683
-30.40605372813168
-23.84033092768722
-25.219531170712827
20.786496135475517
-35.90558051163303
-30.69016949317802
9.577334632030372
96.14990819512789
-74.45402207702577
-94.21475821027447
44.20612268748522
32.08670365819131
-13.461022283348598
15.42292602391339
-2.873195287149059
-58.35644109573881
59.687040414371666
-58.887063576663465
84.98436652053442
95.62000427122081
-77.61301125369647
-73.2066193294958
-16.45287452450333
28.432780567647967
-69.87981570161904
55.557137891175216
91.85932701614746
-10.899309743015422
-66.72985012410294
25.48137702554098
95.20677077490106
-31.93386276801047
55.048018240041074
49.588361716190064
21.53239508675948
91.77024954887577
49.6842775571952
59.561967245172184
-10.188222508004884
80.07667629172656
31.3827163792362
47.42786010222926
31.7873630203475
69.41939808276271
-81.86015107372367
-87.76691706704567
44.72673730839264
38.9581168507369
-80.06595934981658
73.57628066646265
-28.59801947667127
26.228050165237818
-85.78795925637574
-21.509303623514043
58.4376558267268
62.367917998769
-80.05355037969653
85.50049881198007
-62.404309186012675
67.1642962465111
-24.86720899560693
-76.35306661196132
-85.45370340748337
11.643224827622419
-73.2788268053354
-85.48141673464535
8.171771972419066
13.33981182004716
-9.057895871773681
57.728290389495044
-14.952956671815912
26.407972499089325
-71.87478756105068
-69.32075039202677
54.09816429977292
8.878018365067845
45.235426609581964
38.270378242027334
65.02976315656983
-55.61119119609992
81.01745339703811
7.666952065715861
-14.842170001374754
-87.36787463542808
-57.41481972744398
82.57085146494018
40.38489719002607
-96.63522703536505
-7.4907139797828535
51.18709225588972
0.9813389987143921
36.896216497760065
-15.65525301792394
-80.79251358529531
57.49111950404128
93.62352654691668
8.354703532338405
14.44454477215163
-30.647199550371695
56.60445895500155
96.47637050362104
-71.77259528963876
12.6641805803511
0.2459542729817059
-39.439894567028674
-47.98845676167795
75.31285615819073
86.06216751157547
-82.52285382881242
36.05965438449854
47.663073242630105
-54.402913786388126
-32.61408680162047
6.7274499845012485
70.02579305331454
-64.7549112489184
20.541303192319475
-92.96124947947617
43.163354923431314
10.55742468684251
19.14505320425097
-21.057999903381642
87.88273242228567
-20.186126991220902
30.742528610431407
-52.57632080995624
42.80683939870539
33.205160070423744
99.0763832803326
53.281363759936625
79.0487709372351
99.71575994419649
14.120995852035591
-53.18165651242812
-51.92969392504649
-67.51998887041364
91.18807591729288
63.98513971838199
-67.18151903913841
95.88524720360343
11.203302134337306
78.30072599576462
34.35126880551101
-46.4598120441581
-11.817133071512956
41.197559551284115
-52.79998684950182
20.148716704917888
-15.166758498566722
-81.42457809546156
-19.131003570244403
-2.965009477305898
-99.29183332764026
-21.97745802128385
-27.229193057071257
-15.51637135396986
-3.7533124730514373
-40.29966778660543
-76.99534537041693
-22.840540557800736
84.519876667935
-72.3706765761817
47.452550628355255
-74.46589196338505
5.333702735758777
54.17945146297484
-62.63071167686833
-25.857151011649762
5.301725061113132
-56.73488102595516
-27.682065932376986
-77.68288622764445
60.47169211245759
-74.8302822617988
-88.1694452194469
-91.72583633368205
10.974922288256181
68.09388882786965
8.483782572175542
-82.95097442564452
93.52024700867
68.10973834727642
-56.238715699373444
-56.691275686540706
48.53377819419495
98.85322721351471
7.847104409057465
21.488623971162582
-8.512535924592754
-14.199753696451012
22.79755736105811
52.569963795898445
48.89185207743827
36.33560023669176
42.92601391150069
-37.01522623988984
-31.3957704685548
8.671420591174424
-18.799164217864515
6.403098452649502
48.158120096853054
-11.130386473662
-56.45047783728421
-75.0778742065414
-83.90009580525572
-83.13456225217124
93.4649819150884
40.94019865447157
27.768889390776067
-66.4250814523472
60.48405946143157
40.251385746568474
59.90882217701099
60.13798423777277
61.95132298698772
-73.97667943653605
54.87575971691422
39.22016012765735
59.72915429900212
49.03471623976469
-63.286090959384445
-44.20357007920251
70.26341258426982
-46.30797188913651
71.96595036784908
99.49071811675503
-48.693535198337365
-29.171618522097134
-10.297911457173157
4.937727209806837
45.87458497286653
86.36854145103533
-43.874415963626845
-59.49431066048441
-35.71590361519182
9.536802263953021
-2.5233922962553805
-12.955163132924554
28.260212953149534
30.913830050205092
75.55232587545765
-4.364584943927952
-3.1531053248082515
-39.47105893740148
84.191722565742
26.869820740809175
88.51771156254091
14.911109701452403
-72.79740229824276
-81.78130072381715
95.14467938246679
-47.3795793743488
88.22679198303402
0.5417874207520441
-16.08001687624396
-59.859718649591784
95.38141959264465
-83.36931960804144
-29.708082451231775
54.64044716801513
-49.59137366047257
56.89652033575888
98.8719112810127
-96.91048879301015
2.6845247494855755
-24.36805587888867
29.728245883017223
-86.93125093149065
-25.350484491015308
-4.49770892431853
-6.843296860719491
-98.20166685888812
41.029752453868895
72.39615447754937
66.54675518293178
-44.99806976345191
31.493347330931158
27.823863565258804
5.022901596228664
0.5482378979328786
28.529205357633458
-25.29420347986691
-78.19614796559421
-14.27796429615158
-12.29459123222918
28.409749863971967
-10.694769264621002
-55.41640248048958
51.614620378656326
43.47112401481664
-88.84612527649105
65.30849884232305
-83.3069477728015
14.62508811510395
46.82746844171709
7.2877233820398
5.56787213152046
-27.07685103867054
-55.7356740557215
54.492790174450164
95.77948543715843
-94.95190771633462
59.31171655075548
-68.16193920880964
-14.792878892708217
19.06579807054625
37.303786990833004
98.13163259697964
86.20815935197271
6.417526184704414
57.159043824754974
72.62552876973564
-87.86470645122246
-24.058729187047987
7.497213794526061
15.473418132279008
-45.65267403810085
64.0025170747854
-77.92504914777146
30.327525759381416
-8.783793466554243
80.2487546245435
92.70324786550012
64.35101320421168
-29.789367523343586
-71.27116150335964
-20.265625994732048
-68.76492738483535
23.85678495848839
54.210476706100735
99.7310966419802
39.955679852490675
57.16415223166658
-29.30597841190729
71.91796922191654
-79.12409999699742
-98.23315537623807
-9.455496039374438
-55.34142383612435
1.2189602969138775
22.03169476512828
-44.3846156320024
-5.555081546090079
-65.28743324328228
-89.69683763549034
43.37036971274347
77.9391029573116
47.16984992288053
-52.515408902498216
-20.419092123650714
27.796430865862277
7.01193434302705
58.50798143379194
43.70605396522285
86.56495064412894
-11.428333190896396
-87.98766047293012
43.30029419409604
62.37655535955503
36.33044507022851
-63.82145046080796
20.39814003562941
40.205386393376926
26.967367023406325
35.76321148540862
-1.039524328535535
59.73247804129906
48.66398161517279
-14.56030370542824
-6.799250589058033
-60.35025172976209
28.38101274449093
-93.3204169534875
-13.305162781422354
-11.143535715952481
-32.760894030626446
23.335213777581032
71.21479961174177
8.933175047706058
69.57295223662248
-27.381596377045042
-64.95350049297006
-81.2183763724095
-48.91163823040778
-93.41882266130597
96.7984341682604
-50.970141472014355
-53.037166986756176
-40.187944985202996
32.34981103836532
-62.13270146171532
-65.35251364815484
82.09305354790678
-20.027669410917397
78.96929691502521
94.44281885654692
-32.79192756566995
-26.67142602838601
78.42887700485531
44.82695513436619
-31.590486563336455
48.578859131654895
-54.76862305583532
-69.79751879953218
-62.725555657418
-30.000374339113463
-0.7778158822597732
73.06338326743244
-47.62495574037886
-92.71728496784436
-26.608187092881977
59.861072591071576
96.74239981821418
14.71398455846142
-94.56693698017953
92.98841592896085
18.536777239567755
65.06535626420077
10.845325174180402
55.39835498966153
-98.73716080623475
39.165020851053896
-57.927673090201125
99.13421604987357
1.5349874443825655
40.71481668101464
-32.93628269615196
