14.073863026086173
26.108604521889262
-80.3040476125177
12.669941907175257
45.21414814895485
31.76677689927513
52.754911044159115
-23.626643549492982
94.27266309819825
-76.17678528989828
27.768549620668324
-17.855964180932943
16.379199042090264
-60.82307533903373
-62.27645217686815
70.92665280017286
50.54485653592067
-44.073348435578175
54.569954219281556
0.0014310636125713927
66.26069629779968
-98.20560093297853
98.7712985170414
78.20694059881023
-24.15280160621498
58.42412854318144
57.98380069216972
7.934400538667248
21.131175076700856
-55.71495212534796
-64.66969635854767
-50.726608041581535
-14.220994761936609
-72.57137725547656
-23.8295031906963
-78.14576020181778
6.712886055308175
66.14572647765934
49.44430312260084
27.15875284380253
-61.180485980421054
23.30572355380353
-3.2411371126349167
-21.344631676199114
73.1524514516008
8.88768388273671
57.20177653521341
-38.38582559383434
-88.79120988403298
-29.99004880098201
-63.20113997535297
-74.65977084512903
-63.48630830632984
-18.626891389365213
-61.731270809092265
48.355677309629584
-24.71206082779598
5.586378741813888
-83.90550789014281
98.66903818069369
66.14731539021366
-8.238158633147492
14.112040749956961
-15.904074831217471
-85.6730025900267
-22.16117757157356
-24.766651530840605
28.643813134286603
-68.62324915658644
-58.05235892078653
72.93700401750039
11.378360713104144
81.65357195790125
76.16228675748295
91.395704680358
44.118794008593994
-57.636679159353754
20.292832679325727
-42.31951360167345
-4.34681180422578
43.860563079679196
-25.887101215901936
65.92482884934813
12.692813653197163
-32.21063751916668
-16.105617651968913
86.87722774915036
-11.596074072820926
-94.69584221869856
31.58001229482042
-42.27888577874997
-9.037076872540297
-77.64173723829006
80.36091727259594
19.528860326439215
-29.728380984526396
53.13094398602115
-83.63745180907938
-23.319470156790317
95.4664464830091
21.273852972540098
64.18272716101194
-90.99551052350361
-61.922969010999516
-45.46182141556685
11.877827279412713
80.95735760985085
51.82334541668638
96.67204775367216
63.15457713961189
-6.240802089800425
61.46214916032443
-13.697139514606931
-76.18334974518052
10.050894819650694
34.0017848786174
-39.034962577455914
14.973258956774941
81.6804446127351
81.2288764659695
34.12078111721547
95.09293870538363
70.0485014439976
-57.7443361787193
38.989368803897975
-12.792890264715666
-44.18637588078216
32.76618672864652
-34.11582713350019
19.263022825558977
-34.37863538753972
73.96101564543193
-21.469946468697458
58.34009066059039
-57.87088820503345
28.760816334412254
-81.34787098876913
40.23569272214462
-64.17500658279731
-36.57999688904467
86.85741267677506
77.82133232445344
37.148237564236894
54.211494189941135
48.276107192796246
-5.535753383569201
-51.719377923354884
40.36802735248631
12.142476993587877
-95.15886559879347
-36.89115715076123
-46.40383470430396
-90.69327684310919
-42.2730249799514
-18.372875567659236
-9.873040397110017
63.80450376337413
-83.9787211531285
-97.74397596793918
-73.8498590515624
9.265110435807372
-20.932244298758533
-64.86126815937831
-71.92105533616724
71.01585215019708
-69.68210554952103
-0.006453024885288983
86.71858342063271
-3.146540997740715
74.3067785736088
-54.70142401065863
-73.79129929320554
58.8225387009858
66.28294293638356
80.94566708614798
84.73718606279257
-91.00401721542381
-47.49360317818165
78.10686217141662
-10.018317010204015
42.518254842953496
-49.5342488456882
-15.300445062900224
77.2288727821311
56.80765322713631
-9.079246414726967
-50.270649949442635
-44.47514349602009
-59.09443580363523
13.502722139721584
77.20357429264246
5.290888445640789
-37.24797163961675
-79.28251431012151
23.74937293732833
-74.76483209222526
-59.94827187676191
-90.37963185973035
39.515998322031095
-63.69120209888557
-2.4595104289999483
78.525614799273
-63.127293134840116
-39.3796666455841
98.20269569559963
-34.513047310599674
49.25239580219895
93.30608760482056
10.093013397019519
77.89792409384856
-14.622405645322218
-24.058710173393266
42.07356967754018
-22.811863882378262
-32.17033681216148
-46.46452285135554
-99.74650468008673
34.64624953151869
-31.43336543651978
99.82596147313964
15.419684171572158
-30.35617378255182
-73.96064081312088
-10.915673743627451
51.11895414438936
-39.67720849048766
20.580779646506727
-83.27327221668592
17.00003304224967
0.33614607503980665
-59.62592645180938
-83.08807311904485
10.21986100308115
74.54178193685627
90.90653389785425
39.69205259816977
-15.908077554506235
-14.678193526726787
36.53552128288172
30.98334813650615
-94.98657286643997
32.01277757597097
92.43632824540705
90.56473367846917
94.26461610323966
57.25746396934878
-27.191235673934827
-77.91465685554951
72.7500280936112
93.37002559223694
61.26297875636965
42.95929943479112
42.54666518452623
-77.9120875237072
26.274918808659237
-57.26567786745365
-52.59107718328384
-87.45660622401199
-46.48659061973077
61.85679083371349
42.20691089657896
19.22895495926778
95.05354905427953
56.61891834481935
-21.981100775769463
36.29028214571562
24.135409493583396
46.891657543780696
-36.24539223531702
-2.7136377086260097
-24.761044201535285
7.036061622830729
6.104059569142976
-99.85846990914646
38.498261747419605
-44.30964867192184
-20.071705810447256
57.1674616138653
51.22897630331025
36.43585922310001
62.205029182902734
95.63767493878123
95.2049785373558
59.8964797168324
-9.354670067799503
-3.351840645931617
38.081399853068916
12.91302829631229
69.14692745280692
58.05180612292989
-80.36381468357845
0.07615435350538746
12.818666492949433
-14.286065996921678
-39.5879116798763
33.617995003799365
21.44145209137824
30.759971736827225
44.07971961956082
-37.66211194714979
-61.32022740704106
65.34087627827833
-52.32921242022639
-79.56775210983453
-70.09049135795419
-46.227290019634125
-96.05736777692367
-66.63989500145595
6.79568238500255
98.98601290371599
-10.047724709562104
-1.2875697863318862
18.37230776929823
82.9381408470853
2.13181809979244
2.250029526630982
45.72034286685124
74.2034057913911
14.62797237903932
-89.47623500502466
5.123698350458156
99.12488699176015
34.48185152825329
90.1693831272662
-73.07663059343143
93.5129870152821
-4.186015477542952
18.545365003714707
-89.5511088333553
55.72801714164689
-79.13905417317393
46.38237939930727
5.486576218361236
-90.3338164384869
93.71831176669232
0.5222963169052974
56.34902290240316
73.87916443388093
-51.160341081507156
-74.94450956496041
-80.18223980484632
38.89356855037485
27.690245886654807
-73.21894383198095
33.748987346825544
-52.44113442545289
56.89161269127706
6.689884107848428
-84.63373587951013
-9.188737105423101
48.52799479080767
14.585029662360654
83.21877488222003
-85.743392852682
-31.311718405359358
-60.25890997413035
76.32665858608831
20.564903474119987
42.20460323706533
-11.112097699531631
80.16609720599911
-10.703355624310902
54.52118722300551
-24.301643961316998
-91.5951017951641
32.74765338339475
-13.979401036525246
25.313155843536634
-78.3701417285026
-65.66695382096168
99.65386794229687
-90.71940493294606
41.10723796002878
52.01646783750283
-53.863884472872314
84.69178631589443
-99.81524066016974
53.86294121298798
11.879626230633235
-57.03308969105563
-51.30215243361278
-12.273616352423147
-40.0914913395449
73.11447794955893
-31.023192702752
-11.531793462234234
-1.5423152677402925
18.531415972040463
93.87321191512251
-36.90422278511847
-69.83142922569294
-51.50079362541822
10.333276703192467
72.78220203109609
26.548674336681756
49.86028785295761
73.5478310611517
46.823448206260196
0.9619692287658381
-93.00210967686205
-34.464794022078294
26.24934333413779
-23.397454377751686
3.9718941139514925
33.354330594988056
-86.55520563405801
83.64547123666912
50.23082598065102
50.45780259143271
92.39775824328512
-82.27276038935756
48.66076912787102
76.06303648023766
-59.25688037379404
92.9121515482066
-57.208929770041216
-99.90781407329325
-69.52242510174749
-39.911698364972324
-39.42665074789085
65.3349257565215
-87.27965132250286
15.269048740563477
-95.30488472582925
-65.1090183001752
-30.83952523891638
35.11614564906475
49.83958909777775
6.170311223670154
58.89946068084001
41.753772734231205
73.75101253753107
-74.43610624141269
-87.30233007464285
-65.74536937739468
89.5632722401036
29.914675026752093
57.3496316588066
72.76577463108492
-73.89510999281856
5.809216909770498
-30.694629075996204
2.3560582016674374
-86.46018957182476
-22.104064277953356
-6.736970267294723
-68.54990652938858
-57.92089186194775
-34.33914969807826
-31.257873997483927
-10.717177079060122
35.858611908165386
-5.867670780545183
-10.68257237600345
-18.630599324927672
-48.92954102370262
-64.9098804183312
97.59115085723977
-40.96274738663877
17.367870805898093
93.69897046605956
29.792707406122304
46.12504926716946
-5.662529786907072
-56.551047797023
57.87529779544789
25.923343151693757
70.95874239032369
-90.78342769939725
59.69986310177575
78.9324546828135
-59.64275848186838
-83.70285862825122
83.71340058914492
-47.282833043827075
87.88699385800612
-24.055188182376213
73.93422285128304
97.83462594815998
-10.578728247670995
32.845084511094086
-66.99900921545225
-57.38056814072729
-40.32348207572882
90.19906943507652
48.18948402875105
51.29005841062991
-81.27454927800015
61.196851772315085
-91.31201617881896
92.00133719693198
29.81726404294136
46.92400755618394
13.842053483142465
-36.27840359969399
53.28394921968945
92.62620284522006
-15.680945554111503
-18.944623892121996
90.84561855446731
57.956483611933976
-22.626501853594334
-39.166809703735716
-62.16091726140982
66.93643744794565
-3.9577597395699087
63.84801761354049
56.12664974582336
-71.18313717150401
-18.53229871397879
43.54007121977355
5.799838741045434
19.418332700937896
-99.16862585266797
-95.24379880977463
45.60800993989719
-40.72516518579739
-39.989049274224776
21.807764916980247
81.41460703294499
43.90666605775269
-17.126059203646477
96.89668558777674
-86.26989895105459
36.71845314822201
22.020201214198337
1.676930698206064
-53.19326004553342
-33.841907596070556
-25.73083653761978
38.565519022855796
-58.159619227462464
-94.13439407201862
74.09448492433563
71.46130552499599
9.9614802323716
3.581571375647073
6.065463155254918
71.99901247102386
73.54937669815956
13.339660204924968
-71.91730990250313
-87.50124657462655
-12.994551675659324
90.56003354299597
64.34714151483928
-29.188278320791227
32.46112317589666
-12.727924608842727
74.73629481168427
9.654194672866396
73.63299723151056
-91.29625414248545
8.327505422235546
-39.13915044426921
95.74660937731076
12.461277580116104
-10.828957004447574
-34.726427039544035
40.72703492776628
-56.224754917410365
-80.63067229713761
20.344493394690105
21.328625556467912
-63.367877470283716
-7.653648072025376
-98.52664403732226
33.89082014586643
-76.64537134550808
3.682058188804376
25.253536687138123
73.31796915473495
-45.049618940241885
90.48716978162793
89.4690579165229
-84.9311106317916
-30.90586021108912
6.5372176734464205
22.85020132603907
31.34660792848061
-39.84590344602306
-52.77333504974915
-14.158505909015659
-54.146625509416154
-2.494302248656325
-37.40894096451146
53.48535968087998
57.71947591742807
2.7980120243625635
-39.79046112876918
-60.1145864024921
54.31895066921436
-61.42168869290045
75.63532495168892
91.48119593417249
-26.566322224037762
-37.20303362958066
90.12216334586986
-79.47542217740518
-39.34944502365112
-28.411611030308364
8.138945290993831
89.00026539576174
6.3374940816344605
11.966805107640809
24.78731148644573
-90.83857047186137
-92.83139793288042
37.21860015345155
-11.914919825790648
92.26715621794256
-63.8756897533705
1.488999883562883
98.84616046987625
48.553414776150504
-45.860358527495215
-66.25053148077691
67.12156182278565
-77.82794064649978
25.654850281722474
24.286769549549135
21.15666720268912
64.58942790857216
9.87473410015636
99.17156831923782
-41.37822724300775
47.53365420110168
-62.86327463443815
23.99417984079446
-40.53198195081025
-62.4750770497841
-51.3191806412805
-28.700135597594894
14.124790095884848
23.649105277596433
19.576553807779874
96.11321358415307
-99.87785087642477
-13.056848527030866
-17.145212441143087
-60.50889941310238
33.78797308316115
35.13329174087934
-70.33636417900189
97.02877194184993
-35.71874924641641
-64.0081740128052
55.92501830018236
94.20485605283699
-34.94356169402026
21.46115119345744
-31.446660927432447
39.952655111181684
-44.66955660182224
93.8309848971719
-13.434335698635877
-50.72044638767246
-9.753539708423801
-97.98402102123104
-27.234261800534227
-57.1121432877995
-67.67534973661373
20.919400611594426
-13.735035898481286
89.12340270848705
-43.9020787077812
-48.770487013825026
71.55497328420893
-56.99721043813491
41.53257866778023
-67.43690514380478
14.150771151943474
94.62557522696721
-4.716974165400842
33.186613576286476
53.68330456064473
-5.384222444052639
-32.37211739802679
-66.61270010825035
13.82891556208638
-58.329310704373015
27.82133467522337
-43.010102427271036
-37.336472717085954
-26.19201351838541
2.3458002365163395
80.61356927603447
27.685405832347413
95.74813689627388
-5.295860452215933
-24.496284269906113
-98.59029537137518
38.85516301778634
10.436113351803925
-32.77217350359214
-25.006600832258215
34.816823909252975
92.35228625918833
91.84727036344844
-50.601861088433296
6.205047802528441
47.85239354841542
-31.98534644330266
-73.02294087216687
22.757825139879316
-76.01742173069343
-37.59674180585688
31.126101752366367
-65.48035958358932
23.267410117097697
-26.774573805795995
27.798417902060194
87.08253923128439
11.675154172116265
-89.48654084134358
-20.982102305006634
-99.13781146946839
-41.930072923624515
-39.99011995540593
-1.1833097235395655
-12.23215603534804
53.54109008080678
85.49984422795697
-25.822036745051278
-27.498650978694485
5.795778426890209
-2.6324945766882877
18.317035316059076
-96.18470631961715
84.70899059835693
-14.457534317633275
3.396576416320613
32.71936853662632
85.20874044959871
-46.11355040760841
-12.663996088322364
-85.87625843791207
76.25618574267733
-45.70413092343466
-89.76884276850825
-66.75649636465172
-81.73287793910913
-51.10653537178498
25.655122708835407
-69.9662026896167
54.96821653833166
-45.1460051461007
30.649744151696638
17.142526092869616
-75.24491755167384
48.42530811829013
-77.053967821507
-50.2878090565996
25.498977556556042
92.5488706524531
-2.1474185689581873
77.6751005441854
-24.08374419763082
-32.36001473025007
-64.97426669127462
44.379454031061016
-99.03026081551818
-84.38304630433512
29.205547084280425
31.973631983677933
-65.76038457465148
-36.065546063928
28.040230852326232
63.9781378503709
22.080406344635193
18.324174458507827
-49.413336959876595
-16.08597972660621
-42.26995092669286
4.068048184868388
-21.087985341755783
-44.36179836905802
93.97663908043916
79.2448854366506
-31.458798116295043
-75.25164252206527
57.142001599641645
-73.50033928240343
-15.35617342719135
57.03204440199525
-60.19578084774546
92.4385900092916
14.026493197242715
-36.9772925654849
79.59231334418166
-7.587730247973283
3.0427768898403826
37.22793053168806
31.782960863014722
52.25380661627682
23.94649370190416
-58.110497100793545
-21.55089049502574
17.372796431775157
-91.68223598191301
-11.151942576559165
-96.88455775385445
-88.04833406495925
-94.08400201118738
-49.59716061240451
44.43513509378934
-85.29855901789463
-39.08944855343248
41.400621776006545
-86.01212427205962
-2.186021975794887
36.41506653930182
-68.32766414041538
-99.86425368366747
-99.93273612251063
12.772035617036195
91.43591188949239
98.40101156580502
-8.443273684498735
80.531750369805
-34.02984466868324
-67.78563083833458
-76.72846380645642
-63.643596561126394
-84.3625934796115
52.463046077110704
-26.75277265016871
-42.22169497617887
-54.35194258430547
23.179212346485414
40.22299023870917
62.916655020863345
2.232998702979799
-25.84263830466837
-93.94501255733346
86.98259805599596
-71.95209181054636
82.23422209992009
-29.5346724262493
-95.28793638880603
20.876332937628007
-54.56161870362068
72.50205988999753
90.16908559228563
12.895572092188985
60.92008427407251
5.882611744851189
-78.44906053408883
-30.704211875430403
86.01938932267294
-56.94891601481873
72.35757073702507
28.176445880132945
-9.302289649049953
11.232512350764807
21.451746219208758
-45.00655008406347
-99.0633255784104
12.548132688462573
-99.59241363961921
70.29035375314294
-81.15916639127205
87.28254022791384
65.01497026528301
49.14029228673121
-29.593982186757685
44.22528072259334
18.984959932750115
12.191457591138686
-50.19558743699481
-51.74402431215641
46.17926638131647
-7.6509718524598185
-31.341601483265407
39.650366897506984
-45.63425441534381
-5.763881305302803
-65.69540667179686
47.608616328260666
-74.52719963425551
-27.397415999176005
40.442080196586915
-52.0469560738811
62.409388462423465
-13.221666319695103
-88.70839988150512
-48.965217014455284
74.22059771664235
-19.82394540067878
53.596305747866154
-75.90159860597738
36.4736245000924
32.81298013736969
26.474933517678195
-9.08127584578952
-56.71401954242554
66.05071536353532
-34.658512406787366
-43.7410547260952
-12.13553513184415
46.87351063707547
72.31955305541206
-65.53309160912006
75.10393889473744
-28.13886289807597
28.60737938265231
-54.25049904907247
-51.99715981574214
-94.78462119900645
10.884856927719085
37.74473017163419
-13.807017811310502
-38.893888727513115
-57.390312194546645
-36.986556566670274
8.33721241834715
-64.73693494100993
-81.71712843188814
86.44096174733792
13.469567656810938
77.10798349888026
77.60015605061506
32.01389257406606
-0.08846780415893818
-92.45716640782942
70.28871499861725
26.50873019074031
0.3234522857894717
-26.33610142917233
-36.8957824556712
-40.016081809369
-34.51141253054328
-7.645448709756181
-60.309816045080986
76.57676117809396
64.50523241752444
84.54690570124808
-11.689994667561308
-32.14692432568842
-56.668219703156254
-55.205854081885384
77.64115710477174
-17.978521497152315
-92.08001820164648
91.30380831998565
97.3914379352305
64.52427180228361
28.042595680837564
-38.069234087508285
-65.28507804267142
-72.45601722185731
45.1499618371212
-18.932460045243076
-80.85308623678259
85.8345733751847
-29.722593770783746
8.70178837672944
71.82323406493072
20.708359730524734
-34.571587745173744
-36.99798658750488
9.067085292274669
15.253851339835904
33.10935977455324
92.03652305998321
-96.08680702881298
-65.20494603229417
-21.36200386409955
-30.721831875503696
34.95133889282107
-37.344085129811376
55.842874291259506
-75.13014932923024
42.70795976442804
-17.646990821947654
71.85162871227104
90.52418734130063
91.15370688885625
-27.51083983173271
53.94343585439529
74.51071753656078
-21.54932066157214
33.57652962071086
19.841544274009266
52.104795740763365
-65.31409329683024
26.63621751368352
31.94214271412372
98.24078945308355
-29.433835470472005
-26.2212886605069
48.25515480687582
53.69678822915009
-18.56494385669687
31.180309008496835
34.10210911302826
-21.22620838132451
-79.70982339071111
40.78496842901612
90.70487720572987
