-84.83720567582918
34.645258483645335
-85.88225092344976
-18.66326587752218
-9.653609613559965
-65.79354338453834
16.495408616982445
40.6549031440411
-59.610896049703975
56.00898506240287
-92.04909146401774
95.04718326151317
-77.4176159890169
-48.76749792840367
-70.37665503685136
41.473562727491185
50.40604294958996
-27.970900527381318
34.41254327357129
96.06176797937258
-56.660438461306505
85.74766710511926
12.961221241284605
15.519327232663642
-90.19619511296673
61.478177076228945
-61.99639205509815
96.42286072192812
-69.67463358820063
-32.37668274155159
-68.4454263875702
-30.791914639724837
-6.706899507858296
-67.12334592991343
92.45594494377787
31.590593203969718
-91.27422616608152
-29.94743935662389
16.683165658114092
-90.50820007372337
-28.62356902142784
-62.774776613840125
-73.53599203011312
13.202282286855208
84.72440971052524
30.325066876628398
-32.00042422029408
90.8152278874849
65.85308408088761
82.50977270323577
-35.594086220344565
40.88483143546296
28.362623966526655
66.1509372633385
39.00945701673632
33.36834746081951
73.46140025070332
-75.96641508491257
69.94895860845861
17.226297396339334
57.741719798728894
64.24296871923892
27.932729619492306
-11.75258629305651
57.92658393929594
-25.26696753332746
-21.308815595143898
17.87963610146413
-7.03038610406108
74.72215941360898
93.07886448755752
-75.03947064586501
25.90938540887339
-56.62053226635149
93.11633119283351
32.6546134347754
16.192405368095052
75.5246303626713
29.45370257619541
-82.68673448703352
-86.19496566666929
55.14777784305193
-36.80595513516065
12.146653061991898
-68.93553289946364
-53.2905052810908
-61.05222165789268
-65.90314446604697
-28.482991120372006
-15.03446443464047
-5.998312490935945
28.5211509029146
62.86202042021938
45.05365977045767
7.541943008367809
-42.98571921481597
22.46453679952313
60.67008694797772
56.63667241003242
-66.65314642824862
29.58530650019341
-52.18885463259368
-41.635884344699114
-89.42790620264647
-98.90470185142573
31.101006190197552
81.40839581685304
32.73230451876836
91.2402170408024
13.3005264744165
-43.30725038715349
-55.87084126976296
-65.22355810351095
0.571369581536004
-79.5909326719767
-34.16926987200097
68.88462590647455
-4.3321836918111245
-58.24526685291942
-56.30136965670902
-82.37689121997384
47.43226823541835
-35.22636311422404
-98.62826886653373
55.630275923771165
22.764456032806237
-20.794323996438806
65.40968620810403
42.33085195854716
-6.701642911177785
-96.83773516008394
-23.488989687396653
-48.2965951774764
28.84185631576321
-71.78661169303018
-50.15832773911657
47.67779066116063
27.285720144039388
83.98582826691717
51.34714154426101
-24.63841258119639
61.67830418917501
88.35054073472088
4.248478475152993
6.269739617852281
-49.53170491821388
-44.01160024909241
58.60116527786096
-23.65447541226726
77.24365003488086
97.50693166930924
-47.361848293762
62.36871047790453
-15.058040748989072
37.708614213603624
-58.41015014947446
90.6574475325732
89.49331683540967
-95.56700862009026
15.621072179271195
-90.15424736272189
-6.051796986966423
65.20808220245021
61.07463716067184
-73.64936391179657
32.923813003162195
59.55636039612787
-14.249550006207173
-65.07605413470112
49.318559644824006
91.11747422320718
56.50202466818686
38.35035432867599
-60.16529926654355
63.47134882266536
-27.65816663850258
-97.78111930960524
-85.37897593724806
-19.155165780762644
-89.73666518383072
-88.72881011403855
32.14714964057933
-20.701867741978376
-39.640348228276956
73.03840932198636
-95.53733917993867
-2.630091648007621
-50.29140848924081
67.64951571406453
87.35829344755558
68.88005295547819
44.27508052361887
-36.58047900057546
11.349013807913352
-84.14221710007163
55.69873681604912
-25.59222639770873
-79.77373638861529
-58.66093979036737
84.30549588201063
-30.784222499952875
80.16377176674246
-51.62832568819864
-0.029077230160368117
61.92476531503169
-62.10467695915551
29.801235944206724
78.49055019022487
-78.98437362841977
66.15882430238972
-66.08651069157487
-83.89191915590473
-83.14760426603296
57.495268634675654
97.5582440830552
-61.808627512781534
-24.952231749104442
50.84777838129989
88.61252276784498
-55.088641675225716
59.482621351397256
13.060066077221208
-87.77493862237478
38.30407767493509
-62.06171288374709
-26.77341536422115
-14.925954293203802
89.13154217152973
36.375462032168485
-84.17029596091533
-37.13947916224794
54.92439699269593
55.013113490344324
-65.3035675359472
-38.45699188307088
37.0294891591617
-53.04418978326482
75.77260349875661
-19.61688581077783
83.2240476415353
-67.28985346743988
26.703351640175143
79.21469972273945
93.23969259038876
-5.625219552132819
77.84749523247353
-18.833738743728475
11.551120254719251
-37.68444244994862
-51.93462183731585
24.973328248689782
-36.63266038776805
90.25879128588338
-59.41593618160628
-60.59154843834278
-82.03590082388686
-33.08876968768715
23.74435090146494
-56.30367465444972
-21.339028839112245
3.9354720870494333
85.43026312930161
-73.54849183661365
36.62466988658156
-5.14830323080615
61.40104583106444
-63.71141433685159
39.89264358632735
-59.84298721340655
-68.29488360030346
-16.343313031862763
-22.096871082431036
35.22690087712439
-48.810786052335665
-16.15915575621061
-94.08875848423209
-35.008911770197
-64.77703205052363
39.143507155415506
96.30230983577624
81.68228574843081
14.38407846172926
30.189865647757784
66.52690619207601
27.27844820235714
89.01260938007434
-4.557515590429631
19.184466785650883
-97.63720732492726
44.231598255162254
-34.67551257328776
-34.961733624328616
29.983687313912952
57.69847223662589
48.80446897551539
67.8575632593253
-25.64418968492548
-68.91761444120718
-77.86341799180012
84.07245617897075
81.21156520714646
-91.21615273812134
89.7103932081834
-26.814992789581822
18.049603596691256
-74.46852544634943
86.65953477795821
89.99153142767662
-84.56527267680781
-87.89453911837273
91.30703325015082
-24.715539661065563
23.561672315348474
-24.097419430934067
-81.15566627162403
89.66806941903633
70.03717202536492
39.66230558035005
31.984865455617637
-83.04634222557301
36.9352616851281
-5.429898505215775
13.24294560679516
-39.688215861653035
-69.76005573774835
-96.8623309030401
-6.437271262998621
41.30590523720866
61.53677107545741
60.37217584145128
68.95065578519993
11.596892439246062
72.02998529431795
99.31710174528519
-90.59090311907975
87.7960131045485
23.308253366164905
-25.267371745342885
-90.92716657624678
63.19024615040297
76.95574664164593
14.868309986672458
-75.32270975675235
-20.23007888694157
96.47480688348136
-34.80380761906834
22.766244789271298
-6.877439276921422
-1.4792565786064813
-71.88751534079552
-80.9847818099549
-83.36786268647667
22.628545563619113
-71.88477468051045
96.00613638289639
-89.72664862545928
35.83052820654379
-29.42359905370526
-52.82396160794664
40.78718327897997
82.39734914206463
-82.63293641778684
-45.40271227197166
44.47579764956879
-20.81125581931775
95.5049443395933
-2.8283725640912962
-34.54928669082284
-79.7123682234987
96.72549563937147
44.123301947900984
19.59389151336444
-93.67942959222748
28.117159498794678
69.35404739299437
-99.23838786225865
5.947431352808124
-21.02974159706126
-58.11154558121352
-20.616590528481836
-43.06982074150581
-56.350226184813465
-10.809251190452528
92.69572420083614
42.70828584272351
-19.856017513952963
7.175661078440413
-71.00942505699305
-33.759888304058805
-68.1277521739461
-4.336008976372767
3.078158234088278
-87.68939325708156
70.05561533330877
-32.90251897536804
5.9091130192030334
-27.1203155071522
20.447491765997697
-50.872925844867936
31.317151262342634
-8.935881889607657
59.60799801795201
86.47715804711481
6.098767920710827
-76.66379866836778
-13.377578619165462
40.37619598265266
-78.79953760721936
39.606176706078514
74.56792649863019
-76.12414772087237
57.650668304012584
2.930295129987286
25.767007649691465
-9.771079566887252
-83.56672041215825
-73.94243581948385
65.06215062786748
-15.851899936247833
53.080438573646006
2.058831294884314
-1.6826225594997197
-64.7722967516887
65.2242119378509
-61.914159206484484
-27.019476330118835
-71.22487295283241
-50.41615679171245
-43.23842961693369
3.518222372470902
9.39658719654713
-17.800676724837047
-20.703542623600185
-46.090201716092125
53.09032596679961
-88.86783178724751
91.36355496934308
7.8381566022700895
-77.33319977049607
-26.6315413055773
-39.55756210632799
94.72376054343633
53.16102542332416
-49.218924177476595
82.85157689008386
1.6834801076354609
-6.81287594137747
-11.54093357667685
-72.67746299404399
68.4313753998648
-71.47498591087309
85.42867273581919
-48.015363800672795
6.421297783398373
-41.6773391036179
93.4105224058197
-62.206867796912135
12.391168800716429
51.97261903143658
59.49389321584158
-30.488928186546133
-61.161784755031626
-91.18224817682916
-87.40316392179473
-85.44980017117896
-0.34719102844837835
17.45411984520733
-26.097034888674273
-61.408308047143166
26.67312964035588
48.00199387873732
24.597670510966168
-59.42644298826005
8.083980402049008
2.7297598689359717
-37.275040049947926
75.46327581761528
46.25334775996569
53.47766412157202
84.32300344267
36.11826582448387
67.42793595832757
-46.770470853562564
0.678133667243813
-54.38816792895926
-83.67219440038154
-57.528557752099395
43.90292313980919
-66.55125928341907
4.439694915257064
-80.5102591699557
-29.61228488606112
-75.65467711543796
35.14392210063221
-1.6424334888629488
-14.844721766742893
95.67808830719414
-59.88155547028278
-4.224416459609046
67.44511973352613
-30.63532163020892
-6.8621448808128775
-55.69176913300116
37.425178195890794
82.36622977270693
-6.900928942736925
27.166004652463883
-4.282079915512355
-46.975119966854216
32.5278909556115
-7.373264197528812
7.353357051358287
-55.50202884307021
-36.39632082789343
-23.118637708875497
84.96425698476295
-86.18516197512515
-75.3160212274649
-53.675449446751536
-27.465590748335458
3.5696984187534326
85.45290460570132
74.55220727171493
-90.57569445575777
-10.226457227286005
-0.6285886369217621
-85.18500958694366
42.97982701988823
79.65991089031107
-9.719504515906081
42.00686564077799
-20.551161006345822
13.026322357108896
-61.24777843817304
78.88914439492518
78.78679641433712
38.29675476804408
-1.3302368023866364
-62.01508634964499
-61.673000950225344
-79.59350603966946
-64.17591410612526
-79.78281794210625
81.40062392283318
84.80488185301562
95.46631618584186
16.988246975309053
-57.80159868723278
-22.33973776631879
-12.075659328169834
-61.356698211619396
-61.99771135366057
-63.94270852888149
76.79427806467066
69.75278666702945
-21.793921033677833
-82.58649449067268
90.67743145381891
-13.29212473971127
45.125964625996886
37.620322382575125
51.63026498493903
58.07390431841728
-77.16470516909362
-80.84901606969353
-80.89099362287476
-49.023708712344735
-17.15780265304258
-66.82028021593999
91.63558288844868
-99.0173749751383
-12.756783202886666
58.86072129812973
26.395973611149756
-15.754320863488445
56.34189067612971
-39.36227829687296
-22.043003515369946
-70.37979308098116
-1.932716377429415
92.4098823242858
-48.28494948154469
-81.6746758469229
-20.29212700259447
73.37548763910033
63.632080802808815
-78.93287981593748
-37.33534826056062
-62.83373807777694
-14.739092511624733
71.22184415001752
-8.019652846866478
-18.69680243825691
-14.19035257468839
33.16112786083204
-39.12842407118775
-10.05549807069221
90.47299686220046
50.58170922716411
13.807072933747662
-67.18792605093833
-55.52241247435721
-83.41089320223855
39.54325190316439
-38.553729560630366
-31.280144788464128
44.93267356687588
54.684466661855566
81.37242642835673
16.848747925062696
53.14898700122774
27.4321733988198
24.052751016631873
-93.64328218639115
49.997945068733344
-22.581099994892995
-41.476658512399744
71.06666097479399
-66.74142646879119
-45.160604343595125
-67.27974760689133
-67.38711410904092
95.25260247903532
51.7384096590863
-67.59505549710323
94.25357017660005
-60.67669071756727
-40.31438849540163
3.7328359714413892
35.53039308220366
-62.02334846939064
-72.26724640519694
59.09966567540076
34.07590004225983
-17.48840492788534
-37.98446924027867
-84.16852093804042
90.91848656756173
-0.4390844419930602
7.1020560397319485
-92.27756643944909
93.91342620649411
-19.546520500576705
42.601272466498244
43.255277589322645
94.03488529461222
-17.474252906541693
27.761922293080872
-37.621324461703544
-64.926421668193
-0.9156494927537153
-99.21135262036009
-96.62661638026799
-27.97799349104784
-9.7467037425224
48.891807883475735
5.548247620543819
-99.96771498230802
-65.90825571968372
-27.59002382666347
-74.59088147800814
2.4058805573114057
-21.182229971612585
79.77264993750879
30.397918432480168
-2.3694232429978683
29.76721299973545
20.616052247204394
-41.76310022491554
-13.086183232486604
-73.7854177933288
97.67300487477598
87.11348690358338
-40.08437845997908
5.007884858519887
-32.37706769809951
63.258401797983424
-20.916983091667035
-49.12438374313517
-37.61523253302643
51.21054202557312
3.8822481522030188
40.20830929529447
-1.7022311312086629
-5.787038569149658
-99.0343838926744
-44.50167401713854
-2.288336148429522
-12.862566627689318
-10.51307092967697
42.43774110566636
57.31622054190572
-74.46101001805232
-55.1867363499666
-9.85478665964466
3.76628238775713
86.33717641189358
96.10063763181603
-63.74499251308039
-91.74168867192107
-1.7411903432850124
-13.221419226724592
-83.66117262116299
-24.237463658907643
-47.653909519563854
0.7370201172207231
92.04778369747976
43.95721131753098
-5.029841268624665
14.331580866657163
20.869063279483655
-55.754891767135284
8.729695204685555
-40.45684481066915
-94.74528437848974
49.18124783523331
57.164894679005954
63.81491794105446
4.6191875886914175
81.56899129547918
-19.798186491579713
83.34003213095016
-65.48177513658513
-77.90800618413934
98.04473755055074
-63.50137168559746
-81.64559927080172
-24.728777023682852
-37.916879106872024
53.18216441892403
49.67906907425419
-34.46639229357737
55.31852520792424
82.97818669005699
71.27885280657506
89.66647830652971
27.831193056843944
97.7238683125357
-97.30150362264223
-70.9713534872469
-18.052016877419447
93.86994908201953
-92.51329779689247
-38.4912739715829
89.92460677722815
-23.482520576791146
-12.456894225424548
-52.14399009769537
15.523964450422795
-55.69789552030186
80.27957873050997
19.828476624234924
72.30954569084875
71.90850181391929
4.470623655177292
-96.21658197343844
31.03105790497466
68.73371833072821
-29.69027115026401
-94.08031302992694
48.41466884063013
4.121043237014476
98.0868841527404
77.50855490102697
38.92754153564641
-65.26779992583995
86.71200563153306
-70.39693004158957
29.42801321741274
-37.86292776557525
-57.08546935258918
78.2370301305248
-3.4825813451247143
-73.13524389502103
-48.40902738719941
-63.49001111139656
95.84606194595742
-6.715739717158286
-98.5744503850919
91.1186938637141
74.94805276561215
68.61541021768437
63.64841306004533
15.840735789691095
-92.80198177947905
26.88985886151265
50.56006481280491
98.2844149727079
-95.2793382635841
15.263189781592956
-17.050112861981944
-39.55207271057113
-10.089509917144497
-21.257400510195296
59.784602630846194
48.08742690981515
-19.441205486674434
-45.96710637612495
-80.33625619326692
-17.622854153632403
-96.54302392575164
78.99083036969938
35.90561083505614
-55.00790489742444
55.727808555541515
57.263460221364426
11.174472829226275
52.843679753648956
-66.38519345964173
-62.93302737433364
69.37756246029315
-62.34497155395229
-91.34446587073468
3.923131554671741
-77.25144649285119
-63.20967949932288
-42.53250299391376
-89.2400402353217
-18.96946075620683
-38.58555887119981
46.63469412301205
-52.2088869055511
-54.516182782779964
-55.09279800569891
64.13621032367027
-72.5426105478232
-46.498468589038524
27.258431560261414
-34.23593255538806
-64.84529756174173
92.43071661248706
9.107413718155044
43.314577227692695
-25.812521147926006
29.686042663168934
-79.15660536101161
47.41049498637278
-43.25929489665601
-37.493394954458424
19.7758164655377
55.22819138328646
-86.46467868408713
-63.22238224767241
-38.83924707295776
24.51155120512631
-91.99810298075941
-76.60817954117904
-24.75612696553395
45.27766611424627
88.90545268874604
-80.95861640304516
18.73223497453668
-5.142217714656795
75.18566485203289
-18.853320152712172
-16.797233964446363
2.5249379370176683
-25.84850196644291
-49.57494028694074
-53.2489294095241
4.276782221999255
-74.82206229151443
84.56321138987502
51.83590236020089
24.222244176474177
-15.010496409432676
93.33517980959527
-46.27208072569402
-39.11225820997579
24.564327028982774
38.69172006765814
65.03089853774924
39.61208330927545
-24.340590634743194
-42.490603408624985
-88.81919317535443
-47.32877800362616
43.88828669278297
-74.201332614773
4.857806108129779
84.44130735385494
-33.01862767196333
70.54886329446606
-32.54912222482619
-7.664069730349837
-4.692722895894221
-36.81000021765328
30.737810187932013
-21.042625127916963
-59.76684601821838
82.90904771668315
-98.56100140688713
78.12257931716692
-53.3634791255164
72.80712129783018
-51.31210685985634
-75.43381668222736
-87.43187811414631
13.862118772109298
59.3860512986914
-34.600820952601666
78.3182416742489
-94.86717596460454
-31.00191551158143
19.26517431152743
45.762472981473366
-9.229170345536986
-56.66295385276734
31.171734359031433
-92.9078040255093
15.460443455778346
-48.705408260920805
52.155186892249304
17.896937726576297
2.149199810073597
16.018042220153745
69.00884708616252
-17.42093584699562
95.1776000558207
62.02041623875988
1.2672861633460997
-8.10266105291933
72.35743939336518
-56.91572218488514
0.5379022275153744
-8.063472713078966
10.141683594495404
19.47413359942398
-97.68046479049279
18.048785766162823
98.50984024169654
58.46191080548277
-44.94996784493597
-10.73599482902003
83.87339937730223
-10.271673412499723
48.39285819244631
-48.897976239018014
-44.70173285896717
24.727607027732006
61.845488214260655
87.82603634428426
-54.622471062760525
52.682172853680555
87.11311315489357
60.013841658451526
84.48787875973784
49.06507844170903
39.61134628650808
-14.751318006670246
-76.30599244119063
30.670496446027983
70.4088430379739
53.10624401205811
-22.09310710496561
38.21926969427679
-52.34887006487965
-7.69611270069646
-56.01291368849459
50.80007470313066
50.22390190983842
-14.977602703274997
-26.178670360613538
8.94568666463276
-58.57294713441736
-51.057512599336974
-3.5002616370517927
88.71129420452687
54.47479950590423
-13.313421759058258
-99.62621425539682
46.6526191466337
-63.39781398663147
-84.4499338279748
14.638660356877082
14.631173794728852
-82.3606222837897
43.521937975498986
0.17051837620189758
-29.210212623891337
-57.93380513783575
41.14155823181872
89.50040254737118
-62.10859570366247
-40.68232284022004
-99.09559713573015
48.5850957858689
23.58302075048269
-96.59942164064115
90.4681083500196
-36.7316293703134
23.83181156545689
-63.165273710992764
-55.15909786878686
-78.06957023735222
-44.312906541938645
86.22127692601842
-94.87812746384445
94.8016313150394
-84.86822339360268
