67.55410906946253
86.94446299426104
-22.500493713149552
-11.11539217219351
-22.942675401990243
35.448684867953574
-27.144855201865468
-75.5359268435519
9.82424920013132
70.10103581050399
-46.972926255652126
-37.15886438097162
-42.23880324504938
67.44030222139247
-69.85336092944159
52.673953128568684
27.875061174721537
-53.75308383221762
-93.29219930039794
82.21684643713601
-59.122976115944034
64.12329306285838
71.37680584469831
-80.26431031772982
78.1366890696059
-18.687824485171262
-38.51619699396753
3.078925142317374
22.015650778034043
-32.095224760890815
-13.03893922284658
69.44779290427039
66.58135986190501
36.2908571677751
94.20172035984046
-57.8556684671443
71.63591513608407
-29.26257802399401
-17.50304455256233
-93.23249114712789
54.93318775381189
-43.021079813175575
-85.13442248448013
-66.97932165648508
52.158949630988275
-60.95183127660122
15.053865610514222
-75.31947117180597
94.28961441520417
-7.720998395930167
-32.37729851491788
-53.49119800104481
49.82461755612218
-99.24206185015265
60.185482030179486
-58.11019650117133
-0.5684699257800503
-69.0713925833202
-82.93697276184749
-10.583364177123002
5.617358319188924
-86.40406505513616
-29.10418061977748
44.791285604070765
-59.07555297513301
-87.2828914912109
55.28183222341366
18.530181939280027
-22.08116074567998
43.393272950972346
49.76499137267675
-7.112520951831328
-87.28147274987168
-86.81850920763429
82.35981415231501
-96.22838314964159
-79.5580960453264
-26.055194676775685
66.02549315536638
-9.000211015966045
-67.87584144201107
75.76233166280792
-68.2716259089249
-74.05582253491525
-13.792924398126516
-38.96872660939381
56.801687018813084
-77.6967876569894
-62.88558241227544
0.6049360078469732
-74.32747826739612
-35.03310397262223
-88.20113945635609
-71.66896051905387
-78.61054711786059
43.60505111700462
-9.89018854730746
45.15444224936962
99.35270684561203
2.9953600340911777
-15.732677223928064
0.7807357071440748
-76.09818762136874
47.11922494405286
96.49487892222513
4.308461925687695
-29.58676197454797
23.483141423487822
-99.76970974260291
-32.22530553847878
-4.937058301753666
-33.62243204322104
98.60750308430016
99.93224861998098
25.2578924771409
5.566655091334269
58.73683565133379
89.45152106462459
91.1179791641789
10.01471502779519
47.61354171846398
-54.96024263493491
-18.83450858341162
16.541712999367448
-94.33256343853849
-28.112515208295633
-99.3435978232865
-5.896356549039922
11.852834747968615
6.086110249612986
32.50194988872747
-57.04404707759636
-6.540065119202424
-39.2812620012428
-40.786693188795155
-25.593023138791153
73.08062122487325
89.30653941225586
-95.98598431768805
-92.55035100998403
-48.896367560396946
82.94517202566584
8.263872739814772
84.78075465395219
-20.471749437490217
85.732538733838
-89.66476219134556
-72.68479788253985
-47.904229949660525
-55.44148033450887
15.095193501553396
41.405922191541066
30.39129178331538
70.56345044960815
93.02986777876356
-16.84876299618665
61.00092311198057
50.348758428473786
-95.11666878549896
-79.86766849137098
-97.89688915696495
88.87386279579138
-64.73705752273173
93.76266159776847
-41.495765676858134
-19.44403905804117
-15.702086504291415
-68.00330974089181
-69.82661811906527
48.67608641844262
-40.26069593337984
-76.76820704349763
89.68520628771563
49.60727858685067
-83.027823511868
-83.40062046655537
54.32341792011172
49.08402440451255
-9.01284944081408
-20.387830508463225
55.20352602205617
-30.38386430835793
-54.01143711859924
70.76556422662503
2.5116947683289794
1.72674898318337
50.1246791423215
87.95650744847089
14.579314815931355
-77.79143172955496
62.33363215076264
-18.75882520924783
95.85458461961485
50.79423013251804
-48.099157364053504
-21.656424059355743
-36.830492486325525
56.32591933132383
42.46861119475756
-61.47901881859508
-0.9927304082254125
84.27612297670203
43.39471445410089
29.799362650216807
85.30893883983148
61.54100528635564
65.37282189658836
38.50760392969366
55.90962196289831
25.735673063858172
-86.05832590062548
-39.46246159354434
-51.01562953811669
-44.73873170517842
-15.324232768989248
-13.189365750637364
-3.67515295029051
-12.224048740073016
-38.00611094664457
-45.66573044600635
29.318282461991913
-42.50561502153158
-67.38388039703294
38.551946504036636
-35.23779718534644
78.31947429541461
81.90433220676542
-17.434786126698043
7.963532070946172
-25.30289273628324
-92.58938334979823
-33.08533587340459
-45.85026365462617
74.39363385791631
-8.639970837625398
-83.96254399119974
97.43667062742446
-20.674309902411665
35.444124683354204
-6.418300592127849
-71.54207051492858
99.70846241054997
-36.75025759967097
18.394915489413762
-90.97613437842931
-61.612564061080356
-26.920995471619904
89.61378902233145
-61.92324803604441
0.13835302265903238
-43.023159325310026
88.28678286816793
26.980485968240075
39.72525788349216
-39.73287088581836
74.41661067165103
-69.98508980570502
-56.756070454240046
-24.223109233278905
15.702351198189916
45.987143850483164
71.76296946460087
-87.23945363556503
54.41985804808215
83.72514597097947
69.52887704202024
60.15326103777977
-33.51443881083031
-49.59542473597853
10.127350849081324
-50.760589778143306
-81.06767217419963
22.858014102890706
50.98593152230032
69.45588662405692
-96.73375507342608
92.01092014777555
31.3508430930562
-33.50112359967122
10.619126030813362
-50.48516475370464
99.14346598799489
-29.44497807979134
91.93685263826825
-96.37097681538303
-85.55235676776502
10.835565954964423
89.13827226104743
-6.170013555683411
-58.654605308489
-35.76459340148976
-50.54164797419409
77.41344955529982
94.00341727401656
-42.91969638182693
-19.00878782510631
60.69494595087329
-76.55548644077666
-75.55858576396899
46.24829926771159
-42.57728133228833
94.35819723357801
69.44510056940675
43.02193086958292
-89.54962883592862
55.62852874304457
12.473115492842155
-96.12335039236397
99.75586762052566
23.13410159119151
-83.57531664936167
99.51744649625226
63.70868644273938
-14.691482000364047
61.41985816422664
20.999802646460125
-51.597800047813024
-49.90844595757209
-72.08041002288302
19.713961646042506
37.74079463748393
19.896505221167132
-22.146146941809832
3.0403283785081214
-23.135152367514337
69.60637595234962
84.48349979991482
30.526298504154482
-79.85578743937015
-75.75798948062445
-96.32402165584088
71.87818406158198
88.76621671154331
-16.256068529663125
3.9604644504121325
-95.42041412963039
-30.130373140009056
-58.13981764015135
-26.20775013708527
71.70446901818977
38.860124646146375
-1.5729708653294097
38.67081108970868
-4.581760330147262
57.449811779663946
-74.12883202449878
-97.1333942535658
-14.991045338797448
85.35586630455657
41.62203482462098
37.95014188995066
-79.741742631973
15.336496191154822
36.92136540514855
70.20009859786157
16.072428373999756
-30.194600311474858
80.93771016326735
-44.062144236772546
52.72860972875091
21.32810046343083
-29.299207384571105
-84.41702746745707
-35.11571581094802
54.045001800934045
17.599817960067597
44.77170081433647
12.299462433142722
-32.64864006672438
-47.949361935787515
49.59183884251138
-1.7437016758158563
46.928390562502955
4.1561067287083375
-48.05144411821867
40.31546203742528
10.881727703028872
-45.26877036234536
-87.69379362255599
82.36493054386287
-73.8398406111549
-88.51280405213848
-12.438835506753222
-19.450558056685338
-82.74782799475169
-44.95499662204008
88.4474149643817
-97.43029589292166
11.68584497731078
-28.33453122876935
98.6726999332046
-48.14711271915573
-2.982947097664308
-58.361603875972335
78.58796394119832
41.536755385378314
11.19766589106679
-60.836538098139094
-41.907779037860784
67.50920705823341
42.59703409694512
-90.18314113519558
-56.69696132931603
54.70223387849086
-79.69583144204948
98.12799295575394
-94.99424564219451
-37.492171164911085
-91.64089970987486
-16.574983335810487
4.3793302028870045
-57.49588533113237
-85.18783051682956
-78.14153558475408
94.62015066475064
-0.18491939836226834
-2.660097171055952
96.2851268979459
50.06103959056972
66.18946526326673
-30.365789346130924
31.151560746585176
12.292991167710284
-31.20995272366511
98.96792747009874
51.13268669604497
-4.911457413016237
6.259854163787892
16.11422949624432
86.01923259125664
68.08908746065305
46.84140470800236
86.34654295427956
94.79609039839485
-73.65639208588502
-98.07543731220282
17.279206406589537
0.6168392636450193
74.10593913804826
45.51827755097506
-49.730626229349895
-32.11516383131267
-63.0031319109736
36.94763804839559
-27.828031623167377
12.256770741221374
43.71275308560038
-82.2689479846486
60.71710939306885
-13.292991152248973
95.28402272782552
-73.37963696803857
93.7493305415731
70.59677162794424
-76.80694071566646
-16.83862214013712
-53.945589704553655
59.29258614851051
83.26655570505613
30.0899114634893
10.40222469206833
-57.23301405420529
-81.63121250322388
-90.64148254424873
-73.97832769411974
-28.14568543845222
57.2008823306455
71.22323569697008
-10.203536941596255
-18.699126690984897
-41.94027580187749
86.20471107459664
-43.457940011973676
54.768247864463916
-9.385228745558209
29.020831518199998
-7.652025120023723
-22.1243038342795
19.76941267433409
25.13167262584652
60.178617303155875
45.93729620711758
-87.39469928140922
25.83169155644663
-83.47123163221748
27.089233206443126
94.30755278262558
16.58433657851795
45.71016528027312
-36.839524056114215
22.004269476899992
-59.53694246716304
-34.87002857886287
-6.4649979670266475
-48.7550532435139
33.402329534613045
-81.99400925163071
-32.367085959377334
72.1316328469091
-8.170518260849406
-4.2532066287391785
-41.56879846014376
-78.87139697929973
-90.54573887245667
-57.0695454755894
65.54109298761412
-23.656030572084234
22.65698679243289
-15.642229361704878
26.83451797660581
8.946431738110562
-19.562105108483664
-31.464040395889327
16.019610589671274
18.108527940018718
-31.450904654369708
-71.32186879896851
64.96703629474294
44.92315316338028
-11.398909720526547
-10.858048445786196
7.326314159009328
-6.107532163209143
-80.24637772116259
56.470072294740305
-72.82163564701406
-66.85450551916969
98.66120140679215
81.60935644071941
-79.85072703679384
-59.6439525308804
-1.544915092254982
-98.08823838609702
-14.137348539598605
-25.884860114014856
96.88470533228895
-47.525165603569604
-41.049867725807275
-51.12835929409654
-16.80447655936544
85.91124770435746
-83.89815117898591
66.20875419232831
-26.23072190350635
69.09734832902069
84.32119800992902
80.11882014306022
-36.851245890196616
-56.40982515796706
94.58394603169387
-88.65660126589971
-31.880607448987504
1.6310968446739338
80.01232793855002
22.637830979593403
-25.450186060781903
13.541467316299887
-34.73385832158111
-99.8094696045569
-73.61391505769528
46.626665125020196
-59.56316956790921
5.211181523104031
93.07155990383626
-97.57397768231209
-34.01632540046245
-2.7057178064167573
-30.593767584959267
1.829835599604877
-46.95008853512918
21.150644998347275
41.136677729563985
-39.885244295339504
81.19917728456124
-74.84364406392372
39.6022048165903
22.74717712532552
74.36689947015867
-31.528313975496587
-40.92445399957909
-71.5117448881103
-31.89833072696915
-78.05218518700907
2.8910131221678625
68.25228798863344
77.82026952738374
34.38642994735349
-29.21330464556131
-66.88010086517343
74.10112526093187
-49.710440514991895
62.6324742922275
-65.27991300957281
-98.30897114388286
-33.79432180707036
-98.94672025374037
-52.48883231780268
47.45839757912404
19.05371833211433
82.95169580971682
-86.1120091293146
-44.0484013130779
-36.44535286894348
88.06558802039052
30.56594739026238
-38.202293047126304
-83.21621545863236
-18.872658356024957
66.95477320829235
-68.43605730288724
-62.89698293561472
24.536282190093473
-38.58938342069727
-19.605900650706815
78.95949282667081
-39.52801649240472
94.55203610791818
-88.63209220804337
15.908882286130122
-52.268736042676565
33.73303217323425
-30.42726773039253
-54.86645335352704
45.21265640966712
-57.64941836385389
46.80746818362357
-35.18456104615531
46.52753504194004
44.349682406726885
-37.394366368974374
28.05951137687717
-96.86089499840233
-52.74087435063277
-71.18255864289556
66.54211172399667
46.576587728189224
-8.052686168287309
90.56020878538425
-18.574852338054583
1.402292823947306
6.376385426080418
97.12107835286113
-24.979236715721754
86.13537934868774
81.90113436514216
-99.1682215612282
35.56442382175166
10.419193409620803
-28.07045589279697
22.749781136108922
-81.36245045843606
-25.364694529911674
45.53754270768678
-3.783405513757245
-30.435219339465363
-2.4628777952679286
-46.528467190825
88.14209906173977
-53.97140996314413
-60.45273899695016
55.11806815671048
81.17935775007052
43.984780241162895
-56.10559525343082
-0.786046443608754
19.32942208481252
49.896006829564016
98.14674531502033
5.558628642083988
-27.48625215707139
-41.071518469249234
-1.3102486037035845
75.96194155102543
82.82241039101595
-13.800667060903876
83.24101647401216
36.115416069155344
-40.648121293257766
-6.199943987835766
69.87454948960644
8.339852395380689
-14.74007895310767
71.11872480518025
37.52860557243892
-73.73561956429614
30.079919060339876
40.502514051126184
-18.712183909184034
-28.500513375648822
-60.93329750437633
-66.05556575180609
-29.15469029946047
-80.94041422402678
72.97639395464591
22.53870166994392
-49.92782219199818
40.963293247456306
-65.70376540528741
-86.59963064785101
-17.97723914535723
-70.45708283552568
23.48105873042266
-87.97807822983611
19.329789923404036
-21.029052207254523
-29.90254056190716
-24.640331599318614
5.709863998215937
-95.02976969406123
-92.33254007204475
-82.65381947499482
93.21342700049942
73.12716856631673
-53.31635382654625
-59.7749040367382
-44.145569878207084
60.61306820723976
-49.750503079348874
-78.80475898517439
3.930378720184464
88.8967773460044
-29.8962800625838
80.85377389755081
-95.62978304758897
-86.82221549718916
28.148981852726905
88.93211284375857
-93.48342796179105
31.248144161131307
92.86301566058214
83.56999787083151
0.7676864367553833
-60.52733630684155
-93.66386650865266
-57.82046634370308
-10.369884923904252
28.73997786680684
-53.90163566757342
-59.77971171038197
67.05265888038949
49.04046856001614
-28.77339769289999
74.51978674069798
-41.60500124397393
-16.178227515475086
56.722683541854565
-66.24336927032972
-15.09666965746925
-46.30572809014644
-57.3639838455738
75.10079926443782
95.80422140415138
25.719870728893838
22.63832945715565
-10.21183743738257
-37.40969094927624
24.419852753511393
-13.69826503338156
-75.25265248732025
-44.45884978664989
-2.155114998166539
-15.744525040760138
32.62237494904062
-20.473123489709664
6.677966936398477
38.16256615125522
41.26822070133625
-97.6016644525036
-91.42776067241269
70.23156971284016
-99.99595195743555
52.867632043809465
93.21123306530149
-42.302927391973036
-32.890483752335925
-38.047585064244686
94.02348691433039
29.5051300747719
-67.19165037050512
50.84105592350457
-96.25448181366856
-63.19926834328744
87.86611086480764
17.869090002910653
41.16242459585277
86.39804185156771
1.319343399477745
-46.52278398292997
-27.595632448938815
-51.051196654096856
51.242077624637886
-67.23495923764287
11.611784919895229
9.30270339493238
82.00637091715879
88.41436018962574
74.43702474676559
17.995988941968804
87.3778201535066
4.5125543489789095
-25.85426218951558
-76.96520524068777
8.873802684741847
-9.341510154367555
60.310974278053635
-24.534801178650525
-45.996080521018825
60.93818783464059
-17.798163389356475
86.1147826826531
61.479907337355
35.292771763365636
25.561988441481986
-71.09878714915112
-19.068994713438443
-91.7317705416092
-47.518666303316095
-21.694178970620825
16.84905812732211
76.79181190928739
-86.61275134701812
-74.17647741276303
-8.353064517009884
96.04177989682711
77.11516762847319
89.40429485231724
42.22625378036349
23.184165493243853
77.49522160339791
-78.58033653005374
90.26264617436061
57.72573549856344
-41.75024836162922
-32.837077397686215
-32.55268468766812
-2.933481748518261
22.694826069143502
22.862640817655617
-94.10036327004579
52.43333814503495
-61.331903807136314
-20.524231552023593
37.35074778572911
64.47633199962064
64.80812886317972
43.90712034733076
93.22386061434801
-23.67544160231283
-76.37741530115906
81.8081765357243
-23.25661217643345
-90.79910489553615
8.642518822344329
-97.66798583310808
-93.24294764723827
-92.15978168902232
98.11842374053873
-82.15223146521603
-32.90296739119259
-79.67581705025133
85.28003016621074
85.55095322554317
-90.99215655002888
46.57807078049643
0.8631030973974134
95.75946431927031
-68.3866086731332
-91.79394532908091
-44.62908004148971
67.38547776017447
84.82114814452808
64.33542908444912
-72.28518740580681
-53.873695119678764
24.6547026127173
60.1793272126429
69.84777752008395
-71.71283519183686
-41.65250944139065
-56.514565344775306
27.845492847085012
8.857572537766558
77.4477783081183
-17.88851236079583
82.95272712476665
-86.73801954792486
-16.553261756849807
-37.87699363223111
-2.179974494177614
-8.43799139518427
-49.151210200634374
39.01273563750652
-5.673699725225362
-40.134492121405984
-78.87426067716237
81.85243604629756
45.26945227937483
-54.26974690515767
-34.159861914380656
-71.0456716843687
-63.42673898413109
7.298277013910422
39.23907627086217
-4.564789490462488
80.9113849316889
-9.156953246736421
88.84303781218418
-52.605748671931195
-87.55364281053647
-92.34090150031994
-9.77840809230186
53.22417570337234
-92.96129100718704
5.9567722272037145
35.70704290480751
-86.87789693273973
78.0963280269371
85.22440858991135
-70.67701034323136
7.329201566057918
72.01759436625258
-74.28436934202824
4.704676068279127
71.14513831181475
-77.26171614973111
4.626812245709559
62.23782201790999
-85.36745753945729
-24.442348466758872
30.545735820208193
-74.08957225037058
-43.83854886431544
-94.19101851061652
-84.12161105637051
-46.99074465005029
21.29533953113605
74.8084617261944
-26.14250091828785
8.216004601515564
-12.018625195049054
14.833614713640799
-52.96780313594529
71.33092968766843
-57.75697131036313
-21.396122797537245
-67.77925731394868
-74.27822540331199
23.634014087802285
27.75515884387832
71.47454246501437
-74.70493102608614
-17.18692341976653
-96.85484153771084
59.909819575456424
51.21889668696957
98.53374925692472
55.30860022467496
-66.72085122352749
44.47830965838642
10.710802294207738
54.68419041120319
-22.296287258986098
-5.9305381343133945
-9.51525193432181
76.86718421068704
-42.781739070557755
-35.0585114717217
79.15150939048172
47.836965828887884
94.76305009756388
91.87471470891421
52.07324608580467
-44.567376189050954
67.63236101842071
86.24937506512168
61.34628505065746
51.11034435344655
-48.43678188059819
-43.79219544339104
-94.02718202686027
88.74993252655264
56.99478244722479
22.786348228399817
-96.42340749716868
75.80609598484779
35.45626529732701
-71.5144874259226
64.94973046813797
-79.21362548797212
78.14042848702044
90.95958698213153
-61.24582693251703
-93.33183446783706
74.19075153661464
-69.31070946658
3.772114088304292
-62.34757333856344
-33.15748457665815
-46.7216498946204
69.02954176610021
