-62.72945699979851
28.927931613896476
-73.75352684684083
-70.67920552263863
-85.14340760741747
31.02455998633681
20.46414996982608
-1.6979272175981777
49.12635038838525
21.359970148834734
-36.768761814908935
-6.717674736271988
68.68620469923772
-85.45386489904412
40.03429300155079
-54.98727756416146
53.16700177948485
-13.525894251719109
15.129391382576813
-13.366950180859519
-22.286428281988364
58.16372274507478
47.15704785475526
-59.24345228564365
-79.59618753808712
-42.722138258418596
-40.90679543680322
-20.386690034672455
-31.186470529569448
-0.27738891128097976
-73.9190846236514
41.42602491486588
-56.773250605902746
11.1183150212387
31.004050230137466
-17.63936977975294
-88.97132323971336
-18.044238390360576
33.58431830684546
36.657153791741536
-73.31243951344841
7.5855752623993595
-84.12075938902683
87.01574377635882
70.18189167010817
-25.7722599105459
9.003503973896159
0.6085697343918781
-75.69102503038528
36.04403967229271
81.84641226896619
-21.4290757625989
-38.6274064976178
-96.91898857001684
64.28674508727684
11.893533843376986
-97.93337647778961
17.62584289479581
-32.144098214532434
78.08557996472172
20.315237356215874
-79.59426263976796
-20.069589091633006
-16.87745683798245
-48.06573536508816
-58.41215960884853
9.180604068531096
-9.64843330137721
82.8065357575536
-53.628800015339586
32.81096421211686
26.398725652603176
64.76844613256628
22.684960921187553
97.07211973472846
45.605609072322096
64.48306126593312
93.6005450290362
46.537842180771065
-73.0677012268055
79.32957803838372
21.068570270579983
77.03557491368477
-93.90605576372874
-50.42920712464276
-65.15333077140505
43.5316221845668
66.88391395630984
-56.61546071878845
79.41527767092973
48.867051746356566
59.35098500904999
-70.07628835564378
-36.589146133301355
50.51121759617362
-71.91049273225667
-68.32950054213464
50.938169648195725
-39.89458372187285
-71.51594662418054
12.858854288774936
27.57441624425529
15.454618425583135
82.97583434975098
36.070013943268236
-82.57632612265917
-21.522820194176816
25.601487804298827
-87.02079987398335
-5.797806978468458
-80.05993479186107
-19.07696999501512
27.14349640459615
-21.89844697452024
-70.06263856074673
-18.576797701833314
-18.66485047802375
-25.04497427554844
96.2112833519771
-20.742019406652062
69.72142864429898
75.41550501112727
-47.895469140017056
46.413275250222
57.856184085238766
77.53357239719861
27.63446491978212
96.7063738338033
73.078869632139
-87.18874286700247
-13.17416824947908
-5.3497393107150515
80.36306617651576
50.13023162514452
-68.67917452321456
11.00345205947302
81.10716879714826
-59.09918144560991
-50.54765270178563
-57.24910162466521
-94.31624074814115
-96.42030378912779
-67.67513834074515
14.922778743777513
-61.27976184095401
-15.608691614626238
85.52583694477883
23.455427795278098
-90.80083148100383
96.93579591149592
-9.14349040818388
91.31101106272831
74.62923807189173
-44.57611141594342
85.17296367260977
-12.817065830460521
81.75923675556933
-87.30409202874061
-85.91194185762564
-45.77155624835187
-26.080977697664153
-71.12766238167589
10.054431856405131
-32.82119771141858
-46.94269514868055
58.4516825336336
91.8883311866673
33.93349501139545
-55.35185756582401
37.17963167049504
-50.41310768071789
-0.3411808845789892
55.95273582657231
89.32942092355475
-38.0510366888418
-14.794127567085354
9.176015550753007
-6.0350048125231694
34.59431302229942
-2.7571391364272273
28.156675953867193
11.890315737753298
7.67300442865762
-48.53855483406584
91.51558808864036
-58.26749772321922
60.43413232021311
-96.57650455249858
-12.172115752306254
-84.35633172044707
-89.38449629003853
-75.57524114014502
67.56718972800095
45.23044629373359
2.7828661942975685
58.59121835344638
91.26863943979217
59.80998687079261
10.153510228938202
16.994549176739483
13.692065733081279
5.242834514437206
-75.7754367277908
21.643991825511733
68.73952846967316
68.95632257600889
33.64635404016698
-59.79740570788217
-0.2972569102285547
-70.638169132035
78.52027739426995
-4.788307395679681
-65.24814014327553
42.409868853981294
-65.85656474928905
-52.033329372894514
14.773860659472376
-12.24388606749693
40.411028660291265
-24.63086868474211
2.384508288004497
45.27046636016425
-65.56222273786214
56.66085096977176
-89.44885981444514
-41.95987489664639
-43.137258020452094
-33.19889339350348
80.20092715152637
-30.707145083973145
-27.50196154123634
-95.8869505143289
42.356405347580704
8.560099165115446
-55.52585671941157
-51.593708225753865
87.66246053224515
-7.141951555915398
81.53470026315111
-23.559796973911773
20.732514081083295
17.021265004727823
-48.014061353614615
-94.24992427155512
-58.21604522980075
45.94860748782418
-15.12226093059678
-73.32742663972351
-90.98718485351552
-44.95967110390235
75.40235701241923
-62.76049178482741
-60.074331912648994
72.84223159567131
-59.720436381838795
-14.156753426562531
-60.22812050089135
-99.21300517346481
-6.213070881337487
-70.23714005472641
44.248459725786006
-36.33413642358179
64.20346648495007
-67.60431581719
98.14084852011382
-67.38301227572221
-16.9189557414485
10.500273393470081
49.54711782558675
-92.5947538231347
19.11368001650466
46.077752098584654
69.57086668669578
2.6387553614799657
-95.71970008158497
-64.1388082839118
-52.28647916390277
45.97266978538852
-10.554563355569144
71.6782906743847
89.55932438156017
-54.8045838098193
90.52349634824702
-20.11784154362475
48.966125642105794
-25.073836915655363
-95.5685516462665
-47.38183388586863
-73.91636900083705
74.06788241504458
-13.375056568153767
41.30772395517687
-98.82350612613742
74.7956887863237
86.1553252694001
34.4774102756532
-29.651118050058443
75.13765885196057
50.88969124332564
75.87872594487467
-50.8688046310414
-0.024688703167825565
97.40942788567168
43.06580062524199
64.51213156385955
65.43488477712742
71.61375157731274
6.694334311257833
-42.81207114195762
68.02680045059489
70.75305175656564
-50.78330515931633
-49.720411366957194
54.74418646283223
-21.1536239702657
76.51921818852091
22.288492519785194
-86.28849439746577
38.60606351216788
-4.687324485766879
-18.133885860242714
-99.14583204279876
81.4482093736737
-5.157083486263588
88.04339699393552
59.56690274445424
56.24847646701966
-62.67289722443075
55.76989551094508
-0.8358924953810032
96.14714178764342
28.0234025445792
-88.2548091563267
87.10538443730601
-87.66611389779955
97.23661830475595
58.50652038121248
8.58156583014437
94.72431014639818
19.93705009223845
4.069288747845093
60.761107277231446
81.78646208401216
73.34749770857547
-56.536576847239495
3.734726506005188
55.68642908258886
7.65475199284333
52.012681183832996
63.88597461556424
-44.423072033804644
-54.99342185221421
24.914523712684186
23.223081864052176
3.0806777818903868
-94.51838648901425
1.8873800290764962
29.29414228235828
-94.46776225066098
51.65126553791018
-11.921498629718258
-79.73433424608227
-16.189556626517756
-63.12624662652859
-21.98821030808182
-41.22614549963173
58.51403136754561
-41.65405637694521
47.93612242095554
15.67742161025707
-16.389540097814177
-22.16119277606498
42.91396639040636
-87.12217928137365
45.99832345181795
-58.662798436388485
78.55487428430621
-88.95315164614044
57.06858368021247
75.50522574364115
82.90951026499977
-19.37307197450697
-70.90652351248035
-96.2596685209268
76.07020475689271
-29.32201487022577
-9.082778056968579
-16.150417521086766
16.71305234342435
99.77450098384855
86.51021643885966
-53.09394968182553
95.34575726086067
-83.66523284015553
10.645694851084215
-42.660031848685456
98.65812713903364
-6.847600885662402
-65.38425982415181
-95.37287721962939
-35.65472073994435
-97.21787166694278
-3.722841458326201
65.58624453660744
75.67875764910221
24.955331413146027
-56.386556463007324
-42.41442258968468
-26.771047311455035
-93.24100146276533
36.54198947394897
-54.1455133918959
-35.402289784664646
-36.94044100905478
77.54033055967818
6.286066112986546
59.8135677032524
82.75879299664473
62.52572771625316
82.74070012508028
47.1936018333586
-9.86173551984632
50.414122198173004
-6.744725641052412
-35.91378957517162
45.302176684018576
75.69379963319363
-78.08852334165496
-44.21104736874284
69.88575623550847
59.543431037544565
-55.7909777682676
98.8596257845688
-73.27327955777203
15.253987381876598
26.671601907375646
-89.15542701118993
-35.32947589409335
14.046378184171559
-22.029813634450377
99.46892471515915
45.84413743824186
-3.271125214660529
-49.04320962699351
-23.089119663541908
-93.59265749020491
-50.77682604218996
37.97538817778923
47.35940896222286
41.84229419452595
-37.92726030563658
11.544768477322293
-76.52854355221717
-67.74921305375628
0.3783384212850791
72.97877102376063
77.21209956495409
94.23105652703293
-28.015148423541532
-96.15073552989242
-60.54845488035034
-45.14746320714382
-85.18093879406928
-73.3449897180368
-73.32913643779375
-33.589234692071116
-60.69371510407504
-70.50595569600145
45.71673300864333
22.332189548823408
16.4541593875622
25.134095429193408
33.93232393610373
-76.57098453052475
-96.32416782213467
-79.36051491415898
94.76025394752705
17.72616193388663
-37.48932042454107
76.43011138601378
40.11916495354083
-21.3686082838814
-45.5055919795508
6.102502291490211
-72.89045665332338
-44.574709116806744
99.80292758624117
45.40772063988777
-49.50280205027617
-29.11607033422399
-15.165050984438167
74.02834937418157
75.81041177901912
-89.05495912388012
6.382278189073304
95.00796172150655
97.15789260413516
69.93391997212467
-8.624362136081771
-10.096461520234243
84.7998362079714
-35.35069341739985
4.744100143101065
-87.37047665718237
-21.92832802219047
-61.80007200474154
-2.206131796597944
0.27312727273734083
-85.46935793513927
-61.08923438040137
-94.82059572482785
4.753352937773968
56.55655375359257
-66.6905496945549
66.53060654971378
79.92893158929414
61.72545040219134
41.23143070528394
94.65408108236502
-1.2073985878811442
0.3391601045060497
-20.915284300007016
-67.4982338933903
26.55490118744177
-85.47825191069964
-46.94900211067123
-96.7601026915977
26.67435042746355
-10.05103669135265
81.66307584145693
10.910882364323896
-34.028871285263634
-64.79852484262263
10.946904063863343
21.215426554679055
-81.84775193963523
0.9529180870399045
27.92245464486902
75.82074513223682
-61.70189014327161
35.690684001098816
-27.96602681015112
-94.43411415366
94.69967544393873
-29.03929120078803
56.906714548392046
13.633553213699784
13.299579410998348
-88.23300185615236
-49.26230497935349
79.49874509872296
14.399576035570888
-6.937994395719045
-97.04950829538346
54.02286565765917
62.40157527405893
-20.23486137174193
3.6849597275910924
87.80237068242954
28.499320531058515
78.94654289948929
-41.864194833452515
85.57313589415332
68.48802587539754
38.16119946078811
25.578409983251518
24.69801054626926
-7.41423275190958
-90.71999012530438
-78.37049536052623
36.58686892815945
58.70023577502275
-45.9909469040916
55.021230029732436
57.90685075288067
-49.056255030078155
-53.45131680389685
67.33938967111172
-17.544969472658067
-31.78478868715007
-75.35558807975839
-43.17548062757628
-35.79985257344789
-79.19064714434374
-57.995765951739145
11.981150340730437
-52.75315823814901
-18.860278083063918
-21.338835715447075
34.86829102953541
-65.09892413545208
-50.799006157447394
-25.886616289352403
39.7155492458524
-60.96439411845036
35.66702068170335
77.08794376620028
14.271160333420326
48.77217334962128
-82.67200363987604
-56.215255783804864
-6.376183988752928
55.25224556449734
-51.44813313122023
-10.81616081101231
78.14022034265969
19.761472693613484
-86.25811015194753
15.219597465486913
-79.639952208746
-24.999118093961286
68.19980322844626
-31.400984713153733
33.6373733086603
71.03687184481768
72.25976715297878
-78.74419548195138
-23.122593921187146
92.19512356557956
-61.51326984170527
33.90660052149963
40.30756175756528
-66.58440207159214
31.416991750637038
-52.450571562097736
-67.102083169367
88.44956425972751
33.038373488791876
84.99409450670561
7.570890400906819
-62.38249049323377
-7.118497684374574
-95.87659134771003
-54.76097119853416
-43.77939627862346
68.67998382257011
18.74822817028617
-34.2552875331867
-24.736955932867772
-82.0897233587878
63.0092603060848
99.57063890870157
87.90736957986184
-25.5878578979424
-61.35253322415579
-77.39611929007569
-75.21877888148789
-3.089261085359979
87.6315323203132
-58.09335828711652
-18.66679912514431
27.867250093456093
-69.77347912928732
-72.95242878073383
85.40196048097667
-70.63112536471807
19.61362419394696
42.252070743993244
78.6818503075294
-39.232406520204144
2.34727397815999
82.63034240831414
-90.7943635051913
38.893222282281215
42.695588016197036
21.604874868023643
-84.12213423787738
87.62949415029357
-79.09637757475971
84.43443294643123
12.244237550883241
-51.632520645215926
-20.521718515407585
62.100501455350496
-94.23691608797435
-10.434887079638685
34.17131803783951
-16.156806287211296
-38.27346107325482
-87.0155869701442
-69.65294191111073
16.3732298211946
80.30520309897179
23.955236103749883
-40.64111113521858
15.351019431599596
91.577159198414
-14.217291323145062
76.01098043145518
6.870519231083222
11.410475880271463
76.0694635144016
-81.4472346367811
-39.4427515703875
-60.74733807023398
60.947902253226005
91.62315202744767
70.72613280102053
-15.52650594816889
-5.453699392708813
56.3571243330004
-34.259507478620804
-73.04241401272881
3.6353108516935038
64.01971808565042
-31.493630762368795
-79.36854534409949
79.23327201610923
94.08085653698188
89.14138494483538
90.95872719716346
37.73086895124095
35.99815149071395
52.22794930435256
-38.67775733097212
-40.79667964190281
17.511914440631784
-27.09859432152855
-92.42554337845081
83.73304690909305
-59.58118919631645
-63.337280783472934
-19.45987204021229
88.7833865840563
77.8430844911012
38.13803225647408
-30.18599432544393
-74.60784601486583
24.878630347349514
17.806330478695557
-28.77815331180895
-86.89039871879132
-11.942678990577704
56.23573000209399
-3.1404270664519487
-80.80988617174276
7.919704370962137
83.71482788169678
-98.50515849070436
-17.484571093859074
37.69134262081556
46.90510810377461
-33.81608654584424
-16.013786830828664
9.669948590501946
62.59412967412166
-19.255323863921888
3.436065196347954
45.18007460015835
11.169498107406014
-84.46017513524532
47.089753136849254
-29.40373752278748
36.27181813199459
44.45954111749373
-3.3097695486165293
3.5710263790467422
-8.311675358789856
-52.394524861183434
18.695064608480365
81.42716420492172
14.172086848260108
8.000745148900194
40.99817822707976
72.10189768635072
-75.37811203369462
54.03603934998637
-14.092701376806403
-6.978363019746041
10.313900059122957
-63.10994680798918
82.32279648883986
-64.44200601265155
0.5203754628583965
95.25752781573112
-25.764068665430557
99.32969965094671
12.420548417743987
-12.773742823124849
-41.70399640078462
-89.29200726748878
33.09455052237945
84.27445852465277
79.56986208546272
22.55580569515412
24.86538512554064
71.22767811508527
-21.562490503993104
-69.28442125064413
98.6059723601918
24.532893271159708
94.20516670852396
-73.29113706222009
18.21434459477915
24.326900942794566
-44.54143106582513
81.69826304292403
-88.3211939269747
-8.48518822630993
63.52129061935793
-1.3550482952248615
6.209006257863777
-67.10866792313968
10.75586535136948
-18.606654331329423
38.92183900693058
-3.4714496399331267
4.241768853317112
-40.110378804283144
78.82059869774955
-9.28286998460004
84.51267408015073
96.64348862249562
90.72866075331149
63.469162402486916
-16.739179113456643
-34.452567449953776
2.1376335026198774
27.382823592963007
19.564780173615844
45.332714913676
22.87609016302609
36.669765863061826
-75.53359590260978
99.20926874671059
56.75530569468205
-7.025697507669008
4.7668323873798215
48.470027036155415
12.828301420705273
-28.456682990893796
-35.47229129327749
80.82786046019973
66.93591753619424
-43.92611046279165
-7.703144766387297
-83.75934026775201
77.69388479118348
39.21228925027145
93.27965993912159
-9.456394040296942
86.11667658930293
-90.03726059090039
52.95842990113843
-38.5490431810924
20.349421905316035
41.90449770491924
-36.23049001262435
-30.25702461978817
97.49304356987719
58.67511153523324
-19.45603641594029
-55.68216467696614
61.64748729751989
-0.6766521960417862
56.70431245870623
44.722542128678384
21.40237746244422
-2.0070428497477337
-25.486779020258865
66.32742740732633
-39.38268430647738
42.77035829274226
-39.23801154437827
77.75406801477743
17.071951381797092
-41.44404949805616
-59.41213067615936
11.646636712239555
-7.23744453831452
-54.96887363350809
17.44382925243218
73.8343045667514
-29.863984300863436
-66.2503827229206
4.352240373175604
-62.16575954357468
24.332730557940096
50.153566461070454
58.75786482016258
13.75942782439678
-33.915298459895425
20.867334960232526
-25.26073062071916
-58.13724599527645
64.51700197310188
-25.90636800956389
-46.62810851162887
36.59411138660957
35.028924082115054
8.279835119374468
-56.38459748859424
6.548570842085155
-1.2258572941717318
70.35774027491934
-82.24688988619404
-91.80395556306013
30.851844229883483
80.50269140483687
-93.27210347169822
-5.827586939065242
-32.36331235076587
5.285559432212011
-64.54675371086003
-8.341168579802272
74.67610189130073
-67.48641374609511
45.690668633956705
-32.36642164249062
-88.4076261590153
49.65780675681279
-40.33001197797341
-15.642637138050503
95.17597953754745
-16.125070378166967
15.727147454955201
-73.6628434222597
64.53068866843694
-45.01218349223017
-53.2740804650722
-82.76463405020296
70.94224627721562
84.63454226331746
60.95825398758211
99.6624759097742
-47.346430458930364
-62.59888439013843
-54.09547352394601
-54.92103797579468
29.53521872960613
-91.71468197794688
-12.555483071918758
-53.702023774797624
85.47489888484972
-15.680570512190457
61.433479189275374
81.02256270662039
66.59494105090755
-93.54630243005997
9.744300303519935
79.95493616312464
-95.55170529823174
61.60369484127645
15.794883281766417
-94.7922489554094
71.30499516199257
73.12087908129394
64.77753279623585
-5.258009156979398
95.51358418107068
-50.16195512494801
-58.2699321229442
-41.432289521046606
-25.38304955908511
75.0816750581703
-86.20547990466885
71.13941527901167
47.09086639672387
70.13238639383596
-25.09076975339522
11.95165966512836
35.56011454939886
-10.21010470660056
-42.184304550194796
-99.95090650502149
-69.18342366079095
22.522397780003175
-83.29506057909977
69.37405013345807
-91.76820068672507
49.260342428263414
82.93241921575029
-21.103940388110942
-43.85079480572869
22.59219921673126
92.41712277992053
40.878999639061874
69.02370757731651
-8.114228169277467
-60.13956356965997
-66.71924625238061
42.08369729214135
-45.33858982707848
4.626602405670923
-60.47514806858838
-71.07673212309061
-98.56341813980312
-27.128391300266813
-36.600266891608825
-12.184476833501279
-37.88906064440798
-85.24136577465278
47.98794085538745
-62.98631651166069
56.778347574660614
76.4104841780547
15.86555477068761
-15.788743571073496
-83.03763892673383
-25.716136476530124
