-34.843849703448896
-27.807011539076683
87.38237405782917
29.511350068562933
94.37152059303506
89.16901757096508
-89.56938604893693
42.01635991675178
-99.50903602653291
65.71451060030319
5.967292496839434
67.22475747153774
-34.80656679730775
78.57689511644105
7.0838144543045445
11.242705707277239
-27.7796440283866
47.51246559141177
79.17745865674149
55.674300418404584
15.296476353143689
53.01440315860856
-78.4487261628018
89.38528700911934
-26.972627272600974
-64.30100539890044
42.952847814476286
-83.20035611832432
0.43977346226937186
81.88546434605598
-29.91962130239972
70.36548876007168
22.40559315780331
-53.273376900307355
22.708430221383765
30.660286450821474
-17.862214509891857
-19.219349771572823
-0.41197046280063887
-1.6119438040780807
38.75762299311856
29.23193879521253
92.76897350502634
-80.49417495216025
23.15391452213737
-92.61926601683479
51.55966089401619
-68.95561904255318
43.373394044627815
65.67736289946319
-89.84820365976216
-90.79335869291525
60.46135039461532
96.53674322672043
-45.058333416786375
16.892287042380417
55.892500645519306
-14.623791236490561
41.53733119184807
-9.282273174024368
-77.23543615035315
16.502182827870087
-31.278002387050762
75.59851286929882
50.225919770291995
-57.2031591080826
-93.90193961184765
-52.30422941995878
30.904076998487852
-35.57390751583674
-18.532445921354395
76.70346239154415
-83.01265555887571
73.04274042416125
88.64687280775436
-70.92161092134994
27.525654524201485
14.994223299758659
-57.28868655133073
-79.25345859400828
-47.45181648810836
-19.257861726308718
70.48244307566682
18.59671832865915
-88.19760219078643
37.13477563780526
65.01935771032154
15.93637006000641
39.38375860349015
-78.48781048911786
48.76389845797425
46.81396865911515
95.01390576523127
-56.326903132282304
44.48658412968521
65.29409064953057
-56.88680439364697
6.302902227091536
88.03300913149991
-5.706618300849115
-78.74024221259744
82.14822521381268
-24.364368790717478
8.380926312420868
54.453091322499546
-24.444692196690966
-63.17878730744428
-79.98213238505977
-33.12440036157315
-24.495811430828326
81.85119153348316
15.939307956080057
-16.514611566683485
21.815690256546645
37.80885303709246
-71.71323608655447
79.63072816033844
-10.110234565137617
69.09568387450437
10.907238785413355
74.45448900698906
72.91519688886024
46.22393508625191
96.74567082032667
-5.114304029441016
-77.57462237990778
38.45284134738236
98.93098446182026
-0.43120903816378586
82.31770374254631
38.82261065307526
75.27914078806529
56.6490089061937
-13.897454275290741
38.33997759098912
-67.0924698246212
-21.082611353180567
-17.678367339773303
79.55645801173904
98.73420267072578
-12.832799574802081
67.66386679180661
-9.715031135950753
40.99914637397862
2.681138037633744
-77.15682548070907
62.042848982642795
-23.762661514337594
45.76508667869186
-46.14339715823552
36.19202754954341
-78.76444025055918
-17.08482151986979
46.94436895797048
-22.952959447462007
-15.03449708633238
11.672322791844934
-99.9131157831506
-84.13284569690673
46.61254748240103
51.540025064809555
-35.649858493838835
-64.24900894028946
34.15039265341605
-12.543959225820458
49.47719951840838
91.48422834853895
-95.63520136493504
-69.10680395046553
-1.5673510941182514
40.46050148494476
12.921222970232549
52.25817821693056
63.41546011387186
-68.2436429491819
64.5651107274366
23.72731461754097
-23.1479398724245
-48.537576861107176
-58.31165020660487
-9.817206326345016
-43.38257797481766
-36.49774301214295
66.84358659042346
13.776100413624278
-92.47571939564531
-6.873865144092321
58.58734438368762
25.96689320565963
51.41290843637617
1.5047497940039705
3.272737660998871
66.2647014011323
9.753743890163392
86.33295384975904
-17.4570641971483
62.32917254455356
-15.168173890272058
-19.77019671435309
-95.38278483308488
-80.97821813483795
12.433244364399386
-43.3885921061002
-83.81873986224258
7.546144999896228
-13.471939715019658
6.748404772382145
45.92472297121398
-67.24201168845572
-82.09446880749391
91.71238581097586
41.006980575131735
1.6190227172794778
80.46988431434178
36.6843970832536
-60.82340559685826
-85.03591829666905
-51.853962377091875
-97.76412306145012
-18.27513133738377
89.92349880099741
78.37199463484703
99.34557143483269
95.9214093659377
65.27431838723714
51.370109884509134
13.306363296199294
-13.448611766569968
-82.12334811556643
65.68538800471768
63.6628151608127
42.93088503843887
-78.30064009668425
18.505747600308936
-54.23228619608582
-50.98472698289069
75.81415367465502
57.32556206985126
-4.46743187510279
47.68586832979642
-72.51591818379353
27.723066472210007
-55.833973317928944
90.16366983090313
-43.10523838744278
-96.89528631286251
36.95338711529027
-66.09812213096461
-15.674681711831
79.23807402189618
50.464216307318225
-35.59304221069543
-19.703258905756144
34.614411570251605
-26.598503642562534
87.1266404215589
-22.022457680171954
13.339737266567724
44.6411356642777
64.76485025479005
-36.6631845516594
72.2502016742674
74.56311158482015
-35.28957070540626
32.01897902204777
6.058824975445162
-67.24673974112184
95.38797829055193
-82.3457310352169
63.22906889547781
-51.37351525361022
-31.99336674529505
-75.80597958234192
56.1950151490569
-84.01051668135928
67.71550513763799
-44.43151420577003
75.20713253475523
-14.746262672366456
59.82812807673287
-29.39231624776552
-45.18355280106099
-61.96691894072326
-58.47920371150646
-67.5558210759117
1.8983051758044667
67.92058040910746
-82.27403705494913
-67.78495282690353
20.574503306925678
-96.39549188866623
-5.557287979322425
9.06718353301828
3.9645529871727376
-28.07423839567811
37.45425467809471
-36.08584495612115
52.707048157649524
-4.5439784115564095
13.221019841296638
-75.62081813502313
80.9131765761505
-84.48193207944436
24.16945082314082
-84.01075387398085
-8.917375928120762
62.79528612274538
6.400871011316127
-25.635013590258012
-82.82758355377152
16.707465207643963
-7.401194686996291
-79.0338729136634
-93.93856158628657
-98.29915901149906
0.03495852600723026
51.23233723207878
-20.40289192154212
60.837542004552944
96.74678822806564
10.204911218862819
-53.42930640185655
99.52273428071524
23.36011285021256
85.63700147799446
-16.217453985552453
-8.448248955163223
67.26809692880536
-24.06197522506295
44.5029628740333
-40.92395798891908
19.955062672561922
45.27927910074658
-95.11372857119893
-74.42126037954768
39.35269280020327
65.25898052934548
11.022870306597014
96.6400426458016
-17.292348265025282
43.20432007880211
58.177142430218055
1.5827981083956786
-73.90796831894137
-92.78315216835202
78.57047457851186
-78.11333390881529
57.332952713870384
-60.47128950943246
-8.527898626529051
-47.61265340664023
19.66125590419506
36.98204341140598
-38.74345769235148
0.19269783308295985
21.14321002225394
56.15789564061018
-69.91218925481
22.75979292994596
-14.457554393330923
-59.89671975346869
93.1151584751141
-51.186889595956785
66.60122312586861
51.31660561007047
85.64042832052101
-80.7439124502898
63.3958865123341
-34.76479604499782
-40.75034375089221
-17.37114474600945
-20.408586431834735
-99.6340230666572
-50.68770069174362
-86.47496615369161
38.8694251504437
-8.35748982845901
-27.8757117723611
67.71541319558546
82.43913319527675
69.4044152979123
53.375642906008835
75.41856343402574
92.55235822658761
-68.30085608348635
54.69353799735089
-80.36227356855395
-30.808631662964984
-23.17881405039583
33.23537564169723
-35.55192755183725
45.901369671194544
59.308025659843224
-43.33485571823515
21.911029873614723
-26.33220211770484
-81.71692994701604
0.5722492368664689
-96.60335962734834
67.32854775739594
28.072147551607486
-28.16798568341609
-47.17906965086187
88.65796769284898
25.581405291246412
97.04310224135583
-43.414080380999096
75.02624957011665
2.464074932825227
18.02281486449901
77.82090122004686
39.90618102355381
-74.49826502367418
-34.41445078946394
32.867066279614534
-97.05278824667005
65.4991382514018
-1.5493141562361785
27.687325531007616
-29.603968968625097
-49.17079765002521
-96.83163478322896
74.44295924337345
68.51709859931677
-95.64130502254547
-95.8481570698182
4.294707664751812
29.521425333970853
44.08665582575054
33.32255910740122
-85.44662207626672
-4.77026564143064
-85.13069257744499
81.41659996732918
1.553117300135625
94.49253856780396
-63.210981292658275
76.40962490575589
58.89675258480648
81.29538461494025
74.59757097572458
-5.09832621597009
-10.431066988758417
76.07845219547795
-71.61641788161339
-50.71863397184746
25.328758731898986
-85.70579851770886
55.497626887217564
-1.7914868850018877
47.59915143708244
-18.90747064714533
58.730733132916214
-65.27830000082848
11.117668973001543
-29.801799393407947
-73.70398695097995
-18.36116192448057
62.12784300508321
52.785249471122626
-80.34202716531173
36.27928384668448
77.47684828275786
9.986852866355235
81.3184939601758
84.49361531579163
39.13440374973163
-2.843420461606044
27.10504465113
63.98295198377269
-44.94871129344617
75.10043973765144
31.270908884242857
-36.63160471610796
-41.20237118938563
90.72117330564407
15.716099236122986
-2.1917995805202253
-55.820798762323
30.11655162019298
-0.9500487482605848
-64.96557047221954
-18.030145556529646
33.859697454901976
49.873555968825514
-57.605983319086064
-23.503008851234398
58.84176081977563
91.40029200178142
-20.46113632914141
69.87708971233079
60.848447703193585
-56.24229578639197
68.09328964970518
-22.34842005525033
52.79791950205285
2.946561272678423
-21.75782267387561
26.357111183988764
5.333086832080667
26.739191034279173
17.521074069987975
-63.84391004199328
-20.864793287405917
-29.503906263722172
82.95223432476664
40.03305462220979
-15.318910613493088
21.807465834361793
25.11506476467153
0.5267741533440358
63.524969733285985
-25.49970336614568
88.2252043887749
41.49277979885281
49.99160342042083
52.30868666547974
-11.6759909696313
-71.29668398452753
-87.02532437540933
0.75557788587777
-2.689934951699314
35.719800572211966
48.952231089506114
-97.55703023025973
88.15646785966084
80.82028836591675
-84.64706107378143
33.725644095395694
80.03894911682207
-9.538242479865588
-92.26922542350333
14.11549465167154
-28.351456132279182
-91.3084213670915
-44.3517214775941
86.2365672202638
-62.0317409488188
12.902350400161538
13.691001448141066
-51.85493265147743
-60.375893484984914
-76.68011909586644
68.33938503043788
-52.95286841714135
-16.20844541102609
48.98236920564551
84.80753768557463
-62.14099231916088
3.05972768066583
-60.002198401470075
-59.72261339024729
-28.62253374265711
-12.132499650076852
-75.64494578871398
50.433661451927236
96.0265767725158
-51.42011629919647
77.92760646758029
44.17266118847226
52.40043877141832
93.0000342841148
6.836427907301129
-94.0715924056154
38.198732588797924
1.5740054232740874
-91.32583825416856
-99.32017954672337
79.3012323399069
-88.70021402240415
-48.86329869489345
-14.55140635065753
29.67168954377567
-80.29879347409532
94.83588012612708
-31.992257960686857
-55.29148676235056
39.68355983893315
35.66985772070029
75.80711063794874
-55.58618753197888
10.469599737258605
-58.69669415019037
96.09051644472848
-53.04175424007032
21.866363760856274
-36.16605334896767
-2.0192115480100625
-9.861797069655395
-83.45481577962042
-70.87553546030506
16.00977758128967
45.77578719788701
-43.83143978630268
-71.46187271547176
-35.91727649282801
-81.72739441199002
-74.53129166470522
9.698690679388022
26.27280458950034
38.813315574553485
42.6885167337376
-48.26358303560496
-45.168152518040806
-86.07507355709114
18.186347976013465
-74.49944843769644
-95.1440536001655
20.731957739467248
-95.69041097630182
7.5350406521431665
-92.3563393522566
-70.97734089742116
38.10792085693936
5.9615508831076625
-69.41772640770787
-77.99922053010062
68.68356681173717
-93.28575175247924
0.41953565193470865
30.078409920326834
31.299159789539658
66.13387036085206
-69.22873708146227
2.1234702469281217
-83.56535996672125
-93.87482284439668
-19.464988250701126
-8.718866448473463
21.38997097484514
-76.67959808284436
-11.234044838707163
-14.264725679585283
-59.99565295892022
52.9770526645342
-5.1073589356962685
32.993018351700954
-90.30482978574574
-57.64606653320592
51.10739083747623
-27.752789098982106
-41.10273516286001
41.431036188255916
19.062325176031266
34.59810225578778
10.460391695722834
-44.5472755732206
5.2243377184182975
86.35698996056027
50.92426197110544
-78.07641287079971
99.34140184792534
9.631353122289426
-86.34692802702975
85.24280096014562
75.96564389810743
-74.41298298507033
-67.59543317943795
-62.99336238217534
11.177283087857944
-28.76667452674397
-43.912342206254976
51.15784030432488
-99.03381319150355
-85.25406356494062
-66.64331847179233
-59.1956679223824
10.414547101926175
60.81835197913071
-28.7300325232124
-69.37429944435551
8.944529030191205
-13.112349241162534
-45.00360718519845
74.7837723596723
50.905696197801774
-57.92321614838289
36.95784641396861
-69.2310170927151
82.92257021844557
-78.18196170180396
75.97105055013944
-35.566427120484875
-65.16726273272064
33.3505966790992
-78.41101577244464
-36.12200008200319
-73.0658180928246
81.00058103386502
-31.170812400201143
39.262562216550634
98.44161937236464
-76.23149955500921
-68.93947720592752
78.39090498093816
-5.043291367659492
-72.12484566488646
7.190328239069402
50.954306003050334
-33.472384079969714
82.25772885188067
-7.405254182860929
83.40247705617753
-71.33085020921183
-18.628307683504858
-82.72593468428447
33.75689880341656
-86.07515956459353
-72.57373939584983
-14.542090510224043
37.698357926358256
-27.234668139125347
-77.05310300368447
-61.86371518309968
62.04256404043599
76.96486097961463
92.17993948050164
-47.296466328453526
55.91424842445275
49.97020088162921
-38.8048241339922
-49.80472385812516
86.01617584603034
68.07416142130197
-15.095790489249012
-66.99258515210957
40.70371510390703
91.69903250836498
95.35259118011533
-69.41812569513874
-58.75990818717129
-29.11367227022241
80.86733571506923
-98.04502009901496
50.36633780370303
-63.28838493162512
57.90103038862634
79.25825885509045
39.600460751538435
-43.53628975597845
95.54965827619785
-81.94385168069314
62.28778211040793
-57.943004916164796
35.80728003117042
-51.375108258142646
-70.18133130781996
71.73414451877676
-14.11709676888357
-97.0012931918265
44.30794004768285
-55.16297957027157
99.40080666571939
-17.039226017367653
24.123063202166634
43.747818543434846
-40.36085577903785
26.75520795897293
37.53518582071334
66.83109816693761
-50.683259711638314
-14.390556364659915
69.6889764716042
30.595668672632115
-47.271750189658256
-69.27943751742444
-13.259625649700666
-93.12952821534668
-48.155762423721015
-87.73676145527851
-57.78341383235104
67.07646900559831
-17.831556942472673
-56.860704896214976
-0.5780158324544971
-97.54252943313912
-79.18358028649482
71.0883213189772
35.67014835673069
-49.11922800219377
60.06327168345564
-15.108711413954467
-76.14821022363233
-35.08180873826359
-30.24854980020632
-86.89482061669831
98.7020539568409
87.71118942961223
48.746357016685494
-93.82125198389744
44.956904782837285
-29.057230519325955
-73.16080020140228
3.6025067516651745
-2.125378443814313
-92.51633687331787
61.77968026492556
-8.39309147498004
86.88850105273133
58.99944964146579
-40.39662280658016
25.14680760258527
96.12652301244495
65.79261810513813
-90.24613709284432
-71.10163252368392
-37.80133009368796
-6.070560160772942
33.024174684954204
-98.32933048808836
69.50788806841092
-61.334362392902506
-84.62758937725663
-62.890282686355256
71.61446614580998
94.48905583302587
73.22608961596507
81.3837689964713
79.4026830423316
-9.371440763413958
53.56778657130917
25.843812963151436
83.27163593253076
9.826313903158734
-22.585224901049443
25.24421083759691
5.99987314478507
-99.27485516281457
70.71800000378926
24.458324662945415
74.33634756837318
-42.485387133929024
74.47842339444125
-68.03503213796756
80.59959071258285
-61.46952163803785
58.24381723932544
86.12973478593153
-21.640113108148483
-68.28996204927856
-75.17161903530167
39.107628835351534
-92.65426655575976
31.517124515281466
-11.276283386257191
67.47520089216576
87.12795367984677
97.061972038551
-75.32634675312231
55.569209251608385
92.08100801407235
43.5507058035669
1.111626025795175
20.238322416183635
-25.335686869156532
94.34569852675011
-37.03457450806691
82.72568907638077
53.22560753835697
20.824952312083283
53.38336797166488
11.046136277898526
50.346270989158796
55.916148752951415
65.03989667583286
-20.67096535334983
53.41338143874964
-77.9382421252181
81.13408734453512
-85.37973713147578
50.9153384825909
-60.9151235575973
17.297690012044328
12.677770397875946
88.18701140075109
-86.81579451182522
-80.64593826875806
-94.53979670436834
23.131737056685836
61.44391198755912
85.86395568157621
95.44926107476064
41.27701316387166
-20.169038398944437
61.023055727482074
-41.71003576834187
-31.26407292413566
-93.47587724379913
64.87412550050826
16.416942820335763
45.26995696019972
26.81633113978738
70.77438711192337
-71.46609090648855
-55.47475791145911
-99.6707064357973
-76.59517206537569
-14.508841501495894
89.18528175677
42.77956411614613
95.91133407141766
-99.55600826272031
96.15494854982376
-38.27413580661614
8.229400661941895
33.61714848808944
11.906926318582634
32.49571180716771
32.836130851619885
41.086349526815525
48.61991973259006
-26.85101921916997
11.256492025578197
-39.95273632986054
52.87023344087655
48.925133212940494
-45.07835174661938
-19.29378838561658
96.86911974748952
12.778049083245975
32.10911755765531
47.65544505695584
19.435315251942825
-41.527945833687376
-71.8135647468745
-20.520903023984175
77.64907377239422
-30.75760886597392
-27.227738315354472
-19.461643116644083
2.2322884217558254
5.334171712440636
-61.45230184089472
20.482206837883354
30.41214826881952
35.0072746236244
17.640394394317667
13.89763158722171
-16.87038963696976
42.40402992745152
-88.51327064767187
-96.62400854674263
84.60158403847237
85.98621754711101
23.794851135872335
-30.4093557400017
0.025314690471304857
-79.75994309291036
15.861903316935894
-37.05583879275043
16.929895613283293
-80.90533138704761
-23.75746188234274
-50.48101356779091
33.71200931358902
-54.22507449196421
-64.08980418326584
-99.3248012469778
79.655960074376
-41.6092565986089
-78.84613811820941
4.331388826947119
81.9446949152406
-5.3390868174431745
9.22781024279169
5.743221853977616
-55.96708017030074
-0.4451541647068069
14.678665026072622
75.41525961079822
90.51197166469066
51.71737142909819
-98.94614249234463
16.60564916537301
88.41548459105053
73.00701931059334
4.449469268050052
-35.31750452544027
-29.56576953161283
-27.6803339635765
41.384594300965716
-54.183374835095634
-76.8781634088548
-62.84241033569662
-62.379471999015365
-82.73544800482541
49.98888776802946
57.357442281280015
-80.9082514256095
-44.01277723927197
19.59500875003374
-92.43416151785337
-46.9108972872297
-32.89354442291348
41.630575200383305
-68.9532648189604
29.576554432007526
-83.39089102594855
60.49925210856051
53.147458442269084
