-6.920761292305471
37.05079506882868
-27.326609908888003
16.726364824892826
-13.170561749793535
1.7093468136145589
-25.04681827015527
0.6393229343666178
18.884006304014804
96.68171829098625
75.03027710017366
41.34878951539446
41.782536930753935
-34.444901412768786
-49.96800210316144
-56.40051214935515
84.61645647622495
92.0474400399701
75.71633530927156
56.75403566381857
-85.82272934493473
-84.43510418520998
46.16444980815899
-0.21315653746837881
9.185716816279339
-95.9109538681574
-48.73631351197207
-90.00366458237592
30.047287929486657
-90.0588807571107
42.61924418341118
-59.59192305285781
83.05994700816888
98.97880949502053
-94.38199254377788
22.5568733826143
67.10705645470071
-44.47306183139506
-99.23679784369972
-44.97099452458888
73.17617193501061
74.54479594295833
-58.35830335070107
-64.68727541537787
42.67760408900466
26.539213349631055
62.413645217872556
-83.61569994679508
-63.15157146277996
66.25079593240076
88.72017713032812
-76.30847642663754
-28.46735708925827
-0.8181574319714855
28.95319566525879
-72.12627941925018
10.415382533235217
-15.7466241554648
51.34154962614389
-11.175894572025214
-88.45513951562948
36.903642118089664
86.91495072182383
-37.91637879137917
98.7328128483108
61.601884713400636
94.2676662896219
4.2293415904293425
96.62658742488841
-2.8053205318044263
56.59006724043246
-86.79789153071424
48.32100614112983
-48.11585148777675
-67.73369408030032
58.97626274353436
22.902192959429186
-9.711121091647485
-23.50541893669194
16.01349878706904
25.706396814351294
-79.75898574978231
-48.80983290425311
72.23791518113535
20.858597545450678
-83.82220163863923
54.02726229694463
-30.195702762043126
-29.98267889324086
30.13529499854738
-48.80719894497805
-13.79144068350142
-34.24212983366178
-27.227873439868034
70.19967101335573
-4.480797682236258
-49.8161277411282
85.04706855334103
49.77212731658361
-89.43571614269503
-29.282080110960607
-60.880463245135495
33.83239062877141
51.641126512071
-49.978089207068386
-41.570732556674315
-52.42470240153736
-35.98061392643524
-26.521476774685283
-36.0164285508803
-48.036534304009336
-68.04576073972102
90.96296271621398
4.654813419342062
-68.69602577655385
77.11351482439176
22.298816286396985
-16.758062541539175
71.9508471799792
-14.247294384847535
34.34826368444385
37.95263450462875
-10.651586623206512
-88.88586619368755
58.61957387754359
-32.35985534768564
-6.7571831332304555
63.396250459419804
82.96725041874643
0.6671878017015018
3.7314145947137263
-0.28089147651320445
30.9149269495108
-70.19452824573753
-88.10347336664732
85.35402119585211
-17.968442201516652
58.572279249830984
14.132943281296491
-59.819255818280695
53.79304440766472
-11.766219297912855
-18.88897993923851
52.65192496680348
64.55202232884659
-64.70902326385792
-84.82380939693736
-41.09182032214238
2.9360393527645385
36.32475109075236
10.982330574526443
14.456138234990433
68.05591967777653
-95.33734770381379
26.886781191755205
0.721316963624119
52.66276583939202
-68.50624466427293
33.84077914948642
81.22769238249171
7.2434439467669876
-70.30435825866796
18.359560977431542
19.855726191791064
-56.17457988517016
23.083378304809244
68.94540708701169
-36.79335106066395
-46.22354873274954
37.009065987117395
-5.317448824939831
-27.817256353160474
-92.39104231665603
-62.03289136657064
-78.38925710195744
33.394128519496604
-78.39231000117313
99.47922244713232
71.6597458194644
-68.11900460249166
-38.08611135860232
-25.38444318945963
-44.71677485805674
-53.42886484408132
-12.756871007798594
49.916632180415434
-6.15474556648779
88.66968823284495
-84.10376081624216
-92.37904904292003
43.67198177195996
-22.633103588734386
-0.9903717078457532
60.67388850774714
-73.13198038178271
60.436448569466535
-13.489960707560584
15.036992334142568
59.178541397145324
-91.05944607596945
5.817994240694247
-24.288698614641973
18.765464281871985
-75.2940186263501
9.048927674218675
16.08202976085569
-87.50348578168354
-15.594005425422282
-27.01139939965512
-24.624360694062972
-10.66192358631875
75.79841876190676
-5.45272462358372
94.35796447747998
-50.78982927905107
-64.41216623476046
-96.03637850425724
-27.387426393864402
28.956605877869606
92.10301440426298
-23.987362764030706
56.013782084019624
3.8512775250636224
63.71178906654532
97.42382063085776
35.347530557535066
55.48815907027395
93.72350628022409
-7.331374422914408
-74.12873467558994
-80.54296278271755
3.892699314734344
-79.73965480952201
84.18327961781705
19.71841699525136
-86.60213114063032
79.92477048130291
-56.34425352520158
4.768803729802954
91.07495555761608
-61.43381527238694
-27.453316836775727
92.74452425774598
-10.51537263651177
53.55633580599181
52.1361313950743
52.46914725589008
42.607376938829134
-92.91442363436443
-85.3137479420379
-89.5849575029078
73.33012323145238
-92.040010065347
-98.18862670910676
-3.443881315879139
-76.07537294327523
66.51403637699477
38.247644121894126
-74.35552839468305
-88.01436818640668
40.32772569744026
11.461583599643916
-97.68267407457209
-62.190378774566746
-10.382523109469048
80.5209082855092
43.89735647691063
68.12133576038951
-53.5697828712629
0.290496529064896
44.71674278065771
53.34101210369039
-76.26763229128355
90.25928702590886
28.362515985834023
-70.20622352892818
39.65140181182457
67.08144391984848
74.45917930807792
-10.875553627133101
94.61764455811175
-94.27238212510976
-79.33824877956053
-25.194103246795024
-11.604396873023063
-73.64945161633875
14.783507193191085
-75.166370167783
-32.351887507012165
54.15725108706593
24.81409484576463
-96.6865447129426
73.02492563650463
98.2064960796557
-98.33840266862417
39.52674338524568
74.20975825532818
49.87543971846475
-58.746920735167365
10.147078463405748
3.95471415685644
-78.82210772110898
-94.87863019548477
53.72156796644549
-90.9634551520101
-42.02796314285335
-88.10959921930865
-69.01346855243784
81.49804949502442
-22.04296334489733
-28.67301669062607
-0.28267361439901606
-92.03746233872955
74.61145747448384
73.69433252882311
26.617003824347037
13.456893620319406
-5.578394884488503
-39.35314283488434
-93.44365518303208
42.31071681844546
-37.741927015362634
34.397839073751015
-83.3434508508639
86.77935043565688
-95.82512417688082
-65.28824721347294
-62.60446710120413
-12.10641819436779
-70.42592010438239
-13.93601977425351
-16.84235975410874
-56.772705367559006
3.9180192589210776
-9.37441748206463
60.00968127335412
50.71193632269575
-31.012120612338066
16.554681535864518
65.97260757510927
68.38348188979089
4.476330197347039
-17.432825116763112
77.21099995039026
-0.11044133842723625
23.336152594693644
73.47574016674514
14.483070066861913
-91.33069118246293
-79.14813948053623
-84.32315942202635
17.5044374382596
-89.439542617618
69.92223194594624
-66.97372897603535
28.02528285538915
81.07335822483927
-3.0131791649409934
-89.98012471226984
-92.05985335692543
-22.64067020581109
13.37772698792557
60.18702770831729
-31.27312667916746
-14.293377263875342
63.9616561645029
-70.06877975192782
14.750670469310506
73.03357790713508
10.991147728332294
63.823156582885076
16.156054877699376
-26.032109673615494
78.05859431072815
85.94019456778915
-28.772471609622727
7.435366655299177
44.44004023218386
-54.40997168344423
-32.6132478509717
-12.695776123499499
-72.94577991745422
-79.17920949411688
-26.843877894815265
-66.2456609383787
-60.180687047829636
-66.72336621352449
-45.84644135124045
-42.873144762642966
73.20038417320086
-50.33280477740965
83.72237547058415
-96.89441464230552
78.03084853214054
-40.236121066898335
85.20812739190336
68.28513926945212
-76.61468182726303
90.4333778898961
-77.45161274006007
11.247071281311818
-64.22465854275288
57.16383979408974
-48.41564977946591
-49.91693075550228
-73.26478211741498
-82.0290850065049
89.36535045155259
18.484855695823697
-94.12971147447013
83.13604121923709
39.158903448314476
-47.87018164341998
8.70489805622951
72.14034946742063
90.66521910636439
-59.57391802073006
6.985806121803861
-38.62361795782403
-11.497363599127013
-85.7072785282387
0.10758326927013684
-49.35946087112051
-89.79139049325818
-19.02175487609226
28.83657461037774
50.62735491119548
37.47737133326575
-53.35221258926961
-25.320545335298746
-97.2763540317555
-3.2903485545326276
26.27577372940904
-49.59190746855009
-92.25705674058895
-65.22632509894353
-87.27897412882979
-65.39701429881683
-2.4233996877716066
47.80914172818788
-2.266725200840284
-28.594852919980625
15.264479249985953
-86.0179216100546
-28.275404102823074
86.80863012043505
27.073594766447002
-85.57663825967221
-4.47814748557866
-4.20898764251325
-84.70028443952562
54.09841741252805
41.92686550071133
-94.81075464165805
-23.34833325312661
21.652225395232975
65.56633688131376
6.082971414229732
56.71165291597762
25.006405290165475
50.83519169870661
-99.61374876329498
44.54392150719775
-2.70994863897198
-83.22510638801815
-90.30381267871881
20.546911106245318
-22.68515516877092
-7.212346438722548
-39.514119695007246
-6.690591639322292
-40.33561182978771
-79.32374513322655
37.39702081270292
47.791560015435266
4.042473513102962
-25.32193906785831
23.438648655062337
94.10921250407921
60.50404704746194
-72.81101975457005
-93.15576875761384
-4.766211165106597
76.08816142025506
-29.88296067905732
48.74495268011998
-70.44739317902076
-49.97477149326859
95.6800163760141
-98.01533152562276
-61.93721947297062
-38.58246816328577
-0.6700163035972224
-85.21037028473135
-0.3845866886728686
38.34944366953687
26.245161484571057
-60.4343410011962
-62.80316025574037
-13.740252603780092
-55.70100375998981
87.76822535163603
-73.03675378622691
20.904251389256473
-30.62027659669407
15.566163069738508
-62.002724368028495
82.56298409205954
62.31110827935177
64.6571452121403
-59.948963497228604
30.472702005946104
-40.6362921661181
65.74213180384211
-68.71880654864884
-22.78074254407956
13.382577130608354
75.57855576070878
-16.013685631586668
-90.1794752616943
31.313963912258856
-59.935855334756674
72.72087445740678
62.99366314882295
31.346426011134184
-81.77354072588608
-44.027307886454835
25.95857560720161
97.9228632658685
28.626682628369394
-87.90833324310945
11.75690338204383
-10.755697919254075
-87.25158962545696
16.67296489717991
86.01817311214887
54.09810685991124
-80.70376529632053
51.4178415457705
-36.80614872163306
10.773681896613311
-70.2202431768784
-19.227588621675636
-5.53099672036393
-17.728738000283045
-92.10666073023759
47.727479197503015
-62.163749964746586
-67.40025314064138
-28.165302543484444
40.3806835239038
-81.54847089434284
-91.67262579743687
-87.48450564173973
-99.25930208034606
-24.338279559340265
-38.119698695391314
6.522501342971438
90.22567691209662
-91.3946373676982
-74.61403198276253
-34.51892203260849
38.52397926794103
-51.3192421000795
-59.225974059550126
72.4091490483091
-76.88024659754063
-97.81318307679288
69.84438173846024
5.250058486521624
76.006998137197
37.55348414374879
-9.780529845669122
83.63118767600724
27.758642943580725
45.65849473540399
70.5595957681985
87.44340917752146
-91.85291036064635
-5.288499635070096
28.63220959352236
90.90512291670905
73.61875208714042
-41.29433491994292
-18.849028515557407
-58.340777211228925
-48.157297468945906
-88.33878877700994
76.0643746676607
27.62596969406235
-13.99107848277508
-72.0084823904719
-70.79746962196154
-1.697723003601709
-37.721034150679046
35.7445180271109
56.05683513472556
-2.8082542157099795
-45.98899371274261
98.55129976785716
-76.64925017055826
41.89077459827246
-40.10269706461222
-36.58902033428861
2.141633957112859
-40.52990872618747
-48.92827589417672
2.831701996558351
45.30256555186048
-20.2498301885756
87.84319464934416
-61.885064865431616
-12.228683439449611
-8.077480586392753
-76.624301861498
43.028605443990244
-22.094709235173667
-63.20625684219554
86.88585959387177
-67.70007392640267
-72.57451757989799
-59.49114049515891
49.359679139329955
42.56637419112786
88.21011879323268
-19.492381566058043
-54.598127749603776
22.458287131625838
19.47690659287727
28.51266835950014
-98.11893824647284
-97.08555238628016
51.88914563911072
19.353364691128363
58.61409668474792
86.75555402256185
77.36865628080034
98.67862986579422
-11.222036058866408
-35.69443504756549
-17.095661775792976
-53.27333343853018
-39.00951800947412
-35.456216666993996
52.08386753880191
47.6538761984975
92.17269599546813
92.31465972021314
-46.9725546661173
75.0773481400818
93.80692990473233
-77.40165513361737
43.19615154948241
-66.862649628803
22.369048147706906
31.841821093454485
61.23968605646505
24.638949348672256
86.66914767359015
86.76895129785404
3.8280378910809105
81.67455899209787
96.00520427455493
-95.08684860224743
93.72017793301919
29.199549805808545
-21.778422542638125
-78.39500731701794
53.15687068619005
61.18514922763799
54.81915021357304
-65.28254116298235
12.490841951317023
-72.39340343304653
-31.367866625258927
-88.04707703422778
34.185884844241315
41.91701115747429
11.588535816029093
96.86945842530272
21.686878125269857
-75.74675753645161
46.004890490058045
-1.3863505615424572
96.77942826588048
40.81215054456737
57.109795061190965
67.39901486826983
15.207202957762988
-91.43458079328053
-94.65343875205212
49.28769535850398
82.49937035494204
-39.1298503432304
-88.53424540490407
-73.7759817979757
-21.3903467297434
7.042765137897163
-57.012137259233576
69.80400682744303
-45.224412175636886
-20.38183038928112
-55.49360952068672
70.1465636110018
50.47478173949008
-85.82952525654213
39.552437436944416
17.50194749558713
-33.20849140618026
79.96943030104046
-84.3331658043634
61.19781604696891
-62.602475831863316
49.73551866380396
-26.63667884897596
-59.53834342682551
-87.28205784511948
10.167043211534207
-62.04075673759408
7.145254689072061
-59.789036471233345
43.09411484737831
2.5321390343460166
-83.051087898146
-85.4612868361483
-9.776428527573671
-2.2449129420862164
64.17880881973585
-81.25422387068755
41.37862897851997
12.863431603237018
-72.08062032912821
56.92049652833322
-39.18626237650844
-31.708885103535607
0.10448490269428135
44.58468625293136
-10.258217909869117
-33.53497674479493
-98.10874123785436
-46.12890890836747
63.16727667457664
58.06057708645585
-27.13847106445526
-80.203303361456
-25.037170149152658
84.34115989073067
-35.442307123829636
-99.1058403616803
27.89799678168019
-5.019980175216105
-5.553257051306943
-4.156397359014875
-76.9558354363284
7.80560834932227
48.741367489274865
79.35215529480556
29.34225482415974
21.930324050101873
-58.38086969934053
57.45232981763016
11.92453454745963
-57.749630111115955
-60.770991526776605
26.655773273338724
2.38505914962262
85.41798364224144
0.24755563755091714
29.43049142292986
-47.45423609298047
16.18169871519089
-38.5552508844422
38.46956621778958
71.1889342077329
88.58778502544672
67.39919613111752
-29.904946897310907
-31.386442254441405
88.94149623129258
-19.756284205971397
-99.81480599666487
44.68894315932266
69.99526471183066
58.86898304468579
76.42555816055855
-52.9851473357142
-38.83345667776301
58.756970621127465
78.97212331879612
35.23501624260999
-94.0670249067515
-67.93434298340082
-83.95781246765357
37.77373407324495
-35.63773773513988
65.98529919804804
-74.48074391829695
-43.673329496783374
94.31146986410747
-17.867752045893
47.55817329117755
-75.49489660312824
-0.8637662483627366
-92.87654011260062
-94.44116109194476
15.875283812946535
8.603580605817967
72.38179123716569
4.7239959839247945
-62.028499879955376
-58.768679360660926
44.4453691187116
-84.60500212657665
21.55969284208838
-60.71909935339652
7.187264089778807
10.26945869227491
-66.68650444018752
-93.0527080680826
74.71014428465674
93.11160470725221
58.19630112434501
-47.699662107019634
-28.03764941844058
19.505902954242174
-42.32156407823566
-79.07713820300668
62.34114560397103
-19.940078740176716
28.295732113113502
-46.43136984860625
75.44701363991086
-85.08253965277027
8.95473113562133
-16.6092633107977
-55.92107814014668
-80.11371356436317
-55.67374834056984
51.62324722280346
-51.46020350505394
97.31789187933964
-43.095149998682444
-83.28512561209196
29.99906976387831
82.17873407741533
-48.99739456704777
-17.57874609067312
83.16345216054975
-56.07492327490276
89.14075914138738
-13.287005461527286
-8.80839968387393
-97.98374854721497
94.49094985429682
-60.533971053535666
-45.9420776272881
-24.875645363496247
84.32882865067077
13.265985701262025
-2.9806889908762457
-28.343802313600648
-3.7683393283599003
70.46390349487555
-96.77848963534348
41.69166318330687
-99.75361361353812
-50.26723002274731
8.363110519822698
-1.732297140818062
27.763901467855618
99.97379024153113
-68.8358328296408
90.47818653785825
85.57444132583137
-68.07429529283726
61.8858114215102
-48.26265126029963
57.07187497422325
-66.88848348002765
-58.562591326928825
-45.97236803031892
42.095070710041114
48.57218602157394
-50.500481834054575
-65.71057634275535
-85.29357033206
-30.22979250600993
-71.40490868238348
0.6332601967040716
-94.6143727992639
24.873833092697353
-37.462282537431534
97.44957800549201
-52.17798226084462
4.85391385282135
34.83157105075176
42.267561814035645
-27.40958636735178
-19.753959442107586
11.331291912042985
42.66914829023827
92.24236730772358
-27.085181024882104
-94.58633894388457
94.78366119833882
3.7133112830638453
-26.69800435384721
-9.348400117009106
-41.53833889851144
-91.46484650684165
-46.262526286931795
-94.18190410025542
62.886423426358164
-0.7198467025892512
47.454060362526604
-98.24720119981261
37.942733782619655
-80.25444128252187
40.79441229582977
-53.233986154833815
-59.36077050031236
-61.209273090154156
-62.66721966634095
-63.549859514828036
-58.24338218011884
-73.42199816615877
45.11624476618471
48.5732692405912
37.82475405184513
-62.741028297867075
-0.2985006003384285
56.891045817977385
11.62229701345882
-13.713281469445818
-23.082881094056603
97.68863798472302
54.55184718706005
-19.881037787117094
47.11443977656876
-94.49835132603968
45.39285652061491
13.864826999136938
-55.375263012524066
-99.93314788559235
-22.110579579589213
89.35732501223364
71.02154771616136
-54.327505346309344
-59.0417179764136
71.95043648249552
76.11547617360458
-41.797189965985716
1.8782069258771656
-30.405712417518146
-7.934145104181198
-27.36746347400252
98.84424891137994
-13.021968041636427
79.45718477822183
30.498486654028994
33.10365759033874
-70.67100935593294
63.81092682200838
-8.868345894926094
-56.11270957187151
-73.22316091975978
-97.57533948658175
-87.29018622681563
9.865006685596938
93.37917687834059
18.537426231069418
75.69101989565272
53.73323979756546
98.59198177601115
-53.518982052491616
93.47616287092828
-47.559692512357366
-43.61400772158086
82.78650110327166
-80.97049203285218
-5.951230615700439
-50.97797714511019
-55.371036343779245
-97.04999065156836
-47.049601989062275
52.34678615046914
-50.696487433620206
-30.49669344050396
-47.37433358179848
-65.53195359230094
-25.542435265055815
89.73965112785342
62.479168130825144
24.589336959633812
24.250099056852918
37.397002320415396
-71.79644361714497
77.48137772402865
-79.58870476985969
28.98540456647038
