-91.75420060265364
-46.996840489279855
96.50121141297257
92.79253102214048
65.33133892958475
88.09736515037847
30.507979796270945
-44.70416452385555
-71.15820380687057
-3.8837001243426528
-65.05429157731797
-74.43715308449697
75.47587375817164
86.44131966278988
22.868003252474267
-52.15092039663125
-31.317181721909165
-51.98979632055494
-22.103623675731512
23.232688307801894
-41.30790603475278
-54.04024573848889
-83.17487878482852
35.56938143976299
56.05673838200556
74.57215606300201
-79.14981320956551
72.51909940702026
-34.55232409122935
73.5534244668327
-28.225115440231235
-70.96091552534179
95.72522550911958
-41.891656803626255
97.07791809991951
59.115817061062955
-94.31262720634312
-66.23787923020944
-23.731206450985567
-87.84562875179786
-58.76854672392944
-49.931278400012545
25.17826452551735
12.954433666180137
31.722344063649302
51.77681810342938
-67.85471335796878
-72.3820873142189
89.02764597428393
-29.265340125054422
-27.402900487353435
56.535214078104815
-7.438842552469424
79.82910062920976
43.580737723705056
-78.68595911992753
86.36731392959692
-18.518183917061265
-67.94326236136541
86.58635530753759
-20.434221634512966
-30.33358845527647
-43.33370809773343
60.248411449738654
-90.86345088416365
75.37950743849132
83.00734258135907
-43.96493210880135
6.551302877493441
86.91293138201081
-84.93813261177658
-83.28625036103631
42.158906950263685
-41.021312786785444
63.31980687814922
-4.510010562417847
71.71133755575596
-59.215049723821586
-91.277226458543
-12.303553218734791
42.21489035750662
69.41735904644781
13.258813010329078
-30.680979811483212
39.37316942831163
48.5228376942093
70.369096219055
-43.21578170670348
-35.875279691179585
-66.1303384810149
53.34224085429102
54.28355475431934
15.124670725386835
93.67397544613664
-48.52552122732596
8.036258990045368
-54.891210712324856
-43.651723207412196
-81.2516688514249
29.069010219883296
47.23740501331645
93.35632541447362
95.44488762115552
-85.9481605480598
90.72212061206858
21.619792090652282
71.47040534479626
29.265385644767974
77.06744685382711
-34.91434469523789
69.4253376048552
34.302751072001456
34.464238686810745
25.838588163044562
23.035176061088777
-8.467384871088484
63.68578343588476
-13.237494477089157
1.6726000198571427
64.25106856249047
75.31265163955828
-92.55820844545177
77.26572357259599
14.392503940801873
-21.758398350137952
67.0092651352279
52.22789335343293
-93.26046708139492
-87.48944981990871
-55.86365639868469
-30.856754916320455
18.769536428496764
12.440749063944992
-45.90735870854168
-69.96463276042711
-72.6958052571427
-65.43023465970933
43.114311607464685
-44.69336539134652
-81.07920532190376
-27.76767153670083
-36.54932529646102
79.41293309504707
35.898390552862395
-8.000240780253293
8.564635795450343
-95.56445312075732
-68.5515933550187
5.796229346328332
-42.89574501348072
-35.86581581843684
-10.260447632223574
37.56904627881016
-50.44005330512648
-68.2572197375042
3.873765239531025
28.08330454703099
11.442256464115317
-3.456599177036935
-3.394328901844716
-34.05925438695154
55.006366544560876
8.79461842545821
-53.02044754777695
5.2259265372997845
-46.21139413159494
-41.320913382758626
-84.84689313381458
-76.72924937560131
-64.38025883002192
-79.39632637688592
-19.145778359778305
73.60965030617595
-16.03088569223432
-76.46107546002372
-28.95689093727802
50.819011355006296
-31.04273925506679
3.6059099433891646
63.372997803831595
-53.55383357353587
-39.0198341849185
55.60165480076006
77.63717292524947
-77.17905735340372
70.86718065198522
-6.956411368325163
6.384016297216121
77.90134609646603
38.22500556222741
-69.68464187936141
38.751578499293515
56.85279760298502
6.334557179546721
-19.244247573620314
-45.542588207460824
78.92170943513008
57.04840579162382
13.102973297337257
54.04701080184881
-57.72325988896148
88.9972308963525
85.19843015149524
-25.933604475548506
-51.5720946413097
-0.2759940537444123
-15.079109073891004
50.25896199333113
-84.32272040354445
-42.51994398768477
-82.37082645685626
82.3735808190253
-96.91961027571658
-88.21693445199182
30.135108677630058
-11.158558636091584
19.400740681170987
-80.29666997433264
-46.02289769476711
28.489295902248898
57.27822883387677
39.82918566463104
58.003083652524026
-72.22692672076583
87.61004487008185
7.721852211481988
58.72041962796766
-7.125042894656829
56.80848043265868
-19.163295677032636
-88.98489775857104
-83.79360806213745
-23.521692409856684
28.50541770385061
-21.906445988598875
60.03542832380083
-43.544402985968425
-49.98958471102808
-74.03466553259847
13.682664053790077
-14.263055605804482
58.589677182123495
-42.37273118440579
41.64229032759022
10.886712570843898
-41.36726280705694
71.29465102802607
88.40145162916028
97.94155916402894
48.018520854624626
60.03555509794984
-96.96011706719925
38.84861777299372
69.16630929350885
-89.95957396324717
-81.57913730837825
-71.68142171303191
83.73314275308243
65.94618371641613
26.859981525195863
-71.83451460819666
26.617882797046136
-82.43386046324423
34.87907547929055
-79.6476979598258
79.18765681521626
20.888831792996584
-42.268176308340564
-73.64516926404062
-42.66807539090538
-87.23170511703009
34.03154040672598
33.84991891768678
-51.50584988245519
5.244428128267728
22.197164668500946
62.556780823405774
65.3143797563967
82.36407958788627
-21.598612668505808
-13.868079880294971
-70.66273831796539
-62.16222341902029
-53.14761429039913
-0.3449422784392482
48.057392319117554
14.24752697936384
2.6801759599219395
7.041869913446959
93.56593818736681
-91.18165095828503
-14.46088896672839
45.260810855285
-78.24936600633697
-8.794117545423248
-42.0751865242291
67.68276785868429
-4.152061732122263
4.40700607536219
-79.10223506471614
50.89025883299735
71.7346073912407
90.3664685959219
92.60067439560561
8.27996595785956
-21.459000319430203
-22.353872394187462
-74.77503593207982
93.11011893902196
81.42081766274487
-76.69211850220367
-66.3728235235516
-92.37103427738616
-76.4374387842912
93.68258718967829
-93.428856101272
63.750664313493644
-71.35294330619253
-88.85249787413827
55.80226710297589
-98.5918796848634
-13.95601731880545
91.17802024888238
74.46281622035434
9.209153110480543
-86.63047662514789
-76.51940398688149
24.78483535942719
-29.002666551708984
21.416622392170055
90.60599649730801
-61.92543950254932
-21.706138256700115
66.05536017162447
-70.74996207071227
-45.79959140920153
-39.15888551531636
3.5932832548251525
-37.410944676193125
-6.130760268310098
75.15845118439358
-15.715571236454224
-73.4916798409813
-26.500341483471487
91.14161238558788
-5.697952232707351
-32.94191201557484
24.159271519044268
-0.6008841882563161
-50.8763438386197
26.977116398887517
-40.134864138910295
57.55430186422899
-81.90251787978147
-63.557712377584096
87.17664425570146
-56.327347285391596
-34.69808433799328
-79.3117324823892
-13.916021656368628
37.54652370755488
26.530743974159336
54.35342424661013
68.65630909003892
13.174065799638313
-54.03928326528522
61.27210259730839
4.642772681034899
-11.461215352573035
-40.08325476230119
39.54920215453296
-55.33478558900215
0.04952375885383731
79.85640840199238
-32.99518332148541
-82.5182325415591
71.47792320067043
13.322791546762318
-53.22021062864726
-87.05858192172724
9.304287828302634
50.826231942713434
19.424302810890268
-39.62368570033874
46.4144847089199
62.57326077592239
-18.496404598196435
-65.62394738720167
54.26451571000851
20.886481870340518
55.73534636620218
-3.826990529697241
97.76736255803772
26.657185986466885
47.74782950932652
-64.99683510638734
-60.830566381154405
96.11732471062129
62.217279098960404
75.82158726163848
-41.66769105105672
-83.6540769076882
2.9330581187210214
97.71639467537244
-91.66115278927556
5.237299668729719
-14.556008295851726
-31.273054556991298
-94.91124766525547
-81.91645617363307
-53.03266278817959
93.33920797807883
56.14060833545207
7.326793786077303
15.014874542040019
32.949501158245994
-89.07158867312366
-9.056894896853478
94.85815910038937
87.41664746984327
44.16266172927658
25.869579236761737
-60.392130955222314
-22.214958181169806
82.33465988225831
-99.01691998481279
-54.92119997124642
-24.18016390467082
-45.28982770849683
79.064208724624
95.8441595791565
56.75080210743465
16.138269582865263
85.4699782457713
69.10254799463297
-69.90570683717067
-17.711766546548915
-60.76080765630796
-93.71460464390084
30.485311044864346
-43.78748693941552
84.02277286912724
9.472714171623053
-96.34085386963862
-51.97396497060333
43.34549544592596
29.34318561833834
39.17691258420547
49.85439621527698
-37.652550181486966
-93.02957617212648
-18.202679101638154
98.74686511364345
-77.0291064367454
-16.55079636693206
-11.95424437014789
72.83602058971502
9.184554485736669
94.26455491043154
60.09707079757922
-23.76497638027682
74.52610200759523
-39.53977119209837
-61.96992355550157
83.49286861768036
-69.63397050925218
75.7320599262176
11.986277442394353
42.279424605407456
97.40855556473485
-4.886732400079524
17.542032953814953
-19.88415411953129
-95.16452644936086
-98.6494891598108
-66.49426994158303
-29.316289657207832
-75.23450461797083
-31.9026138402661
-28.32609403938953
-89.36766026406653
-29.634926169472166
40.1989643304978
62.46228351036663
44.09462757318613
-66.80317304428675
47.84449102902954
89.09191800133783
-14.183067145034812
48.905495530695845
74.12224927838253
82.91808728573102
-77.32372024410424
-50.42659828894585
5.920790123142595
58.284052757994516
-10.567621252714773
50.500246530973214
72.93617051430198
-33.40615433718477
10.294009852755465
-38.248456160972346
30.802985692481002
82.78718472741971
-43.67892647724787
10.236343125036313
-24.662432370820014
88.81297478155273
5.728223433501654
-25.954208557974212
-94.01946324424834
33.347827088540384
92.03972470085495
-58.53553711024635
18.726115204347437
-38.991396396470044
50.80302696836361
30.71439502080645
0.5248207376061629
-27.26875324615648
39.905087407515765
78.61429488314843
-90.95795621152689
43.1205307593589
-55.521274824610046
40.45809007557716
-1.794100495686493
-39.332273182898405
-43.56906921644743
-31.294858479856742
-85.04598529635334
-64.89667693992247
52.530737970004395
-99.92476822577747
-57.14865232251445
-75.22931530597535
-98.00298489826547
95.0724160085243
-9.735944033289016
-4.02848198980692
-25.364143793020318
94.55395578572205
63.05935441139502
-6.201091248030039
-24.850129162285356
-90.6737962441918
62.57655357025166
-49.16111816173936
71.05870162576016
-89.55039106649659
75.56884303954291
1.6920678451414801
-52.99265617368316
-40.42411651363409
-33.86005483663877
44.94317262671436
-99.27507621488094
-40.601559921994856
74.36147449562463
15.180549551783045
66.05296620952998
-12.279352448388963
47.022915263043814
-81.79082090775836
-54.513872826038366
96.20727606480867
-23.945856617141743
85.47221373848024
20.23223228244086
-70.81204822652035
67.12594054678917
9.098810514398963
72.48537943357744
32.35206547369424
-0.1535910553327966
-79.16942379380912
-50.48533048827946
-1.287823668016756
99.56115920129929
27.67298104806146
1.3596955403023117
-57.55103857807069
-60.73335600280372
-54.13951960345016
-82.76427607413599
-88.13873481085295
6.021442027067778
-52.402086175932695
28.0799337503081
-54.45961061365083
22.81929742283772
-91.42654578527296
-59.612610813370196
36.21653107236983
-2.6367311829348523
78.94161838725168
23.317584604896197
-17.992224915909787
-8.126809129897111
-48.437558831350344
5.3297301482741375
-97.0481310894094
-5.554577719325877
-71.87095717616074
3.214410029760842
-95.42599830607917
-14.817836979431576
50.382837262730334
-31.956490465031237
-41.450591572100514
-6.388777510339921
-35.73869239208432
82.94390364345071
-2.210198600836577
60.45558212095369
-56.41602830459536
-97.2361322137173
-25.497265386987706
-51.161936945062195
64.38336088731742
17.57651873348027
-71.56113710122341
-88.76417805995733
-28.449340112450457
-82.45147899960419
22.317445390183124
-0.06302206300250646
42.55936551352099
-90.61349457844975
-32.82083641582008
54.29898854968221
87.06858798243206
43.30727876230611
-26.331201611970002
22.165726200854195
-31.25290086289445
63.66620256008403
-42.413034892136196
-31.53344765393433
-26.81069330847808
61.79851160278426
14.385596112562581
41.38904040025517
-83.77878113113837
-88.0442312998389
43.326709052397206
22.82921406878566
-30.350513567921126
39.82352821413372
32.93617660355898
6.581828986647636
41.96778248033098
96.05855215555084
0.7059898483043696
-50.195219085840435
-52.993169804805376
81.34831967836394
-94.71950535840537
73.36349786030024
-25.507375847296473
-16.25306708958405
43.99307915465661
-66.4102707006906
83.83692502459772
27.10402510662692
49.11646942299453
-40.54185141415936
28.427548502551616
-49.16256113336406
44.614539735055416
-95.4531672919396
83.62183967262035
65.29912712538703
-13.207255072295382
49.890015689845114
27.905306747492205
59.07496267493153
21.16327348163331
-75.00279116063334
82.39204014844498
-53.544789632859
-23.660473605848622
24.87967589413509
-95.64886034790585
73.27684158251103
-63.441738359847896
-47.656459771641146
44.17164500249595
45.09409784486803
-74.46780561111129
-54.426355100570056
-3.9080693371099215
-70.29902436286115
-13.297173914424619
-13.913340725501186
33.87745610102172
-76.36359994446495
2.5829388321859454
-90.95271435814749
-67.99901944685973
50.495426304779386
-78.31459265715677
88.8842599595745
5.646897886597941
19.7201182841562
-54.41185972496727
-67.98609745292413
79.95925030347098
68.12581801022853
-95.21822048247577
-27.448210299085645
-92.20863282477629
93.24344524975098
-50.243289672997626
-71.6432489310487
-50.4070171425997
-41.866496927080085
-93.0502037121058
-89.53430183736437
-77.73477870266291
-39.48856147257083
-99.16465547004174
70.4156034128491
-50.103449164402015
12.306784214418926
-78.5030468063991
45.04842331633793
27.254636947472676
-56.44851678633136
-81.40183643169243
58.629703113418685
42.26898444990567
-55.8776276876463
-98.02914118411175
-71.78543811677883
-95.10962696248868
2.5705641123200564
-93.40133722219879
-72.7383703793383
-85.11266517371439
-18.000756354484622
27.707532457318933
3.7470851995662997
74.93938179875488
-10.0962677103293
-21.393340124280584
13.095520654796132
-87.80672201712301
28.22786199780984
94.32618386657992
84.49301708495742
42.77003371408199
-86.95053547425063
-68.3771767180065
52.9019637102611
-52.65446476003035
57.249937611888186
60.08590151558033
37.60608413419365
-86.096073257397
-15.179154367145628
50.4480505854595
-25.014591784289394
19.40023248433218
25.72910226449541
-57.756807540335586
36.81830089686861
28.52410804172837
84.09095340792302
-77.98538599183964
44.46478160939154
-47.57381007029979
36.099418159948414
-25.17110930761946
88.2077379701116
45.530563076471054
-46.338464058619834
-36.907166064565786
-29.526284442552452
-94.1023028574563
73.34120552958416
99.73385990589821
95.40817722320162
-1.1990176215405484
85.57983209968165
65.19536043756443
57.370793440092086
45.88068505103519
-75.98928795442102
-18.838591198365123
4.5065768904054835
-13.129676286281523
-76.87865062893131
-92.07644006330524
-1.083749788233007
-4.460710754107964
-87.93591927950439
61.2941268093185
-61.64458584569359
-37.57196452005773
72.60650432565652
-57.85351321799226
39.408744338794804
-50.696042771149344
-87.90375396833497
-41.707127074924614
-26.029646353924036
-66.85998541341256
82.26061436154345
55.746209477634835
-35.62036240199666
90.19776523074532
-6.8237030774016745
7.6171316028481755
52.736892897910224
69.07743546641586
74.53207899706968
38.05683722159918
-54.60594668981138
-59.629300283825714
44.613676716594796
99.66504327625259
-6.000588982747118
7.817052502471512
11.046073475889301
58.481841367178504
-34.11737653976759
5.375731973223992
77.43166472627908
-30.706538987115465
-3.251208617806739
-87.11788531497906
31.952656506632962
14.505549502797678
30.879598360050323
-72.46952765945275
-70.28153634179299
73.70635293460762
10.866299136291474
18.72811424618091
-43.32861690172447
-57.32913447325929
-16.272672990203787
-9.145073404603636
-23.870508149619525
-81.85394303016133
-60.86593519299861
3.83832109523388
80.09923189136299
-44.82590620366902
-55.71551755419537
51.330977791585354
80.25594188027145
73.44563624289879
85.77792306050424
-22.54470442662155
83.78538597344215
-71.19306488770569
-24.89695739762982
-70.75954036099023
34.98913260043631
-15.303363266987574
-48.18151385266307
14.383560416401679
-69.40029878782812
-73.8859645734212
-64.66619556943915
47.93742255802715
73.09763913607426
-20.436764241312105
78.09900971501571
-51.219291181853755
-22.037474801428885
61.97127962874134
86.36048865034542
-97.44857837357763
26.513788010814054
51.73231078019569
76.92037757950237
-93.14792220216945
68.52233109264944
78.40851120843865
-77.18977274522676
-11.214402861802483
-77.81054822071232
-72.95079907561941
30.1629662691482
-39.39061810741376
-95.75235647716329
-23.036926199210157
33.53215142571483
55.9703142394618
-63.98343691039907
-17.684909694386832
70.84173701941069
-67.80818182815759
-5.065836888926725
95.15409802648566
-86.75873265624858
-98.85891058639726
-88.3036613353272
61.81993632873318
79.30043391918525
-10.983307003245017
40.896928572956654
26.745045185424573
-93.65084466854015
-48.15031909888796
13.876565301945831
84.16361152779638
86.34942775364075
-93.31982021339581
-99.58857144349811
22.677577904784258
12.93022549916995
-38.741702586607076
79.51469019040974
-27.709916992023054
-60.116330132309145
-95.987107643907
57.81533993089744
58.97070066803221
-98.70614633107913
-24.143617035718478
19.819174061098593
-54.76989350547821
24.16908320252284
-78.63325949676366
-63.88750052353069
55.7449651237263
-44.121848600786116
39.03705338664139
70.0571634870247
-22.513785717276534
-42.030094252435156
-47.87842716200079
-25.04928136390481
-1.3437399891506914
-0.24260789857110865
-63.45516743353174
-69.06399118892132
-3.070487817226322
9.150791289928478
-88.7329434638369
0.8126130131929017
99.07333249815645
82.68895861476443
60.33838664808516
24.344608080508664
-36.049771493688354
78.91832901198214
38.82795281617268
17.761441963907586
50.52291421874321
-99.94680074790978
-57.003122783875696
39.07045594964592
55.314568898021264
55.75241526134272
63.384873061357126
53.661832730334936
-21.12327657524054
-12.023968019884919
-91.06891382875179
-23.06843230097823
-30.83331822371214
-21.571889184261252
-55.73328074601751
67.12801802842168
91.93557549539298
-99.33962086666295
15.446816039306725
-68.3632086494138
-22.29407414850843
12.737695418588203
37.917048661013496
89.38992168919916
-47.51357803051093
-88.89386548720132
-13.778888508468157
25.880657376107834
-25.960944177123977
4.542405505575303
-84.56012728580569
-8.776891075275614
-88.41624521525794
40.27998137797786
87.53207481244942
-77.54899814462162
54.60576418182515
-65.17050634507007
-12.244902548626186
-46.5330032934977
-46.048156620136304
-28.111003518357776
-85.26045003580671
36.21607117906774
-37.74483476554613
23.466375870715765
1.8956225489016987
