19.36979105894858
-66.7221398856879
-66.3310489481276
-55.998494251128264
-87.19749526719593
99.59067984941578
12.901083431777465
-4.306454050376331
72.68440080965374
17.38816245266929
-26.39070927081339
17.22468975644695
3.5451816635424933
-25.70382543841643
61.04264973724861
40.75011551562079
0.08133571868782496
41.332031327436454
9.224918949740271
52.30368762139966
97.77788662733761
-36.45860975555853
75.02442634528143
-63.272911018785535
-86.63879028993946
-11.988368150937688
-20.871223165060712
-99.1473428294187
59.351096640484286
73.39700595925896
13.067461658445438
76.12749316097555
88.38070637054727
34.037078899744216
27.991725608769997
-86.08370365028833
1.2944334108999414
23.113880300767647
32.8499947242135
-37.8606503421967
-66.96874647904369
-69.30925909014348
82.52480518064635
-51.49227868500175
-9.074368394093412
-35.46958046436774
23.27212237482952
35.351995067367966
19.837061967994458
-13.16946118409146
-4.862545591139636
69.83870863181795
75.57023863750447
-25.722236812566848
13.944929928892776
-30.20879443901758
-81.8920172985054
-64.69254261049839
48.67336832236495
92.39961843838171
-61.582258623405494
-97.436698290367
0.7101368203263405
76.32465442169362
-24.930726297102865
-74.65780868076457
-1.0912333113925854
-74.37776587092222
59.268893466781805
10.960031620290806
-73.49355103995245
-96.63791514203174
-69.10298946173181
80.11515323958747
63.95799908078757
-66.51932842221784
-13.082586009885816
-38.235161550935516
-19.611205139212572
-39.408363646973484
-57.70968350503172
61.42588969890696
-50.56842723576027
-63.9243186459544
63.61125802880102
2.923452544426368
17.68109061855965
-44.644076313647304
37.43391723857718
12.772103940098646
-9.451912122043467
2.866661924014963
-75.17576802352752
63.90722619433768
24.006762882298702
96.38912513337829
41.81932137969622
-57.917645417985185
-56.09956358777504
-32.637341867878305
96.20536316165257
-71.38106566811109
-99.61633813103927
-48.01078219198749
5.241236224381424
-34.09574803803872
-40.872900229053144
80.91479207517438
0.08144532576402241
-59.79865825070121
22.14807063356696
-61.95024640554063
0.016597120276003352
75.3398293916222
-20.48363267660929
12.942074733494763
-86.66189509630719
97.6757430657066
54.42456197395336
27.28337884240966
-18.029081321958728
57.6663534375341
19.527423468096572
-24.884700691001612
-91.93298404939839
29.17859567563039
92.87671199108436
61.2563840669481
-75.482614369656
-96.93385853962502
32.53086259591112
75.01050533586098
16.886278698072104
80.10100203815341
-60.121984186023255
-54.605723534583085
56.652096433148955
-80.30423824789548
90.69982422462692
-84.6950808846668
-95.20108505967669
-81.33815542619689
13.653975567568637
-20.275990701064714
-56.8757239922131
41.791765211928976
-9.51757875229238
51.46641037755313
-23.613308381090008
46.31758820727495
68.38213368223666
-78.08895079785609
97.09500257823626
1.0555122812682782
-93.54885697729209
57.725894281333126
55.44948872598928
81.29388855269008
-1.67224930491372
-29.962763403586862
56.501193102770884
50.72277874994623
28.046243086288285
36.82907515576875
-20.312316311889617
22.686015450824385
5.409043433511712
62.43478233287743
15.484120969776896
88.45070031735057
73.24373653212416
-54.104456526280686
91.52640935780397
68.6902970939818
-96.35451258820447
78.3450414547147
97.94109553658089
50.193307079097025
-17.233258645832123
49.70143713120402
83.03007388592988
-47.54566850141258
-30.312450792324654
-31.18424423059922
-8.914549568379698
-3.4916101966425686
80.82181007131811
-73.41766917937406
32.89399853529309
-22.105039379918097
16.686966900717465
-18.875979768453277
-43.37523154155034
83.62955035484867
56.910652655411894
95.0228252435131
-41.388118866244895
-29.181146388905717
-84.15327633956622
51.89214673549867
36.064738298960805
-96.50491489839415
34.726394777400344
3.9947298526560076
4.903669020544427
-38.855366878053886
-78.76299598937749
-47.6265175001805
66.16509599263966
-42.48001383877151
-67.79388199411139
-71.2234136240558
92.34028569797596
48.9969140516163
28.08301450121948
-35.39728900803421
89.1186274155607
-77.182084719228
35.47210627563811
-41.97298046474489
-39.05349487635454
-23.315156880070887
-0.14937236543912036
-88.25596261797834
-52.11840573953541
55.9073026923318
53.51197206111161
-39.28347991434031
-44.01265590233643
-17.242899242739583
-76.83641643803583
62.87724397124873
-93.03038118213132
-50.87475980468321
61.176780745189035
75.88627979395176
46.648139082580684
80.66944432407945
-91.90167615110833
87.91179632942922
-6.715516391404378
68.19307435284
19.809112512423923
-76.30935892654767
96.13360183670272
2.4840296751226703
-9.061183135570758
85.35274672049107
-1.7300943542172291
6.148447713784037
-96.48943839680173
-22.67331316269194
27.721763584401188
-39.2243803767079
24.96511713025582
79.36191061989655
-14.04762980452277
-75.64858391915462
-11.421718602740128
-13.551580207288964
-42.53053596703076
-96.08086881575638
81.40016100180219
-94.04969455810452
-12.60582066129136
12.508874836948067
-79.1854937909044
-50.45349191233797
-94.06486044612419
90.65499561691377
83.4697566194638
-22.058441078553415
-48.79552623039627
-16.7170144185621
-71.54353400115227
30.355501320705798
69.77917075621036
47.470784975029915
67.3201508226885
36.69452033186627
-65.9595167237388
-71.89070836654187
-94.48672553597284
51.144181215618175
68.58038131609257
-70.45162118445636
90.66328318323937
-72.26630000694685
-56.776497131760564
25.48769447453452
-29.61125700073555
4.478734309541707
60.8770090069614
68.27737436272565
-71.05249446346434
1.8107948973072183
1.9698499682394583
-51.9744435359127
48.65040645268249
-69.89332853282811
60.407509856428845
-52.337209370121165
-42.702859274330905
-12.493977861005149
83.60960970903628
39.31050399720698
29.060666579690206
16.252948327597466
-41.16563035955374
91.91377669119524
59.7091944984121
-18.8837129383608
-64.82205991586716
-10.41656043686902
77.74394350387598
51.06416462599381
-3.850765929355049
12.73030260229477
-68.12557292601727
-34.78300430150796
14.337259763877881
-60.14138125216428
-2.957419722500049
1.5495287488812153
-11.354466537379054
99.90297725142358
-88.31503205815076
-99.13464339634939
85.0541469058154
10.384959979118122
-64.22521589956516
-28.041048850663913
-41.37905715958663
-67.36359064776163
83.11697437028769
21.921414904578995
-19.36034277428979
77.56283958692856
45.580930021906056
-62.708020288624326
-37.34747803439134
-86.6141209128962
-76.33207396469295
-64.80771226312672
61.608304647154085
-60.47233856827987
42.335118495910876
-53.92832064456683
83.46418397546091
-83.7079468194403
-39.9802984564211
72.75143507818913
-41.73635211582951
-56.686843176008715
28.134717893306743
-41.22545839555223
31.402231686065363
42.35920898845271
-96.62940372362937
-41.922042096812405
17.36013196441806
66.92343626519906
2.0655962144111584
55.09164923045398
-17.376123877904433
-73.15476374421894
-2.1107601246142593
39.36989548586547
-27.06060275727063
-76.89409189185935
35.042294057431576
-83.91908650677699
-56.41202865922399
-89.66549604581195
-70.10695459170822
97.01871717582011
37.38683822247174
-14.7973691459556
20.15833878246778
-73.23561188303265
-87.44811210880006
-53.518681214970364
-14.037029143476644
-84.9987986513567
-56.0394791918863
-92.38777184991483
96.61058868310877
10.626251785654944
-69.45432053220921
92.66901235988587
88.29653695491098
-53.200328860526525
-54.080077152339356
26.718266621336653
53.56336273845665
-88.8159307263584
20.890875784058352
-33.95342376000741
-41.81430980795473
-39.823053818253705
32.44519301658585
-66.4470055320006
-9.884614128282209
-86.94906967866947
80.91496964605162
-56.50549210300642
-59.30468287005974
49.218588601653636
68.25291306383184
44.71968116229803
71.61043275744805
24.855887804808873
74.59128761331147
62.53500853606556
42.09369448780089
74.01617945935894
67.06083047068276
-23.254218081079458
-73.30530001718091
-83.15104455650415
-57.44728211906283
-0.721662848995507
-66.44034453173433
40.50356736237876
26.568858354738282
96.95797294435931
98.1039407106291
13.404016896263087
-88.313897099086
-33.63211074768155
-49.479423916018206
-67.41403886026018
-28.588209549442837
73.3139483884336
5.950756638156946
-61.46171550646362
98.07575581218549
-34.969116918469155
10.127601267727343
-17.196718332210153
-56.70629691671889
99.85710733077764
28.376999456913552
-59.25419423797962
35.980447257614514
-77.05190633615464
31.25623530178396
-83.2473942582291
4.044922464322241
-57.19553064598462
-65.11387712602652
87.64704682124022
-33.746128035701645
-71.02858506345511
81.87725155763016
72.23928508236165
-92.6868487431459
21.43836750717098
46.54370126728139
-67.44234188205485
-65.17306328852243
74.79067214530747
-53.58843381452563
25.462450360584455
-90.6246930074764
14.106198203889605
-18.690258468127467
-2.420282562425726
37.21207135594051
31.963486038991448
66.59084762393528
33.51922765288694
-58.146522554991556
-62.4425993917213
-70.14986673814654
68.88769479441964
2.4571215651583316
-24.147630198986135
90.20932237015674
-58.728708496239214
34.78845597956857
-33.39864277700906
33.09529544747784
-37.66374598810949
8.104563520454704
91.1969887021645
-79.81325283294905
-10.131926366890625
-32.871628559727625
86.41657891214595
83.04067045838451
63.61399313776482
41.867289819746134
-9.009545179993864
28.84188394178696
-16.39920845982749
93.40853363836825
-66.58694040174052
-94.84364148008714
72.2087395425159
-71.4310537913772
67.77692358903977
45.02864648047341
75.93317600641905
-58.0375860597057
92.64510285037457
96.41395895136486
64.97419509963493
-48.09157710232888
-89.45597388078188
-38.40590657982763
-5.015550388686975
33.07258942281689
-74.43695899444023
-87.17048789197777
-87.52583039985029
-97.32628846298923
14.881171608427522
55.92181759710698
42.33651907859419
-36.80547008604733
22.081097964781463
-80.94683963444652
54.92671647755034
28.419354864959786
69.29830053966327
-95.028100301173
1.678656041791939
71.95678583986736
5.711196866579101
96.24351902838413
23.0842113959213
46.82020148797608
68.4995693506871
8.434045350950868
29.096819109188857
24.465619937661515
-64.84253724521625
-65.8549716052978
-61.3756442013021
41.11724302408666
53.962407858946506
-5.756839252426431
79.66563737535537
-30.804233229635884
-51.75901577195607
14.621895388693318
25.369545514003008
-85.20467334091984
52.876537083817595
76.9925445647342
94.48592767501464
63.811491151346104
-33.974089044769954
-95.37009161755465
88.41484386035904
-30.462687021370627
-97.39458549215736
-7.6710379673756535
46.76616385635609
-34.76630769834898
-93.22717195981312
-14.923511764526737
42.07753342240247
90.02314950460558
52.85557993930533
-80.7825234929611
-2.6657973862466804
-34.80857623841216
29.430294962939342
-55.02099193207417
-6.970346620721386
-10.272200204169806
-94.75636719522981
61.079718248937894
58.24431935883635
-79.42613171937649
41.627488141176826
-93.69148991525891
9.088365667770915
-3.8352965999680606
-70.04026333156999
-46.69316455259638
17.132212071262217
72.37112389268688
-22.46347924030769
-44.77364299450839
52.288028154697116
99.85706130296055
80.65346589384143
68.05514239864107
-60.13410642201325
-54.01627277079311
-80.89580229915747
35.77428960617223
62.897921845764955
50.87191568613011
38.54368621943905
-80.2153891499103
49.49019371610569
90.30088838544711
-67.08481347578459
-0.6860395681271569
15.882616841309911
-44.18182488919684
34.99512048607983
54.40712519431014
-41.10835640938926
16.544564856169956
-78.31453817045178
66.59702801450501
53.582780295815354
72.1158114004028
81.8585347051345
48.341585208128066
-82.18671770972406
43.850119219235324
-3.3635909491630116
57.5800223863007
-62.709812948301604
18.685223281089478
93.25730549298814
-78.18393191179811
-46.948431612179654
-88.24852583362843
46.49435812622275
17.00285753482045
-78.0950934274222
58.82002614584218
18.14853000877021
-47.905850237187764
58.920005472992955
-71.36250517559715
88.94869663015905
75.02413873556111
17.269691632056265
-44.422096453003746
-72.37100801570028
5.134441727089552
48.60302494709737
28.770825102509008
-35.34615082872105
23.126016924770525
65.44758674549763
45.061211610502085
-66.2090356591885
-88.86752159998012
-43.71415403409669
-36.831801620689376
-59.39273218517871
-11.177486318146677
87.60398203889093
-49.404446425446835
-99.68271975848104
-83.54077145234629
84.59179702375627
13.49647695993113
51.25042340634977
40.943722214234015
30.662009182784487
48.87736004693636
87.81879659271621
-70.35414400000943
19.0988616646691
-52.57125683338546
68.73827088818118
-9.092241755285897
-13.729628180929993
40.27217668313102
-84.28016373081275
1.7345476875970007
11.820320654060865
-7.736718694296016
-28.744944544120614
83.5234772562722
11.9440452560752
-46.83549869030117
-33.34385795175106
-53.7838409085233
54.23835868132346
31.79550200655507
-42.6255562951662
55.758321205750974
81.9474422838448
-78.61814294285429
53.163211200985785
5.276843022841277
93.53648506229905
-35.0781862203923
-1.9592492104250567
-10.836671827363233
94.85289891421041
-82.57303568389148
-93.15604121040795
38.33670872198525
96.07844863986838
-69.88257770506856
-67.34340016897244
69.49303770419431
17.130896537906352
-0.1499346356677762
-97.35204807067781
31.966348375679985
-33.41164664450007
-83.2304821663474
38.49922220154741
35.80397569702228
-21.124114754158896
9.798839106275096
-47.415257412078574
-65.08919792572938
-31.65641838631859
-72.37089204497485
-20.821454423535357
-49.17099368848579
83.84144902099399
-34.16426799664217
-81.21149565953655
-19.636219290744222
-11.089637675183099
99.19739474709317
91.30539936652522
16.859326149325994
-20.005471308441102
-81.53628026494934
-50.0890899412012
-47.970209053700245
56.230425820762036
29.99508541610976
-87.79148550109352
79.40553796140424
-6.232362508586945
15.75434317668703
59.00321888566114
24.71059626018541
-52.83017085560484
-61.86135100306114
8.910870890981442
2.262446563992242
7.089277035333083
54.02532018153778
-49.85400521998251
62.875929897791224
41.65462324103032
-25.696915586923993
-24.93916823951193
-49.47488799509201
-84.35252354299433
-62.19508953902548
73.72383417734952
47.81102424244074
82.78004742482409
-86.89588975577011
24.797808612261107
-8.93348851811406
-31.076889323539177
47.8697972008157
25.177077206489344
-86.30000828617679
-31.9786006318042
-94.51219085536965
-97.45126296572751
69.94170073380067
-35.32735609529223
-78.1990991295511
-54.22078464922351
56.53820792092833
-89.54218203980679
-2.4856275877352942
15.76224798336878
9.502071815161898
69.27088182677133
53.27748479775181
51.027727767405565
-6.012392845577793
21.87459356819994
67.04005589081689
-60.808078007473235
13.80845421694157
31.62093460973847
32.130814363169804
-7.623421371307629
-35.41790901483894
-72.20094247985605
91.47622750085105
28.30578323378211
49.02678196850539
27.09807526042269
72.49701864031547
22.703395951174855
-72.37112999190379
83.8963378408234
-3.6922137998445663
-62.73328448486224
-70.21594880869785
-69.81218050689438
40.5651750262212
-88.39230689767604
-60.332611512500264
-76.39433396574091
6.385048655893115
-50.722089704318996
76.95913266024274
-11.340411503096107
-56.8199139682753
42.61511014475698
82.14637991519652
-79.05755336053019
-44.79807119218013
60.13874194832968
64.1326001535173
-53.460680953588266
-27.16107340849439
-89.9965581917354
-93.6496085193413
-58.58344304610898
-63.99579625942358
-97.11856085618635
-80.62969620123077
95.09270021125099
3.0701890504491587
55.23294230991911
93.37987578444228
0.328328120405601
22.396566439266778
2.306238125875552
95.07321203525731
-12.15558264465919
-79.65910810060953
-58.583005312886094
-30.167560997134586
-92.92139679698164
-86.23773248010988
-99.74666176484126
14.976881844506124
-74.26003003524337
-86.01245333891971
-63.209609482157944
-58.506211074557555
83.88271633500841
-72.39914464094441
-65.56866127562229
-33.94526904039917
93.72069112383178
-78.10053387333275
87.02580042886984
45.797788871653125
-96.5330596392072
-78.49182588812542
-44.73022876784525
34.25952519734386
-40.89558394815418
-54.04505906975628
6.53728669909934
-33.71007940042507
-20.51194787012676
-0.33557878699355115
74.21657187616327
29.4042845738704
45.262759513873306
-19.52169159157144
18.84313507969972
-60.50736537794208
-64.82901968852681
87.85471271456947
-44.85598244914062
88.77725283022309
-52.15308537401011
7.27787743420177
-96.593831911387
21.034486853341974
25.514899626887328
-84.58211537395863
45.95820898586646
-90.82660400124524
-63.7135669821719
80.0511517015444
77.2209204405041
-57.35888095286412
-68.77032865992084
-85.81029109122098
-65.56821273347381
-84.03426659464613
55.10848596125214
27.631060602594545
40.399891667537474
71.03779712240163
-67.55599170581763
-20.857296190145775
-86.91598421816713
-56.15017754132834
24.8723758532893
-86.10252806467338
58.554415738641865
-7.969699312925911
-90.8580460979679
-25.99563467489523
65.45040465962671
-60.989872801778745
-1.5470001666091378
43.78937334645852
-71.40029252668299
-57.683689907941236
47.860135817690235
46.655052126271556
28.60424666948569
52.18276256885818
-82.20082184800812
-89.13132265297313
62.92304737047965
5.968889388314864
3.8651928770928095
20.120200991353542
60.33976655009269
-37.785758603836015
37.953040685808844
14.674625920332346
-6.449401319924448
3.5772797066880884
-29.70889327094443
-29.59449321827934
-30.58432528198645
-89.51310133137038
24.27700416958973
46.18109091561476
-82.4850908688153
7.051341346568549
-7.024919846285968
-65.11110668669048
-42.51591686798199
40.41562872372742
99.04054045467936
65.48309228759706
60.045233782176524
-83.5890610264546
-44.48761886392268
-12.746250928952847
53.2598359268446
13.83288699141734
-60.111134840504185
-29.753937274387553
-85.96874722021086
55.177974719137666
-24.208492293737578
69.00179350633832
-27.36771022580922
22.02966436879838
68.31384662439058
26.50364056613732
-99.42264454225108
76.00482125354765
-49.33770680997274
-10.084824527033902
57.904853214047165
90.13337305320647
5.28460323516768
69.51603642900085
-54.07321905285802
59.892194533236875
74.62680982121995
87.06466116150412
-25.200119551900713
-62.1881993309018
57.42816622827064
55.454746364424466
54.72179656536255
92.56951184144947
-15.836254350535555
-70.50981457402692
89.27042031133726
61.61042367687176
81.3513352775704
-96.19592512948833
39.26762447137523
-55.89508421077232
5.187896597576682
-22.170967337532915
8.113750658106795
10.53714040181373
-14.249386302157575
13.17594425777773
8.021057734710752
72.83211189148454
-55.42332062458808
-55.82675834019211
66.71668415374629
-63.08352436637066
-90.67769366286602
-75.54765580162366
-10.407207422987469
-58.14354797743655
80.71350937914252
-53.85702086053048
62.77566378793426
-21.890920698946587
24.462410002556112
-65.74629564774389
-13.312225419287245
87.52891961496087
18.013083363951537
