-12.071734604709917
-22.341924699627526
-65.6026878171632
-9.40499070679654
53.813685660533736
26.586940467715678
69.21879880012577
40.413833847975155
86.7202302712052
-34.43590858570586
32.15355296784114
3.476149014612645
77.22334189385066
-3.5202824805743376
-78.30110103796301
-5.487182486842698
86.2757167257518
61.17670806201602
-23.692890943542636
25.168380758862966
-60.16174896851945
-91.15228610320622
52.81676062635904
75.19835702159608
-48.62576389066107
-96.99558970826949
77.57976915907946
-91.58418613248102
-31.498274132793867
-14.593551761788206
-20.11887680771079
-47.97152884305391
-32.40494856528903
-87.8154593037438
-61.58027648118984
-61.08133541133813
76.04369930145097
66.276218276609
-91.66412355729705
-88.90412444573572
82.94926837417219
19.507585560488906
-94.34528162690341
48.086226666664516
-93.07694177567458
-77.1692911137454
-3.353394699710094
-93.42637182030289
10.196362527860174
95.52451215688416
-17.849555770656437
89.05973136302146
51.04512940935106
-38.63150466925875
-37.94191186843481
65.31891580414924
-22.383526474077087
67.21689991649816
63.0329159487336
-9.897076006659276
80.86390063385153
99.43056981649167
69.18977820940341
21.971597792953588
-93.52737941465156
92.25990405643685
35.42654649747962
78.00794871179062
-85.63839472747708
92.17188750861206
-51.746970903248204
-3.9597005963650815
68.62114844223984
-43.43416810457978
-74.0300864974558
36.790364238525456
-38.04260593371862
-59.11504920878596
76.79009597713573
-46.42072458757169
35.756387191428104
23.13598493703178
-27.82386316208816
47.0270984913617
-97.15111362426146
11.820047333067606
6.929977546927006
18.303238493369236
-18.400320664391543
52.200012520429794
85.7572899950535
-98.5006967524305
72.43249898311237
-0.6958813090504776
12.513045225924984
72.12504356565199
-6.040012731387122
77.27938938124615
-67.4712254115228
27.522203152612732
-95.9725626616188
8.04795729842725
37.51079323903474
-22.987060252110282
87.49733025045055
25.32560496208778
93.64743111219306
35.393639337829086
78.46878811368984
-68.02684189887324
-57.07501866977491
43.182611504237855
-23.617812349822103
-38.84439830283575
46.631004557046396
-29.614775429534717
88.63098605248186
-63.02290215188726
30.81282890948401
78.46511777677966
-18.272713569976887
20.331033433822498
37.02202979933432
-86.64112876561624
40.624450758564365
-30.86745184993194
63.059264858625085
61.89650312767927
79.72702418441403
-81.75520355790195
92.78677480358843
-51.46593878970762
-81.70681338466173
-1.9890163464713453
44.55864799006815
-71.5944270228398
-84.06357308973054
7.563960188235441
-92.22406329536722
4.2801625680336315
94.79557954445644
39.178868315676795
16.187940911272293
-81.03144741128732
-28.013719567448135
-66.21250779234612
90.4427716594758
65.54960589090331
54.23521962541011
-79.12722916716461
-23.044733020592957
11.398233565197359
-88.35128522127846
63.96874435712937
31.914371397922423
-58.829967078945856
-14.614304414705927
-5.96309691733255
-25.774310643717314
-59.57782665713787
-61.21490881465035
-44.8471701031113
19.4167701063529
-19.15223844208957
85.43811146032328
-58.56134090700307
-35.2380019227714
83.62024303124076
-57.31338990657557
-0.10353128156548053
39.354112754333414
12.65489203863494
-8.823898480226816
-95.76537224978394
41.80212593447553
-26.966807478185558
69.09004342237989
-72.57586128591899
34.098545628558355
88.67108291904819
-11.660080148240937
-68.32529212736411
13.259283808234429
-2.20940743292806
-63.04205561953778
17.212485986946163
-81.5733021826271
97.6407043328685
40.029151680059954
91.54435989458312
-57.93120054254632
-49.970151615627564
-44.023456672664295
-15.27874807663423
-73.31012802491605
79.78758935260996
71.95154908833541
-42.69390758053508
96.69179547144606
-50.456545162215825
64.40237268777682
44.00134465375035
3.8126536012151178
42.95417604643819
87.66430759995535
37.269106018252046
-40.61955136403241
-46.8283413055341
15.63692617791132
10.806283582241988
56.97358142655554
-3.1375161825668414
-4.8713951087718215
-91.88067727847549
88.54997595977201
-78.89095147634055
-16.38854055146102
13.46293365887577
-97.64863212768037
93.67162359622623
54.03160741053813
-15.413530719198107
-41.357118109438204
83.01362978822138
96.38080957174898
-48.51226865937437
39.07228918863228
-30.30149604118631
-54.181628158967875
14.630690931853024
-94.13921542825747
47.71057482248287
96.7075654251521
80.87255586055059
-66.8224251958793
-25.21085022459046
-30.89767618494544
89.13157449846943
-59.64326702670284
-99.92967242527354
-68.24258408687828
-0.2750801556723417
-95.73738675699481
77.50795332920109
-83.37473457946606
-62.24304337990576
26.88481289610442
-17.77548208929231
33.058467274533285
-41.94938590707014
43.887063728234864
24.80378731608161
-3.3940890036750204
57.53407405031268
29.832190718760586
-32.78077322746911
32.48725453451266
38.86924310782308
17.3463776449712
-42.26129123226316
79.39026248283574
79.19361858400245
-44.168839971913634
-53.77802410787318
-97.18108840412
35.38767592962202
-44.67255365459868
-11.485048314621736
-24.603551595160212
44.3958261764173
91.51096353667305
-21.53600781703942
14.108703649327708
11.066557964297758
-46.712067767940965
47.64631855414535
6.733032044808269
-22.364560690244858
-99.94482289601227
-58.70250155296244
51.97216589201216
-57.43905673459886
72.8910182404475
-19.758871459208095
65.43581235973807
25.355422011434683
57.882900165718326
-4.327112449004872
31.9066311928392
-4.731047415213865
-68.82270650313471
90.74087456548608
-18.535301915374475
-69.26346001355435
35.285728336151635
45.06896237848238
5.338986321247162
24.7109374083726
-8.369921018959928
98.17333766274444
74.98035006069384
-26.004257813970895
-67.08117670995082
9.279191754185746
-21.980116844830718
-32.26315607067643
-74.69806690502854
79.34629191267052
-20.463737054557512
-48.71938252650337
-33.87725064267629
41.91419427469694
-43.605123556669255
-90.1546132280775
15.06251956665065
-91.4763890674606
7.335884911477592
0.7512861784911848
40.584737122001144
-62.54877996557957
-25.117681470927195
-73.1548450062414
-76.24144270480646
-25.98460000106091
15.708400272082713
-9.59689750480149
62.41686530425321
51.1837412580544
81.03801167167785
-34.79046417573892
-42.88044332924732
15.922531096696972
-42.04084231091587
86.98129646895623
-7.996255835687435
-14.97134944698881
-69.24625783522006
21.580570471368162
90.007941076762
-49.13349747472924
72.19114781159271
-22.15203147145708
-29.185997834739823
89.800802833398
16.73431786544886
58.31289597461844
83.05532998067918
-57.180378473458674
1.3283808881200656
-39.4480182431981
-0.7923389714611204
-73.2366855165018
41.37009042776262
-41.16526833155574
83.87186716307716
65.58421691139031
-25.095848182558143
4.301553818014099
74.68773929459886
-79.20247738362598
82.21620825705017
-84.33462606251865
80.5103490759634
-32.42699751926064
-55.30896311898723
-58.66554312509498
35.02295572131163
-90.24609699087466
15.201098783499404
32.38957635414502
-2.5040320651590946
51.50645896720795
68.65110121152446
4.141930004897333
-80.72966498455393
7.672937332758906
21.954036170809886
-12.243228591486229
10.943090590710241
10.999309367541372
-58.24987208178576
12.994759021174062
-37.215474090643205
47.67481318298249
84.21335339756169
0.3101965481671698
-80.19736913695886
-22.462240021428116
-28.79463856776185
66.33259772768241
9.603524762401136
-40.81083768201845
11.678952791136908
-22.877192813971135
-96.24446003067155
40.98600558196384
73.04198138321652
60.96162468384935
-1.6932317105067227
-12.042000224669863
39.700021607028816
-68.95491826492028
23.432332853349934
-83.1977920240859
63.21033656397722
-53.584654560413746
-15.964550962787968
-94.82555395578709
56.7684497627215
67.27000281004095
-75.71940600503639
-52.166977415063464
74.91722211765264
55.55300957840035
59.58504086801116
-98.9258798961417
85.37523823680269
94.80723313989239
76.8008756093
-22.85330924522411
87.3811697702989
-34.596531255351096
45.54453755502527
-77.75318076500201
-70.58478054075543
79.08266525261024
-20.5919519873311
51.68405030498678
33.703342801521245
-53.76461426902932
29.768166746827205
-50.51914255990708
41.693074142631644
48.020967202168606
-98.56633630650597
20.199747275380517
-81.33440910564735
58.08456620557257
57.23403439973126
-78.83055036771272
7.68362031834377
76.8776785603958
88.835284574556
47.30287931151986
-57.16675260474937
47.59793655121766
-19.021544370881614
-61.17530724023672
90.04232207560679
73.35615737164255
8.389905194540944
-61.452311517198744
-59.28785312531899
-82.02059531288661
48.187558434475875
-43.46393730209528
60.63705881443968
-7.013901273563249
79.86314016684932
44.7719400232082
-11.594991447104945
-32.02961140608478
-1.4136661745581875
10.115188713342803
-69.3349440888565
-70.7749340896878
93.93854121044973
-51.908853985455835
65.6274518324658
41.782944809912635
-99.40447242265749
42.14797893538628
-66.343778723409
-25.88270908666594
56.058678390221445
-14.555033276699206
-74.55799125635517
-23.58488462498738
10.432459531334985
94.86612670314446
95.68371515458384
-9.006414655387076
39.979322895386474
84.46096094707903
73.86784098914939
-26.19255696206497
-11.468814054153029
-31.687269852086033
-97.73619468779057
-59.210577742712985
66.86794586542652
92.54262894198692
60.09417517405723
31.274499892416742
95.99200388697665
77.30976836774332
20.469439769478797
-35.967217330610495
-26.55687020132875
50.236619752413304
47.86783827832923
-99.85411031538499
48.459384741601156
50.51402101413311
89.48230686954449
22.3231722633288
-6.543808065394316
30.151786015105273
-19.64792407464347
-96.22142097982666
25.196007121433112
81.64037746463026
-20.83005444153632
62.43321478839087
62.454517107046655
-92.60385916113636
-66.88883530588629
-1.2459354255491633
-38.90308986194042
53.52989711959842
6.563528896648748
5.46351971776464
45.99377512624608
18.68381840260851
-37.59712240538897
-5.3754426446578805
53.466612870391316
3.9271414116357306
10.171695615893924
2.2269905496775664
0.012006462873401347
-33.06922326309211
-49.75508131858384
95.3728754182913
-56.865103592871826
66.3403791159001
-25.379108307516262
57.70823315021855
2.0205920213056032
46.76402463417472
24.499237448722596
-27.360408081917882
90.21634651781773
4.726094357992821
73.29148109913558
22.360583412566058
96.17998170166092
-74.12647752698558
-23.2670434037058
-4.4818141799024716
94.76825666426828
62.677999342051976
35.16516368222884
4.710246848874647
-34.95057582827863
31.544876999193207
72.32851251538426
-64.44699709620095
-23.24313950402312
-96.67982032653714
-44.016131543985026
-6.121426743379629
61.337618005718326
0.030559485742926995
23.830160516798514
-48.44709964761762
-55.19297200375437
95.5436602204301
-58.75773396675892
91.32737398802982
82.73407722412728
98.54846218922916
83.65149056161155
-25.476136146854515
-94.32385839388037
31.520889326898583
-59.13265373889236
40.498270489365666
43.68416599848109
-99.23039003376375
89.8162320341313
-5.414675718352569
-58.012043910970654
-98.88644984016068
-18.401957500886553
43.83411895512012
-8.157457533756897
53.52747016711476
-38.415423388700745
-64.27024869367754
-47.772363259706154
46.526213266250664
-20.349081583188422
-45.38212310837522
55.372999438183825
31.724626347291036
76.04307516078552
-2.028947602685662
-46.741864885948246
14.126269195744399
-13.391582520133909
11.54565712093627
98.45276819461876
-77.07345060208121
19.29942630596004
-31.806320627798186
-62.95557569726542
7.438447109016735
-55.77453484305281
-4.6964739314652775
-50.83432887100774
41.55722804487556
-88.2387173813328
-32.33100244052956
-24.628540311350108
-80.55931181181248
-7.0070033307084
-95.92235731110115
96.70233590739312
-17.35530429183558
-62.73512097103158
14.742919173248083
-26.97305562582899
-18.41935743246124
78.26463597363247
-45.81383739357332
-20.95550483412248
-59.280498514775346
-44.513495145508706
-82.88231276536578
18.630975836708856
89.92493611724348
-18.25030415018074
1.8311369125143813
-33.88799323065885
55.61389507220355
95.88882983333511
-86.12647964707789
-89.03793568656744
-5.487980548142431
-50.870103795703294
-96.64179799556585
4.8098255086327555
-76.08210199801306
-44.90506831207004
-17.79680740399489
-43.59556763380637
-65.26672286408154
95.82237435929443
-36.30172768308408
-71.94615944116079
-68.93161968158176
65.64753877028667
-72.76689718295515
55.50587752828119
-0.08781221130482209
-60.767801968489145
40.853082171591666
-93.79714776660511
12.297381422348536
72.51925332919842
5.370093758553679
-32.7727026654691
4.858777279563526
-96.44966463332074
77.70546721440655
11.545055009010781
1.3793530032224766
95.88939282888919
72.42219487599627
16.87606089928056
56.378145107296604
92.11551171051772
-62.15420812895643
83.00768947211611
-63.22410076142504
-11.73489387542297
-61.9757567649502
-81.56891081372896
43.29725563808927
83.95688280795562
-35.171411857086426
6.451372180909829
46.70514335854173
-40.68534328385525
-31.846131349346308
-57.06777415946567
-2.965107958914743
-77.9945891520415
71.30663432316908
23.170161250168846
36.009832559245154
-3.1072123444411943
-79.38349470219194
-89.66291677326221
-30.799049483038758
92.47893885262064
50.26376730781513
-16.73287149634963
-50.10458666091182
43.117510446932215
-58.625512678644974
26.49857491963523
-23.039267571455
-61.597447276603475
-52.75557769592369
47.55111502814191
11.803779130090518
20.736624074504363
42.62183229524567
-4.130756139821926
-90.94144316115332
-64.75654368043794
-4.633060360660622
55.65111232127737
-19.389489224163526
-59.17174589636198
-66.69119553572219
-95.72876638855503
51.36806622998728
-75.92684406208043
8.525512928028192
80.40090456485072
72.80307199606196
-16.96978267925313
42.40430735768547
-33.02123001795991
-48.81144235471611
67.34028227522023
-81.00491683105923
26.561764020033493
-42.14152048082349
-32.25451844715268
43.21192810480636
71.75038934545424
-31.72770202352136
98.77643242163765
88.25882616099327
-92.33205527929007
20.46581293929721
50.80178488704726
37.31741594712133
28.09572125029004
3.3665199527978444
-55.13338340865761
-54.87314861553298
-14.065336332345709
-3.233372846114179
23.582514815503572
83.77449593801379
-16.613230983611487
-43.83125987148462
41.63039707178808
-37.05417398189754
79.6392606796575
-0.0589599901793747
60.208744419316844
-50.18016348813479
64.92811802876881
-97.66916052632033
40.75145858581948
69.37518547855436
-76.36971704703598
45.16709944297605
-90.81981038582781
31.449972106777324
-77.84749782460287
17.003354943564574
44.84087993437268
77.4721126814373
32.577227061464384
-44.981643927675876
26.59571512413605
-42.63215900424551
-40.60886731226141
88.85189991019453
-79.78375659259618
-71.67774084752605
71.95046491915221
-49.088147152848016
18.78577937742824
-19.775673237576385
17.723360431895145
-37.84878991182508
-46.80301106179492
-40.61134535396065
43.496921381440444
-81.14993853033856
-26.97651646832429
62.14932951630823
-1.7309225750125705
-83.35297156558616
39.197264551401986
-96.98064042027565
-46.97753511972
-26.754928278260337
-54.90890869775533
12.477090675135031
-1.9124425929020816
55.57368302826657
65.5350151930887
-21.11130465751077
60.497157749151256
-32.434446601206005
27.735053499372157
-92.77732838185075
-1.3124904052181705
-69.20547350569608
-45.26633939872813
91.38531082621532
-18.95520111968476
39.43413795156323
50.45866607487446
28.894271148306814
-52.86203306504484
-4.507409783861547
61.04511209213791
28.26446710988182
-66.41104635168273
86.66578058795946
-6.915557709148516
-76.0556331735016
39.800564801152234
94.36583870626188
-72.0500945670953
49.369215983679794
-14.94715444501864
58.20883659406098
-54.604551385051934
-72.8764759074739
47.63703351981712
52.83804911614419
31.593598181038402
75.44961842069051
-17.11885217084557
-85.55698840754403
12.93442207251698
-34.73430761375995
-38.444941952802594
-11.802314571035282
-82.32822016282628
-48.16367045365093
36.304976364750814
-11.113091422398554
-56.50583234855298
-64.8359156981317
-20.964879482149797
65.60593937348253
-52.697652766579274
34.57976565952194
-35.58286844228698
99.93037902036161
12.584212307679692
-18.068555800842432
81.50829138429262
74.71005703579007
70.16283918043592
-29.99904052311379
31.787096517264644
79.26107086861731
-99.60706328093349
75.6069869608182
53.06655418158542
11.735081978992625
75.1946902330858
-30.52841601433201
45.738968871743566
60.26682489057933
10.863692329256253
81.04975728533373
-5.172828776829803
16.955741043917598
-76.10677962035062
-91.01266169119293
-58.76838546893628
51.978247195099726
-78.12555620342093
-33.62979908534575
25.393916743541453
-35.10049940006547
-48.02284470527971
-99.08738602196581
97.38829351845928
79.00504230935655
15.479006277356902
-98.96427801618405
42.63870033501925
-69.87894239337177
83.5597851589394
55.68936233293272
22.845999584041337
-38.64167478305804
71.35817338141354
72.9159169393352
-39.548990785515926
-15.753291866441103
-52.25534003699166
-8.4441970080765
-11.770000558353772
95.29785455821698
10.807289332558994
21.053240565946595
-5.564942214152225
14.51266574715244
-81.04934461110352
86.23270577503925
-43.883386309396144
67.81048791219501
19.31053679071877
90.10463984040774
-40.150757009255145
79.34375008785923
-12.486176917151283
14.481956581277643
-25.53919903646529
-84.36465201994183
-59.75921053310247
-15.044026619160618
79.19361391970978
32.535217577429535
39.512257496431516
-17.53974008946524
-5.722691917183795
90.7219703795173
-23.44931120745744
-43.21737379142343
18.565889760967465
-17.303595155140044
34.221425978311316
67.35962639360747
60.58290076840231
-36.34750538748437
-38.6202715211376
59.66655834086018
-85.57838521592751
20.148875857647482
-75.5189743379916
-57.79868185988344
-55.41911305581566
79.59985950035414
-99.29186635498317
3.1316142661940347
-32.91717509745567
-29.149458505552587
-69.71269561283462
90.1936937581784
-4.201119438303124
7.595573946922826
8.956831142426665
-75.7315256409808
-52.97609520231457
69.40169349351481
-86.19056963448529
-9.40207097779684
88.97350402309587
-43.947779766394525
40.208128334534166
-12.387822948731667
-74.85486545534633
-24.802847312640836
38.99787062731812
-9.607122048061996
-39.567281498300666
20.998120486996186
-77.76768408880878
-60.83559732987798
36.32986317063592
10.518969893882812
63.14780474681115
-89.09532227646358
-43.043913614628046
-53.00243306889436
1.0418638868478354
-56.668525439723936
99.62745219549825
-88.40736340048952
45.27604597643534
57.25047119275604
73.3910154337604
-36.78131396030433
-71.82317957786225
36.34807494507436
-54.392640862009614
86.45330065679087
-97.96077695496115
29.635722744044813
-49.329298107252086
54.576040938041274
96.07581735057906
78.31379615503366
92.59737060371683
21.586850593171135
-50.49824078282139
96.88263506725502
96.1830450323148
97.28548397376869
-45.55902573762782
52.851929632577736
85.8316199339969
-54.798487369665395
