-47.283097264063834
37.67506825422777
-62.15363791971868
80.9936565862842
-96.44645194294483
99.7706021706968
39.88855927328245
-30.19996416830044
38.05713483507702
54.28268044967763
75.5827272623059
24.225234632893304
-70.80141442054943
43.245756448196914
-84.78270791368581
3.0103965175034944
-56.77962632687314
-80.12971501380372
-19.836299510480515
22.883977082783048
88.91411568404368
71.95759864002994
-29.213396684839125
-82.59610025990823
-60.3281057250836
-9.873890760386956
73.41731266683561
-14.820693861455837
-57.03873460131774
-36.09898379523357
10.906281974474652
81.32201823014233
49.2909670123191
-26.296779082850108
-49.874517324906755
47.68665270899973
-69.47183408824611
8.459059254856768
-75.80377516718401
-27.95557118543283
-29.459160075557534
48.67881989637425
37.7361677138465
59.84020592047236
93.28932349501332
-63.47160763344573
74.15007297800236
-82.72705256040942
-4.0463665809850085
76.72521522149225
-38.22134132566648
-99.13184050880936
55.95395039907987
-99.21432772097396
-46.56096264519496
-94.16988776929327
-74.32946019749436
13.680732067488833
-62.263723950461355
-64.40325335795384
-1.3764330188146658
-98.60478594080908
-6.100031944312079
63.384745453485436
-93.9673061020399
-40.03287658336851
55.530111638163135
0.024293959398448806
-41.21323766746323
-16.13533398736257
-14.408020779678694
65.84979657398904
41.688420565835685
-34.214878172262345
96.39326944310679
-30.934535446290283
-93.79299929495654
-32.60495311831244
-83.77940430630406
34.67692781958223
-47.28338951295643
66.74230493698033
-87.5367797931733
98.74328335171379
76.45618247170563
-46.93086218815179
59.864297680222734
-28.23823243179669
57.123747791194944
90.66686544848096
59.25751355723432
48.94740907650274
-31.359385839077518
-50.55297454096841
-16.740274208049073
-89.14148892330152
93.0203429248707
-64.0147645819826
54.63869816451316
-9.454499606326166
77.24989916726872
-86.47417573848097
-96.07053418684181
-92.05647334891285
-71.31848492871084
-63.41722252111821
-18.119253376200888
-57.406055862846436
46.26701482761595
77.49401446069888
64.81127588289775
82.28673766862971
-48.20664165002641
-22.763839620200102
24.711300827186335
-2.2515818464666495
-26.06657945790502
-18.783940397833575
-42.48198159262371
90.00656929997291
-50.128393101884036
6.475209695467356
97.55706768799598
40.999518368277165
34.10154147971528
21.081173578569803
-65.86201261252793
-0.20683234665320072
-65.10893004805058
-13.669124859295607
-5.998276704572362
47.21487021909917
-71.78426516010717
-89.13249810667216
16.743152060939153
56.44739030322904
-76.45705699656591
-17.259212456798622
39.118493389098376
5.471740222469961
44.68906801467372
-71.65381435656468
15.715103923284985
-56.37819008058032
58.68132079068451
22.533617747840864
97.9781717712097
90.66105335580082
46.7257699392606
-95.41937973842354
-53.49987103888687
66.64768717711667
-5.424303715848879
57.8388907719596
-57.03779408457874
64.09138187885648
94.75980505423254
71.14244693228125
-63.26466043563672
2.028141316857429
86.74639152704492
-4.848768786361958
-51.079384417776396
49.42199233875783
-42.8102180921629
-48.21282849907212
54.60417041362055
-97.75006066306513
-23.81820245694344
-75.03985130021795
49.455671096690565
57.68348803392462
-35.82785142583474
18.85252040928131
-89.87109921434833
-73.40218783726525
-95.7198178597013
-43.11154636860339
9.765054836446765
-87.88424537060114
-34.46785754309532
-65.19748142868951
3.850675747401837
70.07769918774486
-52.79991786801541
51.1182965680438
56.09536322782321
-46.91270673543904
-47.237357420922365
96.64108239855099
-38.00130272654832
4.553720167480819
-20.299371442002396
-89.96367949658898
-25.164459227405672
84.14386131931107
13.355777480223281
35.5268400541529
64.69253677438235
50.368276079414244
89.5974933770114
60.453603294955315
33.04224309215266
-85.04687285133463
-46.630271690074565
28.30133281711815
-60.48505706744831
30.515934526226488
-53.69111211860049
78.60630981309254
-21.53272494240892
-60.779091214935896
-69.15456515818829
-68.29061124137696
-37.93128844084117
-31.49294067720328
13.55409763483064
-56.8602759170022
-48.59865156980953
-66.07518587793561
-35.1868729333829
-76.19139631768981
28.093288064961314
57.66989162226071
15.20657274220116
31.932896230309126
61.533151076931546
90.89480933414441
-95.90436667947613
-54.71744118562858
87.82520119128253
-74.95373534873164
51.28198854943912
-5.16700423528971
-29.711830807935115
33.46335129340952
33.47078114045743
67.43674768780247
63.02029046626774
-17.35168159597005
-84.96721411859662
-90.23986442764274
16.688994734668896
65.87835238014102
-17.11305786110991
32.92502549448605
20.654247345313266
-16.322139684422382
19.525027230473896
-36.92451388164335
-69.17317070450339
25.990701151469892
3.8579766992706084
-85.1115414394391
76.708588335499
79.8119800117457
-38.79349843431965
-32.77588226943821
17.71624977760804
21.35681468441473
17.812276683111833
92.00574926324038
0.4539790939058719
-94.57640612465192
62.50268770579953
18.791120040284426
88.01159309055478
13.722350285371192
5.208810709118211
21.448598527189105
-12.385632122117201
37.15540342295682
11.412164993713532
77.39334812629397
-88.38150719777542
-22.9865615980203
-15.229379661686963
77.72636192812999
32.5150549379816
0.918367776746436
80.86194224286166
-92.03544933956513
9.905882972771423
64.84376640903756
88.33408734407175
-61.25298968880855
37.94588396927264
-31.853629916978775
93.03608059448939
59.817518518535394
56.13319446555221
-54.09759993075405
-85.04067250605553
24.03528678791953
42.26497518713404
72.16521568698607
1.2577520172244192
-85.9139120655596
-61.445376466237065
-45.058022747717196
-14.528643236738588
-80.81106749680134
93.83077481739099
25.225168825117024
61.941713097966016
-99.38734461364614
-50.27806939661297
58.98671145139173
41.79546513957288
72.2342952279528
53.64958775100891
7.498587857645589
-51.922689790891205
-42.10577425140012
47.174316972264904
-4.773024917643198
51.90658697874548
-46.49036101040256
-61.99312773211343
6.952831668930386
90.00538394127969
57.40447722971774
66.83021127974845
52.83186581703973
36.76677753035193
-8.87673740779482
84.72020028781853
94.80292897649772
80.20936354910506
-76.92314350501994
4.438803094505687
65.02284281083618
18.472904623414507
41.58389406635152
74.02211904922623
-51.124121212910524
92.41079610349493
53.74431049233252
64.11474092445977
92.9147024373236
67.73324866827787
-25.052344092474527
-91.50679956150367
19.255772097106558
64.54825939931666
-91.94272104117374
25.310882431396337
8.83994387560982
19.378255509495617
-50.740769792612284
41.15705743492427
-93.08029671297093
-88.80910048870896
69.02484346526302
93.6476061858591
73.89116998208189
-51.347819591774346
65.68933861832846
-59.42098195644587
31.48352894600191
-76.82873362620255
-52.82265883533446
53.28873066722801
-0.10623876976151791
23.112285989803254
-86.85301042467802
94.22951075124357
73.3400963790211
-77.12847244266726
83.11705914657716
-70.84146882023109
41.07089296670816
-20.154212319217407
75.794414260763
-97.6950902720112
-10.291596053513445
-35.40982945179185
53.39196983252265
-34.96281015620622
-75.47321975422014
18.030818519123244
44.30188460925697
42.99829949705679
53.63602563211276
69.05850988348382
79.78082605927611
64.03688948601953
-17.608418508770214
-56.71573707655491
8.137805184726446
-21.184525464128413
75.63852288662659
51.88911768999469
-68.64698417145239
1.2882900382632272
-76.70949554972253
20.19402785384375
-73.99219235309539
47.30449786696971
58.29132357659117
-22.106196445020913
47.32005032856699
40.47190753885408
50.27134486504451
48.08616678581029
-26.1690039890549
85.73906258134235
-92.1807570369776
36.0685262685939
-43.37871571936627
-79.1658254533524
-42.479065244873304
57.255759719566896
-88.69091410530726
-96.18897287966479
-10.606883264121265
-11.804559773243042
-66.48095921292985
-3.464451764593221
84.56472872413599
44.494321950995754
71.63993304898796
67.78114616649765
13.638370597513386
69.08301392272031
-6.660413939216724
-96.95156420105293
-3.343185068769955
-67.96015816407996
86.45988041140023
-49.7221003441545
-89.17492618386056
96.70075144454188
-26.910555981192402
58.803454053502776
31.891842708042674
59.00808576054118
-14.212685905679706
-6.0104806574934315
6.366388093227897
50.870253078462724
36.34790580722361
-59.255936562979095
-4.792000979062607
46.476734665845555
29.267510182927225
69.6550584747157
-50.66664514466059
49.674802492204805
72.97621852163897
-43.19280936683327
-22.163508212174676
46.14428994123111
-3.632463479434378
-71.79226859044118
29.703437242916664
20.77820241558581
53.76123511087212
42.93934518351537
49.06631252292334
-92.56844319744815
82.12546762083949
-80.67608512281055
-84.43206429012298
60.42148841201012
-1.8365044150849315
12.278153264254072
-93.0032046022691
-61.679178618139495
-5.086348218335402
41.979635785986034
80.72722166216957
63.47276572199786
76.59906031466727
20.406257198905806
86.83614008606304
-23.091468182338474
-94.38810234437611
-66.40575761886342
-19.403390047260643
-22.865485379037338
17.754984472006115
-49.942499998412785
-2.406422383870435
-30.841436909435615
10.424470800589475
-79.13030109445356
79.45265590576668
41.38759171854625
31.15337270859797
90.15067687561611
-12.618272610499062
-60.60371739402623
-29.867381207667705
59.92586836329821
-64.23919587562497
-7.671743445460308
-74.14997415541514
-5.243017333201465
-28.775091570957585
-76.52945090255471
-52.70101423874043
48.92944062982272
58.131472922750106
94.41585517133024
88.78861326763229
41.67161849904787
27.550725746612287
92.85475355687285
-86.7083746454366
-35.505247953707
80.16423173926722
98.09868928330778
-9.655572228218404
-91.29718266448232
-93.37354298366188
-77.72852230378295
37.565337991797435
35.150438334039336
91.55723153651866
-94.11008846666442
77.00426636764917
-26.184534178344407
-12.313311812867653
55.7109398013163
25.82987834388129
46.66417305384732
11.785008377535618
-76.49255337724352
72.44554131886733
-35.51875744986184
51.53824177770281
28.509734859187148
-18.17974027807665
-93.62548499850267
53.31463511585176
-8.283383227937222
-22.945604110711187
12.401234814699052
-58.19586884444321
53.93896994520938
-91.31574439588657
-75.9649043011971
-39.71529118037043
-56.878779458376094
-63.702448327721115
-16.55105242043355
85.65668755496836
-48.475737752093686
-25.020746247484
-77.41072008719678
-29.20048963246306
-36.00792402758639
-24.215094385494737
38.83018507370522
35.30828600566457
15.668094077141603
85.03180872634971
1.631131757196627
43.48868455324933
-19.297123715875514
-43.52306513208235
-22.628052629296278
47.60053804573457
-91.77557744328897
-45.74348461057398
75.9801899992112
76.54445952370651
89.1790640985844
-32.52347770429387
-75.75090912416246
58.698189080240184
27.388289040159236
-39.707767919359505
48.178045826057485
-90.71668229414121
-66.79374669660123
-70.47899326093084
85.64839631941487
36.15214383375252
-14.771547252774127
94.33823812537713
-65.24904449293234
-81.25794237102768
-81.40659709269102
15.455476205090307
2.8829571283177415
-58.777972497693234
59.57875578227626
42.889398754637256
-69.95879696551856
-15.641200639908874
22.83145707351825
41.31849018705492
86.46737034794762
-15.272135837191286
55.097940886824915
-35.07210293744927
-83.35705313645552
48.82256177697428
35.80083183904961
71.6175417764311
-21.648305086160974
-47.958048583250104
34.97215460149266
-83.62303501180915
62.251471489035595
19.782963423245235
8.002444235784864
36.73132241176219
23.67866542106283
-50.54457674308297
19.445852866188318
33.44775036458938
95.34853803141036
83.18435655558702
-15.01829342358701
-17.20600460028983
-81.57753957003709
20.618572963275696
-98.87262545694642
-26.213000607856458
72.37058132774445
-88.38235495792411
-14.634250756740187
15.571326683981113
46.812966468028065
59.804838461327336
88.53068371916603
63.36738830654173
59.51204859648266
-58.56857669261133
24.451710290836985
24.817180111945532
34.893153698385646
-0.3390389095664119
-17.042523359820024
84.01979524581273
-96.21690480183356
90.95398685359194
-74.49696008331013
51.0290630394953
81.71468158101968
-22.693180913581628
-69.35406508523215
-96.24367821156295
-98.81463489842155
31.846757633107103
8.506354238792596
5.08608887086865
38.70743008293934
-96.94194332424306
30.147420966609104
-65.76765525090946
-44.44353005538291
-56.31263415418029
-33.693539295435215
-12.152095912956256
52.328365526648525
-7.000544398607516
-31.754277766244883
75.86837766712142
-84.05684745974864
49.16047987376402
-94.89359311514762
-90.05152622059171
69.34200999933242
-16.917396621451857
-9.741253730351417
-65.94135272411108
-63.42179276545971
-92.83641486941359
62.0823068449119
-53.07916373669417
52.90824186964761
-81.30800658533121
-88.53304279418283
-26.501059160562562
-71.05819734943483
-88.54674914382095
-64.57559578084462
49.67627902720017
93.51190009104462
-12.864616593047515
18.426272871943738
-92.11809790438903
69.75237474566129
22.79794201295499
-70.5775340199468
30.01833504705246
21.752971876023423
49.00038066094078
88.0275912334036
-22.00369438828811
-23.887443035088125
5.73987823880087
96.92528731838414
60.01335137382816
7.559622604880545
11.81705736941943
80.59615244779002
6.805811420348135
-83.37207964595635
56.46295006061541
91.5300587434092
-6.46743714307722
-79.45274254793256
63.21488803761605
-71.31962224500438
-20.133907929911672
70.2289586910851
2.2064774300838224
-82.2602872955716
-47.821148982409234
54.73343546153126
2.2109363061122878
47.50357809189171
98.05489312882719
-48.22846796048974
30.928062376548723
23.509459314795222
57.67901042122605
1.4824924360160878
87.74770094666121
88.47342680437052
-90.61939832385957
-92.08951037089861
60.90761579797871
84.52720621808027
54.32208893709557
28.46147077243876
49.70868267011289
-7.269631134260507
-67.06834150155343
98.56183109724043
-36.06120652211171
-47.96675721881751
-43.804506323535165
39.655817519149025
45.974915267611465
-62.14559858653952
13.162712050428212
-46.72282228893041
-79.89716685730042
18.13431600811768
78.47320306880948
-95.56065902093724
-54.94426796814198
-42.34056840306095
-60.8595111579362
-72.53039629096638
-43.8692183567093
-17.181735953777405
-39.057665547908435
48.175003702237916
79.09538479026102
15.087537925764138
-0.908093443267262
15.913986995084102
-74.61923356380981
53.68610393001106
3.8360468766127838
-78.56771877711407
74.95102277408202
-67.57291198951374
-31.909339385415805
96.92120240836894
87.61012765559374
-49.02180639554856
58.94385517489121
-13.903997953214727
37.48188573026076
83.10541011342391
46.82206893233928
-64.02335082635942
42.11867578924094
-92.6113836114748
-64.38451689174502
-61.19298470234433
20.332942196706895
95.07580158199033
-24.01014013464473
8.76061813750401
53.79812547528374
9.605072964592793
-61.910730515628856
-56.66956297075083
8.555501716867326
-51.22461401056424
-17.28647628169422
-46.80469188643244
51.568979552942665
20.7400368359758
-91.3744617724715
23.570693671762484
56.07179235471608
-78.3080253756572
-33.70146725629178
-98.50118815297752
-66.11845680509253
35.98146992690238
41.69349000558961
-41.07685663126086
-85.37996989834728
77.21947658767402
-11.52950491760312
76.24748572707475
92.82662553860672
72.56881625198724
81.00232368242322
-6.589173282295604
91.60402220714053
-16.190940182694405
-91.35925930673477
47.84039847620366
1.7580702616005368
-93.36411238786637
11.14960435117331
2.049535926239173
81.16298903420335
62.31505388839068
70.84271149838676
89.86324035385127
-28.119466691791132
-26.456226635483418
75.93688242337393
-90.26679554930973
64.85867377081584
-65.27943189785631
63.136703747509245
39.596300028025524
92.39654457641348
-37.19021395028885
7.685280998455951
-83.40620859155881
-94.23890689961615
98.02626354431553
1.615768591512449
14.419437619210669
-60.15658282386565
-54.874154700569534
-83.53973359061763
-94.25075139750201
-65.80584267974818
-65.5700638968695
28.245281417914043
-80.25398053093619
-12.409759852865875
34.10446999563007
2.924108816704887
72.85764774142885
-93.31912970016126
97.67352319208914
56.18827818973344
-90.0821516119976
23.270308940197253
40.25535488928145
17.450505831442143
22.185673039102213
28.42314180042635
-6.671857832237961
4.949542452201456
82.64017794788802
-3.282270211534737
37.415667039309284
-16.097652304182716
-10.92077178865864
-55.63326512134326
77.75449976796344
80.08253023827791
48.614364767547244
18.26123783878721
70.01838447843164
-93.97585198680278
-19.03279425136472
89.50289414803169
51.47146898515916
72.1741494454829
31.7475670655586
-84.60220310437072
63.40355153502139
19.943613095313808
-77.4562689202097
-49.22345741511971
-69.21297238094024
67.83252636051708
67.11626098447326
27.926771515753927
17.554058949307944
66.69336774148701
69.24376493499699
68.10633057268888
53.13217237540121
-52.488360588863124
54.75218305639859
-43.09829113517192
88.63267002208985
-32.57246080075453
36.69006656308855
66.88789246364354
23.516720064396594
91.31874746890608
1.8964264209472503
-95.95858065409395
-16.45322753086083
34.26956491401353
-22.292164059328343
-6.670143718411325
44.831948971142594
-46.954940111644646
-55.14905084506847
-66.63023602001105
-58.54975169532521
-27.793948992328893
44.29514906305897
60.035529685398245
81.44466034292782
-4.77242909414575
44.12676674998514
-21.060816222610228
34.67214516617298
-68.32824751792536
-83.43070948919345
36.3575281077851
66.11351751923891
9.85853930828901
-56.79129783056742
51.86602521827294
-66.21113938195762
-4.652075418334675
15.896529381328321
91.00100005731949
43.15121050038701
-44.254127320847836
-86.87456291241827
62.81179904066397
60.64554829868996
73.22960307221712
-56.80505458964289
-33.826072785124396
-11.115294401172648
-70.22948569346863
-99.15310234083566
-57.58847114697161
43.64464076483404
-47.721643030317516
-22.408818065743972
61.458325792427814
-53.19243475482223
-83.98823163942721
-45.45951974283189
91.1314925746974
-13.037965494624785
-55.433899348780024
-67.70249903205516
6.18310983488459
-21.999564875547264
77.55954146406825
38.12097514507752
16.907725977441928
49.059606663931845
29.685142145755208
-7.677660847772856
-28.48535048720335
-37.93223483452963
-31.713631958168236
90.45398074153309
-51.26602781347884
68.41500883726943
-2.4866214840538987
-43.17628119420007
51.36474436472096
-63.19740309745343
-60.18702716015301
92.92570489256516
63.268803767111535
-35.655955646141834
-61.25581326668743
5.339736675836363
5.810075234887506
-77.81358910344922
-3.62637938679255
10.991034434562508
67.51575416830485
6.669894525856137
85.95362480580906
96.94818107577433
-16.475067716478293
83.67460573494529
-68.56399516196859
62.77610266606743
-8.801781158161177
44.38313033110623
-64.86539677986082
46.30986917024279
67.35615876232569
-89.51255060350695
-26.40874524361267
-66.76615311493154
-17.299135462190463
