-7.666562395048885
2.0725156019813653
-86.64433535411746
24.249189843945203
24.485128247996286
-84.63467161167537
-65.20849749454337
61.73824832485272
-90.14020366945141
6.292618359712733
64.93793961818858
76.09997384090286
-55.80471057719454
40.88208474434788
-99.7830361567598
20.20390785599318
-49.03767383541686
55.26614605083452
-37.75028572432668
-8.845673150236209
-63.92458731662134
-32.20518601586649
70.50729781352129
24.331131107921692
-73.71521873659634
-30.176407026214562
-72.64848555715962
97.8447788757864
-6.617867062701933
-29.721736804103188
49.41422626925066
42.86241233823233
-58.6161778510168
-55.416386715739165
44.393014247101235
81.18804315289157
73.09342323908277
76.30578290733104
71.7935847863628
-70.87705859712855
25.554833611855372
-31.938853358689514
76.28610936048796
87.10344523556319
-66.08389807363389
-51.78852896800152
25.62106179988031
2.0376806802070178
62.26422770477933
64.31464949053137
-82.03157751408781
-43.17351097335911
97.60899573827226
85.97294870191521
0.8068814976619052
72.57118060632962
-66.57423177887134
10.387169984659408
96.03989189023429
81.10250683537765
43.33191016418371
-95.87272510254203
88.87461952542844
6.0108237907573425
64.66099123101594
69.44095026060188
-35.136165582317915
99.50225812238855
94.38933208546143
-41.38641275748958
-0.3594264878630469
-67.02263648087508
-49.946812835894264
-72.54939970023182
48.685451630438905
-85.65954361145518
53.46674828815736
-22.103937639149834
-62.86670566707937
-56.558930539035536
-79.82053384269733
28.096104191085942
-75.23127048719275
99.22586433101361
85.84906873151283
99.11927565009867
-16.56556970143366
66.09632189766802
10.761534835677281
-75.87850102801524
41.54799710000381
7.896703861451897
-24.42913089851973
-47.09056986317328
19.721961309628128
-43.17171937443265
35.74123953847311
99.41253055957807
-55.62902651417259
80.19503713573931
-45.30521956161817
34.7339458866206
-64.96725874952973
-96.80937349667434
76.84906513036566
-66.41190078927694
-41.71028916559742
-44.110584992727375
-36.871255738517775
-36.17711358413702
-14.377015287848309
-45.115437074598795
83.74116841935503
-26.618396899349705
15.174981285797728
53.46747633998399
-44.34157714421405
72.55112967476455
-92.145274187401
68.58414797027788
-37.60468452844958
53.04777754910509
6.242674270756865
-97.3561044291292
-46.270789459685304
71.75789913390221
72.50096823913813
-11.059015040736313
-97.85639945081752
-69.66629135435912
4.743494274797143
-58.83372581865274
19.401813402471618
-54.40244234589537
35.330959761080294
-68.92976868768218
-34.62530628897673
-32.81952422587371
88.2457927973226
-37.700105612957714
-37.70716793732141
80.98343461058982
-47.448367518337434
-94.31638365402615
91.19901956725784
-81.70068331168082
4.50234092621227
-43.42256657681036
-31.345176917663565
81.83869548323881
76.73737029396358
-18.628925956621018
-53.79067414915608
10.091523712544756
79.93103558900248
-5.607177701760449
-90.2413428212884
49.01986335431289
15.864827566263045
-35.97651050968686
33.007055328718025
-37.03417527512778
98.81167327143899
-3.674662136384427
79.91243867195575
98.54044106978628
-77.8571637438784
-29.3181683134826
-0.33889723519307324
30.204916178281763
99.3571538516135
21.409519968977847
14.942989636348543
70.98277213744873
15.859147668677352
-20.074435106865934
-50.69110714516616
-35.259525985123716
-47.113451819185826
34.06215083795371
-22.262538010804533
20.509803157222237
-23.77749635982211
39.53136328613536
-32.63224931615257
-28.77687561561399
-40.71940961262119
-57.72538862838481
7.311433370174058
81.62476632091227
28.326459013620138
-44.89888321836888
-20.610647675265
94.57461672605353
-58.21718742573039
36.949812944071624
-6.727030551545639
-81.92210683269694
-83.57315540598628
-20.643370608293267
-76.11532587111893
-7.188402763187284
84.53110090940604
-93.84080717304599
54.615263467920016
81.95586949620926
54.66068920884692
72.28485451860536
-22.947914478280197
42.71022584729835
-8.04681577513901
-66.41577333117046
-8.546623939657309
89.03260326959082
4.655667425157887
43.88041372504105
-96.62370147391684
43.735141078554676
72.4235988245278
-22.116426068360354
41.2542013130616
-27.68316103201414
-61.43922878639132
68.79249920505609
-25.331887272184048
-57.93824023525171
38.608551780888746
-49.11158502005932
34.74647897473227
44.24815318628609
-21.305647059907187
-93.34070594858841
-47.310982189243944
21.704048794711596
-93.7826424461038
64.76456848508641
-71.33787625825892
23.308525713292937
84.73556503088972
15.181506635601608
57.60435892101356
60.83445262478537
25.576343959687506
-52.20167427487432
-99.74979516055915
37.82693404390511
73.23046458117949
-89.36129745024755
32.48510985897585
-29.32016755043732
-38.254246705594255
76.31083864995105
19.19066974077151
40.916270148896444
92.33907327208445
40.9078809056802
-64.1511443507649
38.42808887902456
19.610534007717703
10.44582090144101
35.09695971260874
53.17294449436176
92.04261385239818
-30.303790022070004
-84.53594498185284
-18.148265271260783
84.3369058810793
-84.3711564524387
12.424263748589425
-56.48535403202084
20.369259056802264
50.39191663788512
-51.60319980894354
-79.66919285531645
-70.92237293855517
5.644817595016065
-96.06014179846143
-8.10233564820733
-38.933625194384234
47.22443751722261
91.32631796594626
-41.54832475146675
-11.790665337752088
-33.60291473901647
-81.81530916607875
79.3722218147771
-17.49632210192884
-28.431386871268387
-93.10618428742185
59.74204401365867
31.65761002093032
-58.26066869205739
7.439838483542857
37.89498038169788
72.96506705682327
18.70675708769687
-10.606352772104529
-2.3121947703769905
68.56216979153257
89.94717762176623
26.547882354503287
-70.50530506322804
-17.735683716804985
78.89923951453241
-63.04952289211183
-33.57071633637021
27.132324202533553
29.58754644667843
-34.85843111948377
38.26230299283455
-83.58042512637897
-4.812075122795221
-8.23528264601481
-14.373496234191066
21.898148162432676
-11.662998827896459
-18.644803998450428
22.34035238853214
89.13966368533232
67.74006855959317
-89.03143061192611
-58.30468485256435
88.85796819386732
78.93693228042474
13.723840539178184
-1.6178185342811133
-89.086761176124
82.51923618423916
-57.94701848401003
42.55970651656676
-28.12985954418164
85.3274499311272
-77.27019381778632
20.34038856880305
-5.635967585379632
-42.797420351729286
92.95973599183387
-25.82615089418165
32.7186616370991
13.061439535527768
-9.522098907435222
-27.720718618352876
2.3290630607404097
-95.39654900856223
70.04723960514346
60.300448612926346
15.724321197589347
2.002716133179817
22.36172802728204
14.146574102969225
-23.970322871327653
-43.96626205867058
-58.717800225873695
-13.404779565088802
-39.838701034262634
-49.97080513911074
32.40175322888882
-9.255072111459882
-10.91542984998894
-55.87640257521662
-72.91941819084644
36.97668173849783
-31.86464279648081
-76.23813183108936
-25.20410991559001
18.65645049146471
24.506686024311904
-71.96801724406026
-78.32650940110841
83.33818433142855
-72.7568306027937
-25.640271814976032
93.15767950476251
29.299934159207567
-93.62306736816318
67.3676092662846
-29.06030538534847
26.098542246746703
83.04815196731715
-27.562580339999386
52.68095310489272
-89.63206611481004
51.06509148735478
-55.475489160778004
24.84612369663344
-96.53176859423714
43.313706712740185
56.544320824123275
88.75966574395824
-40.21654693625536
82.39064719915305
22.44332889020062
-5.607448644468832
73.95574825332417
34.480600007145654
-97.49885193887418
51.360530829300984
95.05387082710072
-13.567038371924994
-93.12276010258141
24.073200652338826
-0.5502514720389087
-69.21037866661393
62.299762810007195
85.54976588347296
-20.70446816001106
-15.152233463881032
-47.02355800371363
-7.975893214041548
-7.392351345276722
-78.42063563501853
55.58342570054862
-81.9294564903985
5.524099124700072
-66.112146300128
-57.967663663605016
-74.90374483870539
80.62827495995498
77.17813869229406
-71.87368762310041
-31.374841755786548
1.2192797362042853
-71.07960444034431
-5.498030904587964
60.68812984164748
-23.216902149244106
1.0670827745422429
-30.270801607567122
81.23994715254574
11.474054783940474
-65.3270766814438
-80.03871144803742
-26.242388449660965
-77.00808573151552
74.59908550859603
12.502017451545996
95.00381038006068
-50.73818785054176
66.64337554525318
-72.27196728180887
-24.819987743052835
9.669540429555283
24.678837084420337
-4.408847631511904
27.33996005828085
31.157568367312734
4.797978494883083
-42.522944574051905
89.91482923350713
-23.321991742801856
-38.38498168519142
84.02431105959221
43.0657732916643
-30.004761622335735
77.82657613763763
-82.74872771797932
36.232937062245725
-6.708335956878187
-54.80771778205962
29.056039806955567
-51.806968265502306
27.68945097617241
64.95726053772796
51.34017442969653
-39.94788803704314
-54.44345832673605
14.012223550308022
-85.47289801485218
71.00921935526725
-20.341872229490335
24.60440693781753
93.1560011467835
24.161232855793926
-58.56041303992119
37.149177294086655
34.601878212387305
9.346411045327741
46.65688203167258
7.695005877883872
-86.92859989178507
-15.599388720875567
-76.84527223995858
86.08776417845803
62.76556198807785
-13.180516105873096
-26.30855664123655
-94.91380487136914
51.80454011895904
-70.11918557480354
-59.44241671473001
26.987924486857736
99.2951793774507
74.44523902604135
95.28185817656154
11.071673203537657
6.059178037908623
-19.179157536088013
82.21872262981515
25.74532666026728
43.618268744745876
-84.82370338423901
74.92004209825353
46.725336408292264
-84.34744192909366
87.0958584261987
42.09801411890061
-88.05816138241377
-68.12306450359817
90.50608548028157
-77.430068178234
31.50386369214209
75.49439538156423
39.237605088675195
-45.91393080628059
87.16320722440014
-63.071134076280444
88.88006187587615
-31.641175475533984
-71.83887054717368
-39.48252316334748
1.9833671257654544
35.127348357393515
-72.98899421506404
47.332671337434334
-66.6270108756745
91.37837487250295
40.07871279204306
-36.00879087564397
82.92663464662061
98.53800639006616
-27.01075245837042
67.12868562745541
-91.31855252824887
58.177395662537236
45.50536217673218
-96.15255171551884
-36.2219124524829
-87.97862331546646
11.14578319347153
-49.6826173767364
-92.45684293072618
70.69270597536485
-70.72054475295573
-94.59134588017639
-47.88731225522855
4.867987901131826
90.79649668052105
87.44769103486061
-23.391982944117146
-80.46606996982963
91.45058370454967
84.71432835688077
17.945934479686372
-39.871910138279645
-87.07755917958593
40.51405640721157
-37.45899040430669
-95.33563321562477
43.23283000497838
-58.300774222047494
15.809428632749274
-45.131448440521346
29.49757753420505
20.333812885088506
9.070672299038932
87.89697422869958
59.62878546534685
53.87014759761604
-21.94775118151844
-79.01942342200547
81.45775686152294
57.11179655225678
10.640057753975782
-43.57814038150774
15.232557786478424
83.7758967480483
99.21570987673618
40.636731401467244
80.17157734355331
34.81655739493317
10.01641965869122
-40.12229873365754
65.43752382268272
-64.4101980296181
-37.79453037354994
50.088932983577735
-62.76957465331839
39.15075410209889
98.45199265479036
24.422088963593595
19.654065017211735
-77.03221289023388
32.00376284706064
-97.17396041544808
-2.165114500399511
-18.19923509424288
-94.8518855378334
55.72364848691237
-57.64054784499895
63.10714581201364
-62.68517343370505
51.89851396370929
90.06928842539256
13.580661427737951
6.9751585298733545
-29.804816278085184
-9.178185959750309
-51.4900526398089
-38.04399617782374
-9.965343730634288
20.766716278226866
86.30061845990542
60.213474587702024
11.611947696868043
9.244179505092447
22.286947901340355
-35.764296986040506
86.5532892036743
-69.35321325080979
-50.19104736097406
-58.9849843341133
-28.99911997549711
-66.76272867217199
-65.8681913891989
-91.00677154295033
84.97460531772037
56.77290365769679
70.87716972806365
-48.060996086122245
-98.83666729097669
-5.027751048876311
70.91909597789717
-26.741114556747704
-90.16794627822433
-59.50131306841682
26.527325010484375
23.066931787747365
-92.90563584286089
-85.44865698442499
-98.00413096284058
18.73276368065146
-31.395176962939118
27.792543929192462
71.66103953172106
-55.635896501179815
54.7312251369969
75.32020332529089
34.371334415226215
13.288819333846646
-49.332417241780306
-17.843285277257493
-90.53656029037535
-99.59818437919692
-95.0988639724467
36.08849766031952
-77.6688411777547
-41.15931332707148
62.50722508668727
55.3723632562868
75.65409543502636
62.63622594599812
72.70700614523932
-62.156663623321236
95.93241740967528
-80.52061266708014
41.65799671733427
19.792548269248414
-7.517871193727316
78.74902680993247
79.07173948851047
74.02142492603903
-40.61569851818949
-68.91048119041781
-47.610664404357706
-89.46952228219058
-92.71835615406762
35.85541407237133
-83.6913015191093
17.34874466618149
37.47757715051998
-0.7114075986771127
-59.8226649942857
-33.95529020848991
-41.32249904711334
-94.12904258846362
90.3210799428752
-28.21329268107023
-82.74712989728647
54.7364052483218
17.308088337335704
-47.5418501441919
97.38574220672368
-36.05332588386134
-85.06567920032289
-57.894507033883855
-91.20892843890738
-91.32780065332054
78.4113002087673
29.76871723029751
50.63958572882555
-40.02270151527316
-76.97426041967437
-36.794892940586244
-10.732946304895393
-12.863747986347235
-30.209779548450967
-74.2930776083028
-73.02556891520742
62.17950928575965
79.05370459919968
90.31607917108155
17.54366561446912
-20.867420725427593
-82.26178841156286
23.215424913713647
-88.88671164593028
90.74869743439916
5.676977455380822
21.94681112212396
30.775615347999803
82.23309119195531
-65.44919735820696
-96.88941041383046
73.05750340688718
-74.91940660510885
-99.30358433333517
46.2116474450211
-91.09109515275277
96.38547307616238
56.11563013468856
-50.140660957060376
-16.806268213214295
-88.47728270446483
88.48964150177198
-83.82945300747708
-22.424488784889874
-2.042148013693975
76.00264997328418
-5.398731072857416
-63.333826126761686
-11.848933779467046
62.72052461480419
-24.337829854146634
84.33320851630864
-80.05916443267147
-22.945562780622225
32.4742740350066
-72.73719680869391
33.298292315834175
-97.86868800896099
17.537681461748505
-36.695296558088586
92.31704103820576
22.945126665639265
63.82067109420069
-30.442319713218453
93.46216964060471
-51.9962899802946
54.473051509844595
24.780986150913776
7.416359837941599
-28.513863472498116
24.974998281125877
52.637164222606856
2.5633345274151935
-96.78358598633388
41.620945433957814
-64.07876112055206
60.24181267732081
-8.537748259507865
32.12558916009357
-53.68917065821286
3.2534082264082116
-65.1830093732182
98.49437146557264
-79.49117189887478
93.79718942845437
55.061749236552316
48.49861538389456
-58.14867348906358
52.14786433821402
73.09926266324632
-3.961830209470918
3.7648017472312887
-84.61652701166655
-64.20267319179669
56.66454658396529
-69.12854569974525
-76.39567645256705
-61.795612955912674
56.66579903497043
96.53008977751222
1.2305413224523534
58.40058237037266
37.21690304052609
-89.6886961075851
-76.6075108374624
-53.013298472004
-53.701586218484664
-33.634585365980314
80.00389255647104
80.23231097022082
-70.4253655594087
10.758448266832062
62.83776428029128
-42.50767887524995
-74.51709510270507
61.96364862895314
29.060471708705876
-91.0555558434079
99.67125540428071
55.59078079531369
20.092924990304596
-69.20964883771995
56.46854822897214
48.11518824468334
52.58475803731773
-37.52419349032034
1.0864584210624315
92.26173752578666
-85.35235294398645
25.30690322611828
-83.63100928043828
-22.799528704319556
23.7211219239817
-60.221514952826396
-97.51809014582935
-10.660962791335578
17.27027614495765
25.98315707089185
7.308418017210897
6.183903640785559
-89.50851891206113
83.88847611797738
5.818022332232033
64.66096440785779
13.13466540416806
-47.80471306594802
92.76069954964379
81.98406918595532
-19.46127532787267
39.392975223218855
35.73227658353187
-46.96619735674232
36.63620991550661
85.4045308286369
7.621749645452056
-94.76284734466567
59.54522303409212
9.344496535219179
23.222220973848408
-31.522095172219153
-35.70231539977631
-83.0906728367832
85.42039616388766
-70.44122651488311
20.922480245794887
-68.83049048182288
-20.159193280614446
-6.056515766079883
80.76797743233465
64.87266579653695
28.98590735813457
-83.138754672412
65.36194743805393
9.904341379398375
59.47438792179548
99.83495788848634
80.47032159759809
-54.193210830464
15.946124212580187
-81.1613222929963
82.11857625987301
8.87484775993002
-94.48076512254926
-78.54504288967053
37.82726020065138
6.79880759670462
40.31356811633796
-33.1343116077021
38.15832319252823
-65.06536477190215
-46.964138192211614
68.86741870130109
44.78755724641806
-21.424962058836172
-35.54865597881165
31.603786786802317
-7.859573526594701
6.894986157107979
87.34501506949826
17.480129297123
9.825214818321413
35.99839177049816
39.67490496803566
-82.42347927126296
-1.8166749092881815
23.652935731736704
21.701102151083276
26.759539833565853
31.44948807156615
61.305260796246586
-51.43052531098529
73.89581631331203
85.93583898470371
-95.26683059704493
-88.29202289841562
-99.85702430329518
40.88389014087866
-56.96214782328508
-32.57037447395497
-46.074067759086404
27.045067977695282
3.0452434802054
36.61514252184256
-60.57196957890001
-0.6478967556758022
-43.934114682389655
-30.33060280520681
-37.893981371838635
-85.01377090140647
-26.861090346100397
-41.72490706164669
50.061351630605714
-38.22525994865431
98.5102425097439
-3.125741035120825
-83.97020852695857
-10.63467383658363
35.380572596372474
-3.4680643597010175
44.182079864970376
85.67967462356881
68.60278350968213
0.2748914681643555
42.345278720553154
53.42793187345089
85.37049466720632
-75.80924033987522
21.193208010965378
-25.355811094356454
-81.03846598667089
-69.39289972796459
-34.037333250716316
18.059892231101045
88.34422437849469
-42.74686892825108
16.469501144336903
-68.52906032908498
47.4621614842753
82.97832406244956
-87.20528454163154
-30.92111121914698
75.53986433965883
-64.69170659397514
91.03126004147936
-29.874802679301425
87.78022462396882
50.19767953358962
92.55645685430909
-59.34239733281523
-97.42881675309316
-85.64046149851626
-0.43652317147690667
-87.92440508130399
85.92380539634564
-35.68720190433659
-65.18673033265455
7.18848679750792
51.93547349657973
88.02426223539817
1.1531444267631485
33.49380203131156
5.033557556366162
-91.03638477808565
13.628151011581238
59.96055880365361
1.7344565752543275
-4.223411139994155
-68.53483019801078
-11.550567800563343
-58.86017750201133
21.474701216833168
-37.86102653513146
-69.95550844751885
-28.202379258658382
-88.80842033645675
58.25414190898408
54.39040103164828
-14.852992351279639
-1.260524516494101
87.7159143839414
-45.59567859524321
-20.14551982800444
-29.930291699326546
-59.98886209124519
12.367671762266582
-47.44731924964165
72.0827744186183
45.50239445132371
