-10.394472966413403
-68.06612049333887
-26.066341964912553
-74.81067885520088
44.17830106963217
-41.80140431752215
70.22515629583785
-98.03324769759301
27.942147835378535
-43.453287487756185
55.94128530030852
91.3222968260306
48.27647077725371
-17.502667429276713
32.1394748034723
-1.989758550173832
7.379416824237111
-91.96431125210658
-27.359757006308087
93.42948331472647
-39.68358896251423
-36.790836053954834
49.60430516030627
42.90869755300409
45.60398121852137
-24.57256732097619
-40.93974804793867
-21.955217686990153
-86.871781923538
86.07872261859285
3.546522749869112
-48.14424784721292
-44.437540911544616
-82.06131350979152
-83.26550970429616
-93.42806962811578
82.07385372248476
-44.99178920916718
-29.37784489308261
13.156838229354122
-42.29493224224794
-93.53838446434611
-41.904623582225355
36.04857528231301
-31.17160228527905
52.183242120691745
31.16381661335285
14.211221896133353
-67.24262371945818
88.65900365882226
89.03782789530416
-77.4330948064982
13.877022990464937
98.54280322897785
65.72143706508695
-64.0559443591302
-91.33934149406286
-91.6491969332882
71.40708538017859
3.3631422901019477
-58.58741698021568
23.06215161648062
-78.56932052582903
-33.79311009017249
-70.07046893625653
-53.36680893886334
-17.209020814350183
78.85085244719002
-75.65471125058852
70.81463929338517
66.25240176362828
93.43794277202537
55.41231845348565
89.81515444210345
1.2384311751930852
-98.53007510798992
46.66385565127558
-4.828232198148939
-73.21411582789696
-48.70175090009485
18.12976971211215
78.38066362079613
6.318511770017892
-3.704877510124092
-32.49966509183349
-16.254123338794983
77.38695822783154
-25.579273218175075
-62.83029873839989
73.21533852707282
41.088021618206454
-43.07962933180336
-31.627273620220848
-64.57391213575147
-61.495691801592066
73.09807759810786
78.9314648073753
74.17476935340216
59.01533636910753
-43.57199351145162
-74.31408132064254
61.00687383486243
-66.52968324662498
90.69350703827632
-68.85598714605756
-10.638787460442842
-1.2309862688158404
45.54197563283722
95.82749735272586
-39.17742370529884
78.32863259265176
89.46160839462974
70.66973573460783
61.814605876120595
10.762805197449438
80.8501788854773
-54.33067972745458
-3.7997315763325332
3.35639908724103
-42.19982323761491
49.549741843850114
59.765716124059225
-83.17021641022663
47.618629836028504
-59.25196199334488
24.18587287518818
-39.879935394284274
-36.31286915127687
-88.18636358438161
-68.26761779758148
-50.29076167987652
-38.13655814776891
46.00174700511019
10.101428381172411
7.042443720969189
-14.893391987018362
92.01329102500054
34.01419930612596
84.88726259185779
-38.087828416293505
76.30503386382313
-87.69462480912817
-4.72354026407767
17.09730598845607
73.53886811018478
-53.53245351356517
-48.84262753273598
-57.8770744191466
15.886182214797401
-16.74770609624474
29.880578262812577
-21.540759491844682
-68.76522035927238
82.04759066683954
11.711832530141791
-22.658200192003733
-61.79088094843568
1.733899600653686
90.88098191082082
30.76218078101536
-4.27529554568811
80.1599133270175
-67.33082993721894
-90.04971053493911
86.2619952778252
32.2874462373118
82.68039645858775
33.162436916183225
-62.75029286786591
31.176295368510466
93.77671854392543
-63.427059739289085
78.31653498173753
-16.338479632742605
69.61914652679829
-40.182695475167776
-35.158885569411424
15.046045254528067
-89.64442013956229
19.619933910762
-35.81257628861165
55.47392157289357
-32.13965025328463
0.6445521571169337
46.54501266774815
81.13153929138147
86.89274882112497
-53.421077185351585
-35.409439072828434
-81.92368029668897
30.370308984161596
-91.96588882981551
2.167730368318658
87.32313044206586
-76.74800226416234
-45.418836072625666
43.221380613009586
23.72485216367201
-91.81282989507937
-55.95794881353273
73.27020574015611
-64.56196135090006
-53.25997062153534
-31.08311505686258
33.614880578482484
49.5410263117825
51.16390752230288
-79.27488780370251
44.42104315676673
-27.26268194454562
13.288970366048616
-3.549733959543076
4.453190479663277
-73.50679339066318
92.40258334905428
-61.08618299593549
-37.96878582821035
-15.160984463011502
-43.75063227828135
-69.01925733215904
76.2126345336176
-50.916921410966374
77.16822535756697
-38.6638589036346
-85.93812888148354
16.895090243324788
38.612271988578186
41.0046881424492
86.15997785076479
-81.891990065226
-2.600035619019067
73.7908491993318
-57.598924699601795
56.37396647966182
53.901528041870534
-70.19253579256116
-73.94846138975325
-6.814883654594112
85.45307512100376
18.049795329357593
-84.25084444251915
-39.191840303547764
23.924101488994836
57.34090841468105
10.417015672371292
-33.888736108614154
30.824618702642994
86.45099987329127
32.44741094876838
13.82096209544224
63.23057540459811
-75.23679629334853
8.891551559364075
-8.236353638707115
-61.65880686115885
-4.12068291651417
67.42701845442167
-15.316364534781883
-30.997928065416815
31.147438669445307
19.405551971388135
-12.789540252910896
-61.24518449702836
74.82832957070576
99.43330770557853
96.66494794721956
-72.81820296940043
28.869133042961238
-21.163778315022896
8.14447632979703
-35.935094148581754
1.3688723188043355
20.160027074960055
-93.33534590489272
-1.0739008115568112
-86.13368522786153
-59.68712146497823
75.39290362290276
-65.36309070784895
-97.33709382384018
11.915254563541325
87.82373845909717
-85.3822354909934
-28.106130126893518
-19.789345645050773
-65.35308153968131
0.4803695823833749
-56.3705767406353
5.792841447869563
79.32309954681159
63.36697331643691
-22.336461009538738
-50.834201628431195
-64.90139501422493
15.503188408978659
-29.619097550525495
96.89056721790229
-92.69762383921862
-93.2185754333485
-57.2943740886549
-31.53036292150155
30.81323496640684
64.85675985058202
-68.10910266148713
26.287412051343352
-94.45502035529472
-5.535351334951287
-87.81787118338735
48.55282842204667
-21.86361661724318
-89.40312016446833
26.930648771760744
-90.29600697362986
-12.882417276136366
-40.09187755116468
-47.95173696906912
40.49880056322601
58.35761067978106
66.93650348513091
-29.39076466288519
-19.156935656808045
-17.0753387324947
-66.64598407568039
57.45656201229494
-44.77362678758288
-10.789667616828154
-49.511965565869986
42.495058735550316
-2.4676392825308398
74.92873874132641
-23.335583692604686
27.843791969094482
11.796785320618653
29.101163733410772
-42.8967199080309
27.982073767246376
83.35619784427502
62.62985788614918
9.103378296687879
87.27935314001866
36.39079924114722
-65.33167068410428
14.497380005237105
-52.98837542918476
51.474494842038325
-94.35946066400294
-24.86898701434528
89.59421007429864
40.95438565509846
-33.00398801292084
43.86768844710366
67.38552153744075
-27.578995933608667
27.795192132552174
-25.81113772306773
-83.6658329661384
91.3723345339198
12.845528728211875
-94.41120587449777
49.08421217116609
96.84253575964033
-9.323723357549568
-24.681865031571192
17.927576013842852
63.97103511974842
-18.970870218104224
-41.25617982565013
50.47898870376122
5.020206333336702
6.040220362431398
56.65183619354656
7.9563010281020325
-91.49156865989805
56.41340470407019
42.11105982428617
30.26455820267256
-98.02252765974575
-78.9061048700207
-99.36685373535417
-22.713412469583687
-33.73253063624908
3.3437278310085787
-84.80485924218533
-57.554712737796706
-4.645455825409428
9.161274629430011
-69.14866289971158
33.39253907495063
-60.1105525766197
-53.77075629965313
-77.82655761917276
-46.0677189134088
27.85618497790034
-47.39037978681058
88.34479661900531
-3.352250773903222
-98.73966270361912
-49.133624732319035
19.171588130532527
40.36549429265435
32.86011705003972
-49.30272531608293
74.63217452108256
63.96152553834722
-65.17846564000058
16.95552643820048
-25.820648569117964
25.315755920546934
5.541635222223903
-54.975721800845264
-47.35489719400916
83.47011651424546
-60.979136392583236
15.890103281556407
48.60300304491355
22.79835142749323
94.36977794897811
-90.30200822824742
-68.82094759789905
-48.874609070598396
-81.57513804578434
70.31639705875327
92.21667177879428
54.0617066684552
-40.97000951308652
-90.59071861391448
-53.97648691679253
-20.538395981820486
-4.815591391428953
-41.3126133332173
-15.93458970078953
71.93996273592782
43.47494227115615
-55.62763325584255
85.83903013722392
76.60883604625462
-55.67174382961986
-32.50069177319716
-90.39988487519462
51.61680959773301
-15.055447805263782
-75.08146283645996
-28.737588704433776
54.82177826830724
-23.248735826223992
-89.67095934778135
-9.809506474542303
58.84261850364379
-57.567239836713256
91.35246637740806
-23.808508040084476
-20.129451084179976
-83.23200458358862
-39.6975525913533
-95.73653497218062
-9.275753960832049
-24.28354729792774
-42.58434678726828
-72.7283670436411
12.783389375910943
83.60589108271691
83.61884557930418
14.262046761495256
78.46739423387302
-7.511226582677708
22.53368637841477
-57.15133739405336
85.9000792335004
-44.31969635739401
34.827277090110584
-87.16296894964557
-86.0626884801623
-48.31177443766512
45.73705812892601
-39.058696184359064
-35.44661218306095
-14.188152771958329
22.868212386257895
63.92643165136721
-11.947746559900182
-9.613054236088487
94.72732923491213
31.215891370218003
-7.0020375790544165
-69.49545561096657
95.91755256287487
89.90504264866433
-10.812478070140983
95.21458000841216
-20.895422297017888
-78.28763019283957
60.763280398226414
96.1881548038792
-55.36092605079694
88.07697193476875
18.508590989499865
51.68319559262625
99.09529799581256
72.05498212669633
-68.26036717116224
80.089214964993
-39.28700385321564
28.687157857664033
-88.41526203971675
-24.70691471044691
-44.68201027955685
2.4840069354344507
-92.40810705546463
-93.32153581855988
16.55663271687817
73.427130835274
-59.28482297965847
-11.43418244694962
-62.99605956253125
-74.63729038571918
24.740263350938648
-82.45141823016019
61.656336175094424
70.3221128094205
59.864736553062045
66.30471263786842
6.644680361685175
-72.25089251076503
71.32282107635143
2.418301389473342
32.35241836209909
95.18648451928814
-35.60164939751465
64.94801415765392
46.21408285632819
65.71915286892295
46.119858531031724
-24.53971712645601
-13.054149526873744
87.9935148248365
-28.87285340527754
-55.87088652063026
25.225210709002013
0.2544211302949293
22.588455513776907
58.262311523211025
-53.930319507690136
-14.150175416064002
-52.243424491491574
50.266161821439624
-77.3486625886989
-63.28572497503879
96.90584659760364
-17.033612843215025
51.897704972844735
-46.53268161727877
-3.098757256250636
-33.73598625420628
-11.404084601713805
36.9114513523717
-24.868472101281498
34.75708403611512
47.57377448183516
-39.04683474828901
-48.47885290420331
-94.54579484509095
-87.60431665940689
19.74945873416793
-39.47079674169098
-43.25397020029036
-21.63130637908459
-96.96657706383522
71.30204265634575
-93.15390064949496
-96.09653694122042
-67.50966799880378
16.790270298218672
10.030941428218213
-4.315979764623236
35.648217736959424
50.6976385951709
33.19357031234361
92.48320008509543
29.19024069024988
93.88913288348488
-82.60174402624267
-14.940475434456758
-63.99006607045668
60.27962941400128
-97.93590149134816
-62.39047104757582
-68.67868666096935
-93.89172480870658
-52.0848285026235
88.94445271951835
-55.770774862023195
14.856861288681046
63.67827124937969
-13.501859946176651
45.56928554809119
97.28820277292726
14.62966809325357
74.90320838440144
31.360002217261382
0.48512776847029215
-97.87148965998331
19.715929854872428
84.57055994138287
-28.99035524318188
-93.28958707262484
97.39254113595646
36.45826261646408
-30.36772624999486
43.08616880509331
-81.93137222417299
-34.59978358333508
-83.137333258875
-53.18935834937211
-49.44865238526128
-42.007495865260715
-65.1904384125439
-4.594712720722185
-12.757000846493497
56.41178459530431
59.3882143215354
59.88307549698405
-28.225356585158607
-43.09121990558935
92.61085058313719
-37.51992007061258
-95.61777556792799
14.240093845345399
-58.384753750765285
-21.384929829927785
-21.82434361197585
-22.95970979691178
99.04704759447526
9.127532458636821
25.69136466794164
96.31544615782778
-55.982101026204866
18.939371101290888
-45.34853561640346
57.54320576189292
-47.47353193726782
65.29574977050561
-5.211885285959326
-58.8393363649544
68.4381844815656
-89.6246683623543
81.34804102694062
39.95877168970304
50.00531191146135
-38.694001624280496
-20.784488860107132
-36.48177466144875
-8.135619428690632
-55.6770361551943
-97.60669643253227
39.539635870708
-13.90559319717319
60.83762121983008
-63.61925331010063
30.185136689402356
-99.04173356622303
10.190903175680504
28.062923170322364
4.519392458530973
-6.162202260676892
99.20204034542945
98.25071512312172
32.41608599121017
90.08704063364519
77.73281913757756
-81.01202140766826
96.57514999292587
2.249424620557022
86.33833438384596
21.174202768213974
-45.60160947446945
-70.84634373222903
-56.86112635031528
33.06861537809769
-65.0669058875431
23.64968472907971
-41.749836796060414
55.149090116755474
-98.52511096279093
18.233330986585997
25.608938446920575
80.57166331121562
-34.61577698108161
-77.58099485552097
10.229571028897794
-66.98323541931174
6.8261571944344865
0.40438920116692145
-76.69573532245515
46.10658993868526
-69.04700239078676
72.84335241098327
-52.51038288010641
51.67892589431179
1.8520755333075982
-70.84086442603748
-6.100109433970815
66.61789199326657
30.209733221728385
31.727014664466367
51.58344153989606
21.219568452500212
-28.55644313059365
-94.24433381881695
-93.45836912786186
-96.73642545987082
-76.12053502236327
4.263956751034456
17.851584593074207
-72.2508915788398
29.917780611487274
-55.70514194224818
89.91726715751543
63.80324717378221
27.106033484772723
-77.72639800859494
36.66177944455745
41.67963079736248
-97.70484092409413
-39.52393653128081
-64.74668311253235
65.21860694103864
82.9080721016289
-80.13430345757568
69.0550731507096
-34.03796166684296
69.25350153388754
78.01834462167628
-19.49585856139035
16.783219320617192
53.207021843104144
82.73175877213237
-36.042844978755205
25.209531137351163
-45.29652922946204
90.47454656381458
2.6953181657266185
52.298174784065594
94.94798795833549
-16.448804086627035
51.44503834406379
-47.56255923941877
-97.74047227311154
-70.0069495248374
39.431900608482096
-65.07853904341744
81.25514549655409
-30.75777910464113
50.5337007226037
-48.67818537492739
-96.6567394824916
79.97155995714223
25.636710833982917
91.36397072011042
-4.537632132202191
26.02185996816739
87.08615576981148
-70.02219686525646
5.240946732592562
-50.582663395607156
95.85139955665647
92.60412292367246
-60.856996178647506
-84.03986362043344
56.883053057468146
-18.876387968873416
-2.856527048849216
-64.53031960411542
63.6422496906205
15.803519338358711
32.51085445586372
-37.758787719921784
16.288323764417385
-92.3827286977418
-84.62590623731849
83.95024836786513
46.57275490893511
14.132034614440684
-84.09036973847654
66.01252417024358
7.011013378616738
89.88590178164344
26.62400288627444
78.35725091845322
58.314675596644975
-57.224191835088824
5.557772499134543
-52.95411829069507
93.62437735229423
-69.85896796535876
99.58305311118008
-44.0067187678336
52.25287988905612
30.873089261145907
-76.03296396654838
77.16874385720504
-79.8190043388658
-77.80607389119787
-38.70269425625155
56.83581474395382
-39.26345726363098
23.76102257218315
83.33310893224893
21.806475940372124
-46.83046854600139
-84.19203928572168
79.9951201566106
47.03028095401342
86.31921241192094
-60.39963462397316
-34.22194193358767
89.96865263132733
-23.494934656169434
-71.44989149134517
12.090479057614687
-46.327758933291975
-43.17568300249355
6.597287676498738
-93.8011647368779
64.74105776234836
-90.92892580791707
-5.568536827920383
-61.54872892146508
-2.4870070542508955
-14.638197806171817
58.12855285590393
-50.476228454530926
23.156096719008957
90.0951508541585
30.071527071675376
-76.75790429640325
-55.79646485301244
-82.13603652174879
-54.210311312024274
-77.17248257146161
-14.546552933611693
-31.189878651480214
-28.1371477130306
92.31013933099581
-2.045717740797045
3.058052375523502
-68.99110973817899
-23.287844948579334
-9.865912716737242
-85.89080615847043
81.46098120584577
-67.28173398510089
-76.90553404340065
-37.113812505407
-69.00073332734304
-83.75447004097208
-13.936918022422233
64.93458942231752
-0.5834015213543609
50.14330096288663
6.527105917608125
22.495949631378537
31.71604923050259
0.924981614607475
8.296830379902659
-35.28361508772919
-8.536910181989327
-80.859077953893
19.56269727426796
-48.298010173277774
96.49459201285742
-41.33179642079943
-6.6144631429848175
-83.70755174034885
82.96176550244724
31.811995423636972
14.294165935932185
-8.215277644023658
15.803286906043795
21.575456986821223
52.38961427082316
54.62601161721034
12.242025298415584
10.262308196257706
22.06022117654274
50.744991061262596
98.86811741448975
31.278299036307885
6.1890379841472765
-76.55181080598787
-18.61521166859586
17.164860935880625
-89.80804546491478
-13.261921304950135
55.57396550349287
-11.478719540769063
75.09514869991588
5.13442890736539
-23.83114181618072
60.60852887399483
-72.45624316766325
-64.23027583384678
-81.6460834442768
-47.96758295544039
-79.93346974591884
-7.826918643737727
-16.235944959381982
11.16107316326864
66.92771344410278
-60.90628249925676
-67.60015515422803
-35.04246639218667
-52.87721810820647
-31.938966862848716
90.6087751520418
7.537192128720108
81.64865836071706
65.34652996551034
68.81902664365867
52.66879578365092
38.330785038888706
26.5436598442935
46.6104434513434
41.50158378356298
37.771036387564635
-95.02969882686376
-16.167853781233532
33.66681983952171
10.577000060545515
-39.88622322986115
61.26141004608783
-23.78987401980504
-23.737943074007788
12.735342314127564
-64.1728816124249
62.20475005371455
-96.36258810483082
-12.689188374413305
20.471338727200788
19.383827636910794
48.711864071794
-11.67153829902125
-40.93194389631041
-84.62285326559413
16.427254796606093
95.33438410741823
-86.48301749653156
93.87486785324734
6.246026093856983
-42.60437606289369
-71.12353646614793
70.10600996372858
-93.1515579299224
-66.783871033891
32.93846370253911
-33.00360410701262
7.917320565974521
17.652600960997347
-22.660852875383682
-51.90359160083708
59.30623365349007
-50.16756093762069
-52.991533219953666
23.91471884580696
-38.03525276193183
82.43392941132024
-12.730851548055995
62.34819261307939
92.34756771779709
8.51171906993325
36.327844289753074
20.615239714207092
81.83405351174383
31.470696976451165
81.22756884734576
-2.384445644605023
-81.45870476227806
35.77525802166167
-12.03456617248655
-0.84508347762808
87.7497608209759
73.85285643594943
30.177211729536054
-1.0139239717215105
71.06601654330686
49.594148834937215
-1.0313536508664356
89.4536357748751
93.07993370703602
95.68536657332439
-68.44191676757565
10.861373922749905
3.325927175205095
71.94916506891354
-99.52379185025208
31.518986068760682
-31.94028745800837
-42.671244161893455
61.96193589033737
-74.41342851507824
-95.12606956620331
