-57.33846800563447
-19.007963780683085
47.10210580943138
54.99529834838549
54.192799270506185
-47.47376324568595
27.71213812395223
-72.51842901559567
-24.471380038233065
-17.1396419036208
19.682470687305397
-26.36932700764261
-58.1324304643631
-39.82153486691777
-93.62889478468412
42.138578320917276
76.94609936335732
21.31187105772578
21.475169842566984
86.97605582580863
67.92220714097076
20.16933806576533
-82.12384154656846
-89.37973133325214
-21.965031809427487
-45.32164526146192
-29.237621627677
-93.95676443859959
48.42535107041988
-65.49382884508083
69.75277432647059
5.8371817271202815
21.701215304490006
-18.57718598721938
50.47426529507078
53.57173699641311
-24.20229669643787
79.13957693037298
43.45766278249988
69.83759889698891
2.336203258046794
-54.22349255335486
-24.406769480412407
47.70700692804749
28.91848667976319
80.53042159409304
11.5092857050209
56.90838799948804
44.69069452628477
-58.11210088794307
43.14188286355363
22.564508669998546
72.51419601458375
95.66391133318223
-74.69312760937214
-46.15875711676869
53.87716019632137
-35.750006664547726
50.899709087151905
-45.49542183235948
-78.74713338829626
68.48028456650755
58.25541302906777
4.735267332583447
-96.59105832045056
-71.01399871730518
-91.33306288688692
-73.02304340398176
79.08974135338781
-80.57558286150382
83.21073743561286
-76.02949278172284
28.408336037512328
-1.5653355393813229
68.96295540078765
52.80573404815664
74.50934569958278
-24.963044735350763
48.437404638042636
-62.37135199142252
20.42904612928804
-91.86707542309492
58.14257676566373
-6.6849058557685055
-37.15064463625881
61.23897300347903
94.57944072223825
45.614013571816514
9.31260250375729
55.05482956828146
-33.6392606160793
-39.61805584196798
68.58773905162704
-34.775466295549066
31.800223141080494
87.06938341986904
-28.152137431819256
71.02557663848131
-60.03787792258566
-75.85072068789138
57.890020347800515
64.12378524843334
46.740418412468216
-5.244120825625288
88.07757332094008
-57.31362465219072
-88.03170252065678
-22.11357814390726
-22.02865897408634
-46.28975933430877
-31.647386746241708
73.50224315923478
64.40262768277199
45.75424139264723
-91.63429037735
-65.62610691374178
96.15316128749959
-74.3992112535872
-78.38422947000339
-19.12733051138899
-45.22765644672566
18.955006523158332
48.18699301832362
-2.3696781664733777
-78.29317256173817
98.83338268534169
-8.395741503909605
-14.027003721306514
-0.866145107924936
-78.82956301934594
7.811516527213442
-96.22933219931443
57.76646297475821
-20.45180284069434
48.697501546608976
1.3631242515951953
-46.44778464949022
47.52718291269153
-7.564323672447443
-61.40792391920815
-0.7121514075994213
12.979522700156053
51.20154986471243
84.67269048614855
-44.83053472472736
-8.028118861474837
62.88036869566261
-18.359063479698108
-53.4832365188685
53.59523808752951
5.725703273971192
80.40833827099493
-1.928247975779172
-52.706778385894836
31.463985497952876
84.29536597423407
-58.299351420411185
-80.73081555420578
-36.565094126084794
99.4127698058733
-86.86269191544427
55.02954298682184
-17.124600494311665
44.46328579512121
-83.02381234098699
-59.144143050952835
-43.44195957912864
-28.518269356181534
79.70641972789369
27.975506518613486
98.11804436654799
64.335213665413
-71.52196236955525
-76.4240989558612
37.38071541013207
21.603538708775318
23.062141296528665
-60.916689165744685
-48.9521280112684
-67.0608438929957
-16.423075467431175
77.67314153696736
-58.440290172432
-92.09226146143168
-50.267423310919
-7.789784913667958
-92.74803743942681
95.84744211862625
17.520630034755655
-82.94754117874916
90.76195139760148
-20.635867390897317
-80.17812412315621
-40.14881655014395
-88.15638662355792
-95.49830317447426
32.82508442472104
14.495808549045464
92.09204301279982
55.41482066084106
44.598632934239106
-12.126114079264454
53.06470969322402
83.2461283467926
-7.164217021939436
22.071346290606144
-92.83141387180423
58.862254295806
-90.8882034990191
-68.21759057533446
-18.94862172550431
-57.39380492588047
6.529706684917741
-27.597612688138213
-70.55011942668654
8.86811427398375
-2.0407277936916017
-25.55609780373129
89.35900117692955
-47.863653214696036
-99.14738869795569
-97.8170511572055
98.71069400183285
-89.97508400491554
68.66192667456633
-1.2753262018699019
59.99008504038193
20.04767647599425
22.392367407977474
-85.26002939989985
-31.305243326980943
92.58232893778876
-36.45477987181594
-20.004973139484633
77.10614801124521
-72.62771570366814
3.760873974582111
32.06166212748295
99.67035950958393
-34.49692449626703
-69.10376014464319
-62.83742101719334
45.37436499119116
-81.09762575585158
-75.5721314404544
-39.94803976299652
-73.12033633101404
87.3200038012697
-59.63164603822062
-53.518822953153
-11.076174574248057
-88.29314110382327
-6.7573838761062035
75.83942286679311
-88.62466940709102
-67.74055036965697
98.08470413313273
-0.31493527275887345
41.3847041851613
-42.23314066895425
-74.93170657464212
74.07215204024064
51.52835063033268
-18.39835365696088
-3.4950529174412566
-41.82652386413357
39.99010046604906
4.881374337613821
26.058565056850995
57.52686353119617
34.211933952456064
-26.08160821755554
86.402713799059
27.065099417988364
64.00864068013234
-54.66973239942303
48.174122326943746
-65.05628629109385
-41.743014758245536
-59.577441247042294
-23.462958496223308
-42.73951186547844
-95.66372949824968
90.11828696839481
21.923987427344798
-82.73308391992475
-27.409579005750146
8.646369026372255
-54.89571317149158
62.04597540856983
-56.62641105120607
36.53057607858369
-61.30241098451039
-45.32365915949232
-83.18869642955049
39.989455769170604
-96.73820193109994
-1.8382807079767645
-11.361026679639892
-52.372604333490756
89.79799271498331
26.95850560163126
-59.57975100678339
-74.26667764158421
91.58451955730297
-21.81581619679973
13.278844862738154
-53.117913851765294
56.18945672262578
2.805927089375686
-64.44330329380574
73.46165941067522
56.384902603433574
-76.30462854745208
-71.47742795523388
-39.46834933066769
-98.62188878703904
-1.6083776614133
55.779999584509
18.550652341239953
30.177080341669893
89.50948762098034
-71.0394629089096
-90.97815726136469
-85.14206237613308
-39.53388089580305
51.87133203549965
30.85534867350762
-31.040948170839272
-21.798110656200805
75.1701447127366
10.801142164346018
-34.425455272850854
-55.94504733728509
-83.22000465152848
73.07790642751556
-71.91939084825351
97.37524263984
18.988657546125026
70.76117767930987
71.84454449315209
-65.72079288842338
19.12679531160441
40.52841904358385
-98.14086988021312
62.77353008394513
8.944352211029269
25.691627697698124
23.87686057229557
-60.8539759962492
-44.516303778956946
72.14281806730133
95.87225041814938
35.227631591678715
39.30686581181689
-40.604068715611284
-72.25234250934298
-27.234742141001988
-50.47467024008447
-59.227556872352636
-41.443397077021714
-94.95867010856185
-30.762027693420464
-65.71561887774801
10.353216360150725
-75.95368585543352
77.44128503107305
86.21327326888033
-85.34064933829457
-97.38048264895029
74.9250392833801
-97.36394563857557
60.90864463108892
-27.600455160521165
-70.35451312833776
-39.648905118766756
-99.61437454084154
25.943680950196864
-3.1743195322418103
-96.78424612112502
-28.287284044771027
-45.423752775173256
38.42409216497677
99.43261692505874
-23.38748186799731
96.57035811945113
80.8814224369398
26.827026215471975
77.131621835273
-96.45675117501347
22.138107543806967
77.75797360251457
-86.44342207641105
4.6334435729188215
1.946989725541215
46.49130758134049
-48.34214969917987
-66.11166762713799
82.48624474396064
16.092825570214913
-31.542720743206587
9.251566716325726
50.4174063287868
27.182326118311224
39.31256096821551
-5.680564053127512
-11.922834618096061
-47.39631414012386
-64.35969140538674
-33.98686970019283
-29.68558285512377
52.47827126818967
99.89389677488384
6.612498319283347
-61.76166659503763
94.27615985129435
-12.983116513363598
30.59736004212678
-79.46883297737683
41.426574250095854
-42.30211020732584
-59.329146205471226
25.71419814037681
-78.73088057253936
-49.25942434240385
-34.79062453180437
9.599433972631545
-4.115767500354224
10.372783039105542
-54.51182816231794
-20.534086564955317
13.54319206522878
-6.127009036878903
44.050695024915
-24.309549302391886
-95.22919069964371
-19.798265561673475
-72.43998693237816
84.84027316503068
-28.64042872868822
-84.18511807556588
-89.60356218886017
-79.0242277526117
7.3351089607192534
20.965258987889854
-35.15812981759798
9.53840827453945
-30.8134334010782
-91.98057229644047
-6.175125061174498
72.34444031676776
-44.399202822701
-99.17871987349471
-45.258521502329764
13.096973482694409
32.97888960642439
9.903135361983999
56.49571710250402
43.92268006380934
-96.62344801560407
1.0599525827906149
-79.9808646379615
-53.5039910271941
-42.91194455899083
61.5193489909683
80.46586254803486
-3.391688305027259
76.83500341268461
13.668572534946819
-68.9476648013829
3.4966898836624694
-31.2473191346633
-87.82745611185616
-89.82342868135835
-88.26130235907482
-37.863801157154796
29.007836103903287
-77.86328184535911
-43.925773046772385
10.575386142199577
-44.68544505079362
-32.790302642281304
-8.27091733292336
17.892544974412488
7.451093326457169
81.81058665629669
-58.36479922567683
28.5046243884795
-33.01725962174322
78.59650673432407
-57.79446246687603
52.24557143267788
-17.730088886218923
-98.16710742740977
62.22798903451337
41.43977477593879
-86.22595894036537
-80.01087529638096
-26.63234517130016
-48.48350720133414
99.5287238007314
83.92200897382276
-46.92238886826134
-42.360909035896825
87.69403660898212
-28.444853021578993
7.25240810677785
-63.6071558927048
82.99801104659085
54.99905562657838
-19.178874505658897
44.06952631397894
20.903439800457008
76.94819862484209
3.270652451489781
77.1323777322977
63.85984519169415
-23.006781467741888
59.574283658869064
-32.904465347424264
91.2201267107692
-26.78933301457195
-3.5256685943292325
-3.499194755090244
17.711319662452496
52.01016639534629
-21.547364090696092
-27.650523472280582
-85.741068872281
79.14424521529475
93.73875360723392
-34.00941631805256
79.03980315789829
-84.86192187730639
93.88317468774414
27.292446593099726
-25.991132869638477
17.37383117843511
28.420042543886268
-48.405182084693706
40.91237537814442
16.124099233088018
-94.74767958907913
-97.93174323120152
-97.73478167511627
58.605721874494805
47.620904188065424
-46.205485513555104
-54.472349115570886
58.44739870409228
26.1979073448352
-15.030644767713525
-70.44160509459232
62.10949765358137
46.08016963576205
-93.71792154764873
-41.15846269986703
3.2543418507332262
-18.069394092426336
-16.803323532768232
-67.40131806111117
55.33563464047717
-65.09487485804763
12.980317764112485
38.73674839432368
-25.329261381617684
-91.09213278925023
17.077367729840148
-36.84041737351149
24.548307976530452
-66.4324229572992
42.6721976143038
60.37349691146568
58.67740245352567
93.222157566796
69.5196667973033
-43.65449003538282
-34.60149574797751
-4.2443319577159
78.25665854793539
46.45804245726174
-42.78109088568396
-10.547908759364375
-25.478648104845377
68.8445624360177
3.998844486108567
-40.84273666493166
61.74308778379179
20.84199756677117
-58.47513950615606
54.38135701648258
-83.15465102035816
-88.29619394656092
-7.380123587783345
28.97841116395813
-63.935118133755495
40.31576041120482
-92.45292834520104
-29.92173465581915
-72.73128882894594
59.13273001239679
34.44167980306074
-13.472866384035825
-21.001104420443426
9.893536888055536
25.17598823889675
45.169399212331484
-79.80025943235324
-38.71779340383939
-85.89087244466045
99.52291174985376
12.337543635321893
30.36145834759506
14.131598699263392
-92.55329437319801
-85.33674508389157
37.30072801931473
-91.81382570314295
51.96739805606819
-8.730290564646296
91.61303923273712
20.314077486168443
-98.57414832925824
-6.927670242145467
-74.37580013609757
-36.37039381176468
-5.261826663752146
-98.14157473039191
21.241509477072043
35.07145192992064
42.33415596327839
-20.187207528148974
-31.848400693818604
41.697328338891424
-47.980552246375076
-19.45080183104149
-40.705436223667554
22.883516352497253
67.43512455403348
-98.1760847436564
26.382001146956895
-97.7699106729401
-36.60125645147825
-91.38834584736593
82.01193873908906
19.749069513987052
-79.90003870103435
71.97902906148323
18.91020904606735
-4.149678736328966
75.73050989008456
-39.092607691870576
32.68688369960131
61.56753859995746
97.8470625471424
-30.065840965885542
-25.094166673143235
-30.165295215849582
-7.538965025906293
-78.1447829169788
12.501757893210467
84.79691152290252
-19.574572081394948
-65.43052152888475
-11.84655986051655
-16.392165166605707
-87.59166021175852
85.4982981212352
1.4053605679701349
-25.613858778068547
56.35826349298574
-22.209111787047007
-33.15718321221533
-46.490341961798535
-80.06699193062308
16.776146066142587
-67.8326405218099
-89.15369853071353
-22.941917335330444
-52.48623243188631
51.83568717928813
0.9810827699372311
73.41102542044976
1.7220535471578415
31.928792018098278
37.0964521880052
98.06417964585026
-56.971001448484415
71.99687989932161
42.44939042463548
-48.2476057040625
79.5613018931071
11.745962033070072
-62.801958989443804
-73.67301187650963
-91.24009614347972
60.80881524473622
-93.70468259754807
-67.94205445528215
81.1028504182537
-62.17273209267087
73.78474328630901
1.1764390918066
48.41421039711187
-54.40773277844207
69.58854390589454
10.53421405959105
29.734227358148445
-86.47565415106993
-82.1313879589589
-28.189518700495725
35.10483266364969
90.1380126824721
34.23605393995541
-82.1718844341701
-5.843967277292833
47.86744514470419
-13.94454689042766
36.79495841041938
-86.93185594535124
99.34260787010712
73.23273736324998
-43.20953251311606
-3.923094250871756
-41.91942598014315
-62.25988446430393
32.569546365127025
-91.52147473371721
-2.194522806905127
-23.737826286861605
56.39858492196075
-56.616913711715
25.72215498820782
-18.628744913656277
84.83213293160134
2.485673471069134
-1.047165833466508
-43.224384230069845
79.59009648805753
85.43923249828475
49.078658187630765
-49.0856395610328
94.79140012078273
21.411589189657107
27.865199598575472
37.277944613571435
27.117287927816776
1.2838417510717903
86.65284514709722
-41.66071410262848
12.937724327639842
60.75791420370308
68.97032667210868
16.704086696179047
37.92621513117365
83.18965230292127
82.74117925219005
78.06722922817414
-73.38354742847778
-40.85382707691127
-89.51257022319439
49.60747362161649
11.045254145462621
-87.20757204501972
41.375347331507015
-46.28841098893817
-16.091952879300834
48.842005133014965
30.52396528290768
-33.794448312113616
-85.45101021478636
-14.548099627694128
-26.944694937507705
77.86370626538968
2.931274670033531
-32.69926583320036
14.802672398786854
-51.845163113362915
-65.948504776713
34.84131308519949
73.18123899704287
87.39887081272286
3.5585544387620303
-34.17052830462862
88.91107637779541
-9.897751027491523
-79.47054249537226
55.97914427149192
-25.917926664616587
-70.03988272521087
-4.1587706007782685
-29.020919450248044
29.171400426519256
90.14378371533485
-38.6440351048807
23.491579706388137
-2.50909193805262
91.06745749372277
-92.94295090904008
72.78733711152549
-97.1094598018511
-8.522861769958268
26.72597834891289
-60.492689401920096
-38.90542142930917
-11.169461847162637
-55.97602912223558
-58.02789994671451
19.469587665706328
-37.66788762852662
-19.33069790871447
-51.283049624519705
-29.843597664262546
90.2195629767705
65.24033810164994
-27.8063445248728
84.04383117885968
-38.643852681490756
-99.49806021515397
63.46658535520035
35.737230678238944
-49.86833672009594
74.35867358972752
-71.4520672062805
85.54482662619256
72.32245380453284
-63.83156055712256
-90.5893180418441
4.340399421786188
48.649003600905814
72.48618044350877
-86.64643274321517
69.20823622479443
28.95801616026833
62.593571606578905
-23.302860427593515
57.97289894319371
-75.21640188422242
58.22647905522419
-92.0066953344306
66.08383898197715
8.075054149193846
-71.86869125235606
67.81353079294004
62.50002410451506
-61.83183390869411
54.38407688484946
-29.987547611729838
-8.365876785357045
-24.356525228030932
18.601273153948952
-88.49961879494388
84.37949956545907
21.779715419935258
0.9422680599128057
-36.20650377529731
73.49952090080754
-6.103109594771311
48.96140247983976
88.06721197678306
54.612049145634586
99.87379162757125
-0.26464446876492786
91.32873369756658
-67.87396212922937
36.776664215945004
-39.513889786620936
20.272488043415365
-9.669720239679663
-34.28684569783664
79.71999580655088
-4.649358146045017
-27.971874637406728
-79.56621753683459
-12.870196113167182
3.669354338519298
44.85861761801908
6.527223578251821
-81.7722425731506
44.053853137293004
70.39290681815916
43.981707614497566
28.763254034638095
27.768088209932685
-73.85922285727966
-22.081495566126705
-67.15007748852418
74.45883013073046
12.586322102244424
-29.22070291154739
-90.27837388777418
37.60260975279297
81.05363123559533
83.96288492521168
-53.32241190472233
-22.898429540928106
-62.416328412015346
-72.10675235271829
66.41397430627478
62.7800872611611
69.62499790348875
74.16600778116344
38.86796320675242
24.07458676019283
36.823938179187905
71.66958237007734
37.58786334549947
72.40456367447018
-19.129173602803704
-49.86831701006156
62.0369781801422
-77.24550156894765
16.42318924402562
-92.58761130047893
-88.70349384444984
38.51824839671235
59.11039639192424
-65.3846434890219
-48.0456534984367
79.67159767517484
-2.631576254256757
-82.02411729049382
-71.90398983561778
26.056060234876483
-95.30510242418897
-41.744931806574506
68.24419134012959
3.9972529099401726
53.10980939958233
-49.47350443220569
-22.96754260753866
54.404463567088925
22.513837445647454
50.36260840905442
-13.98127155782116
-22.1575063689954
-3.3197937901895216
-25.234852503606604
-56.83954913991429
23.615466112536424
-14.81631511489934
29.46281683232442
-71.72413848901131
-86.99465171400622
-82.70448440375495
18.75644648317393
26.1466990479815
-56.01117410043115
-79.30401607525883
39.00677704176704
91.39675688998943
-15.378623406695738
-22.80070751080237
-33.23614565369502
89.94450754688933
79.61961138953782
-69.87307099091802
82.78326411811477
-12.535828880766033
29.47439954015917
-40.57302356375514
80.80853965266942
35.926957420940795
13.9233221516198
69.43263104463665
-82.98830258269523
-88.43211427777646
-90.73111356649663
-54.52299558871401
-25.880606409433327
-29.899955463360158
22.842381401468543
-99.46258986843901
31.225487180734376
20.07914852538144
79.40138019597535
-36.42265374786693
93.0182762837542
20.220374619453693
60.80923545929153
52.44412624182118
9.780684141954097
67.06405044630142
-20.6254569481237
63.80228658817222
-10.589264441215036
32.835335220576866
-62.446735819060905
67.69238328803453
11.705494723475056
-79.20570409564169
48.83019413400595
-32.796519346478775
21.12838880515828
-10.299660622240282
-4.551523811840184
64.4400838894226
35.40060813670314
-62.03654192233537
21.59114338076273
