-75.44724927451381
-32.85956616195304
-8.89378102048515
27.373127018040293
-28.59719894034778
29.521244087146783
-0.2138424006538031
32.49003308892739
94.48339482850142
-90.14606172518731
60.73795268378137
53.08393616912085
-77.60957366419379
53.05382281359212
-88.91255937753324
-4.362680493770782
75.15153408071873
98.93476844428739
11.451760130494932
-43.215351712415085
-75.48292825790097
-25.795784183474296
-34.87794799035777
-63.62419975276141
89.55840172442691
-3.4954539695924325
-65.62661948638467
-23.91540823971698
56.341467613555864
45.198174236553086
24.65053184710125
-50.68348846469526
37.60581985361253
-11.052553889944932
10.622598165680259
-30.00678640027681
-67.66756929293452
-39.25982729470745
52.796221941547145
10.210156581192024
-66.50576725447024
-69.88132140568699
-30.806795480849388
-20.521013048684594
-67.96485436119839
-42.10179309216826
14.800761470861602
-35.841931979546615
-84.228465307156
-94.35620642283746
-43.675101289491366
79.0522704955913
80.97284152266784
41.446949915692585
84.60916895232319
93.87554220680795
-91.5519021220844
77.62986656914055
28.858387177747943
-12.501767570272222
60.45982183287191
63.2607424097458
0.09868510829613797
-93.86994657674465
-44.884026368868305
-51.6900715796313
-85.34349768118443
-36.32307572965337
-27.469853920823567
-48.338430568982304
75.61020496574184
-23.89978118317066
38.145463901723076
-10.609973786628217
40.631425618931104
-18.51243294260945
-71.3497420182776
97.91012830244352
15.770180775468432
-38.527506586707695
52.71189631627195
-19.118435988765754
-91.41513230167142
62.31792724250033
-33.152250387741546
-21.323501636327833
72.50762360272455
58.065927534516845
-20.25073445027614
19.921308486208062
30.44346191363826
-87.77267539958254
-11.179738138865574
-10.109942182167813
58.337849735633455
-15.43739328896767
-31.807663822517114
-3.888072559274903
77.17797157365675
76.09889636911765
-0.370809345681991
81.13808426079265
-54.46061941947329
-22.037033331545004
-30.746117785053514
-40.96176655734381
-40.847620754331814
47.44730642184007
43.91195688946735
-67.4358069877706
93.70919458650218
9.71308037160182
45.487191919289074
-92.5620383267993
-13.784218659869723
-23.92588290157012
-63.276131826879364
0.9907155509401235
40.50311012552024
-85.14181865931607
8.533580002055928
47.88342420128777
-68.1084444180669
-55.500404405311855
53.130925823297105
85.2251124827975
39.74838709668268
98.79319746463835
-57.45778929254315
3.8680116943975946
-53.13011280810218
-19.517266257760397
66.25061245165324
-14.377214416316761
-54.6265870480978
81.30890247095573
-12.00569742006546
6.500288407242323
-18.918112688983285
-19.49916775678892
-70.00219165051308
-47.70479578358382
54.28302358736846
-22.59331377621112
-34.44970329749424
-11.530170265897539
92.00512193376917
-3.4621485883708374
10.456729924896194
44.01251181122592
0.41402415487308986
66.44887914744598
87.90600775041156
84.80303144724093
-69.88115704622169
11.778773539599058
-41.13437560236537
99.39531058594088
-38.70116265372563
45.63250355169768
73.29986649361655
-28.138614496880038
34.43174221413145
-62.27132150650603
49.41404272486159
26.569968824119854
-72.1530239561115
-8.938522070688876
59.96048867728763
11.304018539366353
-30.431788478023506
-94.0964437966864
-83.22272221485073
91.01661552567413
-75.64922710568098
-56.735261306503574
-96.99086881657126
-59.99276558928026
-92.20635501858814
19.136740773622222
51.497461050172575
85.92094978184844
-47.39234807368089
-99.32054067655591
8.459139230960616
90.44084681539533
11.893392799478562
79.00258476120655
-9.087611607131947
0.18270542964680203
-98.22134808844845
7.184918138340237
-30.212724094422498
-15.034706673330803
12.834050766321397
67.03212640357913
21.78977066076149
-71.37774585288878
62.31548869355311
70.56199399155969
-13.912567307012267
-86.09234977204608
-4.689597264097813
-94.36620844285399
62.46143867019856
94.04055318022125
-70.51166813310434
-5.790296610531456
-76.20745701287994
29.732768743216297
42.88996817648791
-35.23799883999341
-87.075400557716
-54.505583459454485
-2.698302253041817
-75.00296545680067
-0.5914561548197952
-15.350074980830428
-18.103448388941047
77.85743723553696
-91.33005341526676
-21.569949147921278
6.864139539479368
-48.311766215098295
95.1480411427755
-28.426710842746303
-44.73917914691536
44.54783047151872
35.98640969200858
-42.756646048913424
-15.4646121948375
83.69962503485715
12.06030803990987
-89.28859482120353
-80.55190879909199
-81.61940958549434
18.401933283134397
45.456872900070636
-29.09037196670721
-77.28980844579215
-3.347950282770043
65.64341286393386
42.98643308138506
-58.72467653938638
87.53953484576348
-0.8367271826840152
-29.217511634295775
43.7530993008011
68.22755100009272
-64.38813046359992
36.73761627903909
9.520780623406779
50.89053197376256
-11.207383107205331
21.95414805839762
67.74470883563629
-19.153654123692903
89.57734407981158
-55.78374059068323
-5.546462035173789
-77.61755840334514
-93.61816334366779
-73.83943099797885
-61.51532329923286
-75.93954522103382
40.611486806265276
-98.56975502332557
1.1358701914879816
68.4375635208624
-40.933199259723075
6.334527038632061
-77.46280769394711
9.502439534867818
-40.262384251853355
12.6468224130561
-64.17868990938095
30.579462490956587
43.624198285351326
35.26670154811734
-46.493080912622695
69.82445994304481
-92.28088685000921
-86.0960873115326
34.727875401895716
-45.35568498572064
3.971737126730133
-22.963978224999536
-27.519752260505115
68.73103300830809
-72.61034981677278
32.827998704295965
65.1819376944946
-0.04208296394176614
77.91781413820448
3.85711519851624
-49.450085664247624
-11.274864517114949
-25.112065733649843
14.120726199098272
89.36363016219829
-80.92654047294683
69.65448181985917
2.423826923186013
-14.154310973899698
55.35702920419118
3.208626867935507
-13.482287338897535
-47.679648962379
11.46812037838609
-80.0952620014223
99.75873612817179
-64.16775948246958
91.17855012704155
77.43735941887934
16.2389478507134
12.905622754972825
-32.61324160881138
14.022573305343329
-45.38461710036907
-27.54368982430408
-6.515457778538007
96.59018925591931
36.3376664707381
80.62491771860056
-88.24130465450158
-24.43430694919877
55.132807589168266
-84.74995981356875
-90.1642702563253
-93.03891126390423
3.1551149347040592
15.23285504331811
-84.0724735995463
-82.00532545634427
-10.090079418208148
37.426158271472275
92.79770462531792
-36.88626659942435
88.39637461472509
41.29737815496739
41.766261274268146
-27.081017161324738
45.83657911475737
41.35920193764525
89.63613393501385
-95.57770681222419
-23.56318388666753
63.930620581058406
63.676682218944734
-32.923888115332204
79.18887237508537
97.89270409527151
97.03530680294773
-34.38409559018115
37.054827559575784
32.33065511098016
-22.088544377389113
-5.961634492035188
-24.857630863166122
-43.962642835467356
53.58595008914011
-10.459329458347312
46.1984965046521
-8.086571953075179
-1.2251453261542338
-98.54876318806183
39.598821612220405
92.50446492067687
-98.17703379354047
96.61673788639723
-23.087513412656264
-15.14812429105983
84.84395582189464
16.442421532235358
41.86604408964294
48.162100894431546
21.33669672773111
-72.24551694050014
-57.683323444620726
21.881531363624703
41.47871737358918
13.85420846444893
54.857610546062205
70.77545581626154
-38.955902547044374
-51.90514086905649
-0.2007999625647301
12.053045421069157
-39.415648277959534
-56.62507703093558
48.824553712752504
-87.88195880767373
53.90716537129529
74.12100140381
9.371261736742014
66.70724985807993
36.841115472542185
-9.7657409102832
-97.33842122032858
-22.482455108819792
-11.289863506121335
-21.67869909365963
-19.062972271963858
-74.04969681017413
29.50704348862186
-38.567506528478425
25.918160594788574
77.8465596464579
90.96725230958458
-88.7605343950558
80.23790941023273
94.13185115350896
27.272807757862495
-6.292445700659329
56.54178714729582
20.742309865918898
-66.08666574157864
-66.41273476742921
-93.48231279272747
84.5515746177874
12.110536927891985
38.71160636742624
59.78717236981345
-49.436999396069425
8.298552994112967
-10.893692212921096
-51.40773389425897
-29.292799708148493
81.83738002883334
91.03059666283235
-47.33581602171108
-50.90468594261597
-20.724555406561834
42.841114014996805
-93.52189462753175
-10.174925430690791
32.217127637086946
33.597408255069524
-32.40672080378933
-51.23882090213354
91.75206164311967
43.108160923667924
-3.4231176731135804
10.300338775938698
41.48816560416219
89.57878007517166
-64.75503354530156
-17.58436180116732
93.24919615574782
-91.51474758831102
-19.890636625693674
37.81797939114156
-40.4739053530619
20.52238250914307
8.02017993473423
14.446752084795406
13.519333596150958
-68.37198484119716
44.23516445137096
14.854722418601355
9.215457681797574
16.590186657172666
86.96084466237755
51.18272438325869
-88.16607379161205
-91.36212393966252
32.43969859986612
-12.697998891477553
84.25573829473046
70.32358587705818
21.032394438353435
-4.596300903912962
-35.214966707666946
4.2741596380113265
-53.70092095423031
79.48433456429302
71.18841364963487
-0.5538442689502716
-31.045120303733384
-69.96553819421743
34.74580331296309
96.49151162701733
-36.773269467765715
49.047782411507455
33.66607720564744
-41.679201153752764
25.438873964314965
-32.02003799309607
86.35346106269128
-47.32293281926023
10.228279962479519
-39.16600189736141
-48.793741075759996
34.96472083595063
-4.281427452939951
81.64101157646365
-20.746893671899386
-44.48075848031561
-42.21995654082953
26.10669020741534
-62.43507173152689
5.898106995555381
95.50322600666587
-46.752935597271474
70.907917966072
33.500203436146705
12.367360732699353
-36.79339742670717
67.55578229484595
0.06256278872436383
99.43723030943067
-32.35706218803173
60.24273326543957
-94.48546504199564
-11.016206508115516
35.588253157428454
13.849705683871676
-53.97151185552917
-79.68024921596268
-48.982253292523104
-15.43129005780348
-37.922105338677234
12.649834007070496
-41.747658876686586
47.658722467302795
-78.16148799746514
20.175238416398983
-30.09949381695091
54.020703714549086
-86.92123286588273
41.80250320206079
46.20259114993749
-62.170965619636306
89.09595814071852
56.294506942393156
-88.16907235472937
-5.805260554525546
-89.35168647920673
68.86908287235443
-58.07059748396996
14.515832495484233
92.20681855063654
76.65616765171004
60.20407678681818
61.280131999485064
-3.6148877108051636
11.92210776588621
-77.41382706392466
94.61932551026416
47.53047206172985
54.75537569481074
-5.660085150291977
-63.317906359645804
51.25192685308437
-24.278273783562042
-63.71103918677321
-60.048383817695324
38.80083540108001
44.319622008124554
2.503494093492648
26.01837668267082
52.72567240821766
-22.498435779897534
-56.92066654320864
-68.63633903454334
97.71060070410633
-60.3057776207347
57.28099009961349
-69.56219592838353
-78.07104705360095
-50.45330097502321
49.6836415148652
-52.46588369558572
46.9262136458826
74.19069565385254
-84.4471460814122
-99.81112415438122
12.894536677306249
15.185909149634952
-20.806483827033517
-83.90517555026929
88.33264451150029
70.25855081570421
-23.436424018186216
87.94404561519625
-40.85196943997087
-51.44745837618452
-35.92930984746856
12.921621027121134
82.21609028453005
-28.677351677989506
40.321377885406804
31.125649639784797
94.28272460340031
-4.076448919258112
-35.44045344646773
-8.940868212896518
-86.96576210453637
24.222132907869693
15.004253549038367
-71.71649645379162
18.926665413568728
9.259758737537965
62.23262498480241
-94.69006780110112
5.357683587297004
-57.452300223899286
94.12483820014796
-38.95317481912366
59.18764695416374
-29.644572629443772
-3.7473752433225087
-69.52775752785874
28.459025919003892
-18.91611683625385
-93.69221637756011
-20.422146235305178
-87.50024119307835
35.707333282177956
51.31344806680903
45.94213728160943
23.374166606822016
-67.69123587103238
23.26377420172348
78.56658781667275
33.0129414654989
-60.81506819210958
-84.81488085546307
46.71663417765984
28.541289536928815
-3.1594132212312616
69.7345240421322
-3.8077874876109234
-17.28630067047223
-78.93059855699116
-64.83615980987751
12.868967010238237
80.03169015305815
-50.44507238286988
37.850602348697976
10.415940707723962
26.79735122369722
21.291556483368538
98.26200860562696
-32.09248636608113
-5.475045006939695
37.58355022780174
49.96306179589928
55.660936962019804
66.91226571224993
-13.282364818650976
80.86918768395145
41.77491007550259
33.86631383863491
-70.67695742237194
-77.93659028739492
-20.633411405230135
93.48656026147191
23.898231692363822
48.52821635681178
33.11453429463563
-6.126659705293406
-90.59731781193234
-64.80766738335788
-34.55621298925644
24.482124804572038
-52.45973136872046
-31.53853878371602
15.547175143426543
-74.48055049676685
-54.653825625109434
-52.52769978883936
-11.800380631316983
29.047584348057143
-46.326835065068764
-95.01002999397392
84.79771206475678
60.67332461437621
25.440189444986117
-26.48816899115576
-74.66108595115186
-70.36628720454428
-35.016582952252676
-40.65355351237707
50.417872804728745
19.810252298815072
-28.938920554351228
54.0732548833509
-30.513852458803356
-5.734064773143871
57.78695192372473
75.9495638009196
78.51363752239376
-20.660981546184303
-24.553913963665792
-94.93354584437144
-66.34038727273415
42.685337053846354
84.10379734953077
-97.6011024768621
-82.48294334086216
-92.36452468678613
82.73382016342782
-97.63103636256787
73.6202662687893
1.2590859398836614
80.63751734743914
18.099135569750842
-99.51167285751158
83.5755480105737
46.703984226649396
-72.38903660152336
-65.00473786638935
-17.73730175490313
85.61450766817089
42.40091998984158
-98.96486409649113
3.5279711302011094
-97.56984613252695
79.8887923085534
-22.524380437061467
-92.58613491879572
97.2601656904161
82.673985050033
-3.5268713043294326
45.13845927099541
-74.64447725534487
-70.54195647474305
-20.101935751267376
72.43190459575283
36.25454079657905
-33.070457238878646
32.284371566945055
-34.50071290171451
-25.885947241535717
-34.45869200852731
-27.92001402222519
-59.16094640430272
-26.40979850344938
-70.43215503482278
37.93033600014354
-45.44910260154105
-21.984786968215886
-42.15035459539094
-1.199852275892539
-6.7232568121145135
-93.33948883738232
57.39661567639044
54.641459913435426
-20.26430116294236
-65.20199870638754
-39.185611560927725
-66.06254839537868
-87.78386231160351
97.86204817850168
96.92614298285955
29.31359819115363
-5.048885464250759
-90.4386988821636
80.03864549683655
-22.442611010934527
-69.04137020122238
16.354634089589865
-52.111006880980646
64.61878336643406
-14.421970652125623
2.1110044687874847
-57.04803240444667
42.467177958397855
-2.877506568544902
25.90733714021762
-36.79907243446936
16.002254254733202
-5.660498303902827
36.9476402081703
90.98293007629687
-4.671511994965272
71.77406692736074
-0.5733020864832099
-78.53647970292059
-52.75224657232651
-37.3659388549658
93.12266241713041
-21.743231320586176
19.71347146949482
15.113998494801635
-3.931837225195167
-45.74236660291664
16.741794957554305
1.4075308142717375
-9.219648500759675
15.521995451309323
-61.87607416730716
-17.422305374179373
-3.6592423086200085
-65.31226822268556
-42.167898469993894
68.51667629081334
4.951186732412211
-36.31232431188622
8.541512908434441
82.41462937599562
13.38206577916469
1.8354531458715968
35.870903123679255
97.46281830716129
-54.65205891041691
8.135702215722532
-17.793886227863283
74.02450266217124
-10.789845467023412
-66.45467475282894
5.282530739107898
-91.07960314715325
1.1147784061645893
81.43866306156536
-36.72572283283011
-92.76565600522409
84.12893601086085
36.72716852388561
90.45297041625503
72.78210006939051
-71.9627628312039
-26.26548072441122
-18.39902953878925
-26.30774907549052
-49.028169003368596
-20.825539173130878
-77.59245409604614
-26.734470585281713
0.4357378541888437
-19.98097149071134
-67.60479993697052
-12.499977681688662
-5.493221574933301
26.750865987778155
-53.937525380454176
86.77218842748056
62.93154021279338
-65.42672145878139
-26.549917004627545
-24.530135019602042
72.40325500097873
28.574442285215582
-55.14121127917044
-15.919084018444082
-85.14759582283702
-4.691557222421295
-73.16262332956079
49.29878871084773
-0.9995453013891762
27.97514423806031
-93.34722814032253
-33.15134460942555
98.92666382735382
49.52466749999809
-32.20605251683625
-66.11926598906783
-97.75432124186682
44.45127385828977
18.880245292473447
45.67210759228709
3.7734648971082123
-55.414815768121706
41.21052626746416
87.52736529656289
51.80016517558897
-98.95924015627311
-56.26078998972424
70.221827284861
87.50040461725922
29.900009978687706
-66.58633955171467
-38.71730037486098
87.92141377844194
-60.485439575301235
-99.82878025653947
29.61558157903545
-10.600386941711307
-76.2716518932423
20.748589081188044
-99.92159353672217
-54.29143346641756
85.8817607546348
46.86172054567626
49.13163583388183
-5.226999763307987
97.21372842273283
68.0014146753559
-25.077935712074066
29.175492882861988
-59.33852080129305
-42.508976347268046
73.89430753540117
-52.833996219301916
-38.621556604491225
-47.429521536125144
55.617405778280926
72.45449200572048
90.7146584819975
18.73926667724055
-63.19470459284451
62.54472430800118
-17.57512055157713
43.74133214998034
-83.24870255167662
-82.81785870240618
-0.2954114257997418
19.018735385328498
35.3888367280166
-82.76682077867224
-13.192358121722975
-72.99025535887047
51.62189879640559
-63.550692821791
-45.02520565140065
-5.413712262873773
-88.69194671513043
72.37527746859283
-40.56781659077879
-21.385912798564476
12.884618035533094
-77.67939632051228
14.566169393485694
36.127459073740624
12.649197525292038
-75.90973868761387
-71.6525100737535
-66.20180625186194
46.15311862351902
33.28454799946695
-2.745161838037987
57.52030907597816
10.818320043750944
-52.81223651406781
87.44792627463943
-98.9324900418843
-83.98719641541356
6.203710003831262
-5.442375611715306
38.04633558280926
-66.81280321759964
-70.48914788380205
-14.950779784326045
35.18193745305351
-46.8616970410759
-29.350074410022813
-57.89674570305123
99.05414179037265
2.6553920314941593
12.802323553271862
-22.63503433825096
-79.77869695979933
-78.79226193083525
39.231405548990296
-69.77799583521715
-82.29867916002145
46.052640139759944
-9.898911218707894
2.8033977315646155
-22.58194299403509
27.197826210695382
48.654589690779346
27.974638451333007
-29.027070237013717
61.16109031541467
23.33151189585783
99.81070465332203
-10.259308852418187
5.498526071793748
-48.839405183619334
51.07608517973145
-53.030825871720964
-24.016622076202438
78.30942801372944
-21.15803322606189
61.78564514146484
64.78774234469117
-92.27941588147893
49.932680463244765
26.88697250548664
94.50716469568198
45.20292114887752
-23.142655897264362
40.47560166317649
-47.27397113349514
61.11157916399529
-84.37509819420225
96.34512958456062
60.88102994614471
18.589870669787345
48.83281817488049
21.472364922992384
-77.93607223696075
53.13641915466073
-9.556090869501801
-21.962954691344436
-1.420510052464195
57.53602625216135
54.159306880901084
