-1.7656341479577833
97.26630519123813
-10.957715830605636
96.36455845047078
-82.2463484311657
46.531967440618814
-17.112721630786524
94.81693689030229
71.23807912562916
-39.72007016722172
63.24397282795954
65.15097073368281
95.00888893210643
94.20637160457824
-13.628110162506715
-54.9144232624778
6.423668637843875
61.25015621535252
7.5564623144974945
-33.01060787669381
49.76164044663443
69.15902726919032
88.1223765693039
22.46272737619053
64.62135130934413
-67.35021774113225
89.27016965830279
23.220966762350344
4.85495740723205
8.694848533789369
89.86503839103014
-3.738994118546259
-22.99244030041558
-94.2702689053456
5.831684007454257
-11.207279445981172
-92.028268542908
-44.1283284344163
22.24749686219245
-69.22051516613763
57.37332046258976
-33.59147857507527
71.14722254832034
-89.71056970053462
96.85110849284834
-89.7470005163972
39.333231967306205
-65.03074274620371
9.341951651014242
-87.30783210900408
-24.87514582867672
15.588155172987527
-47.892522626870715
69.23720680413734
-88.8911761662571
94.5401171813217
25.921900838792354
-23.744914012008493
-35.13175987053184
-22.745323138749683
-76.85286826383894
-69.91341632674037
-47.91312184142846
69.75636767464337
30.17463026325018
72.74605698238472
26.142343703294515
-44.49722178985191
76.8615062162657
36.052412533089296
-42.28031474860272
70.53136542796841
-93.40474915428575
86.65268903242102
-37.38383907099354
24.236949529290072
55.66544908041291
-3.9675742884940775
-22.466197964343948
37.915749189877715
-62.161552622192715
-89.39929687377229
51.11729795045764
-77.79842572511745
-77.58292377448647
-16.88755338718309
-72.93655712238342
60.61800453459128
-60.83328502336294
84.20758823315327
-7.183447918631131
-58.5670941854582
72.21689987679974
-80.86706741921026
24.148553147589197
-57.76177585493556
36.38192017155109
54.63431760548525
-1.0840730056937105
28.177211453442112
-46.87822517529292
21.429875364343772
-16.2613806718211
-55.186995297994955
-72.39804734479853
-95.30171975470418
-90.57906280978798
27.077476443778295
58.91780408867649
60.7143509258984
72.0710859544225
68.62716858237184
39.84707218054274
58.66964092338554
-72.41056533774514
-55.42702312433383
12.272051809667104
-26.09459297302641
-95.64403807035033
24.521688845038085
42.5376770821818
94.49963494922076
-45.98797832525461
55.06273362289923
-1.6688282816073325
-81.96436620520745
13.716996839372726
15.535641721920584
65.75113346574506
-34.673135899658064
4.958963648325138
56.531155567521125
-39.728667047355245
47.71797611179824
-0.3782164493663913
2.484913229677659
71.43357029796854
38.5120014826355
-24.555841337486385
82.27003767699733
16.543453163561466
88.37806550645658
45.79493880012748
-71.54755241895437
37.316075540112365
-47.266135031585655
36.30783485819049
-84.2234209178891
45.66864712684887
63.04147335393645
66.8319991842807
-97.90478684862083
-49.872515287105415
-3.757690058913383
91.54947620858397
-2.2599350510515137
-70.94790832622999
45.430886949924115
-74.20383241455946
25.065974907799514
87.40336837257695
22.66340475138078
52.88505594035118
-5.60599302007509
-58.97502352450854
-78.26535747238964
58.90811471154262
24.319838687192117
-55.12334186902164
-89.47130089277769
-50.94137944813368
-68.68398477751343
86.68354184138934
96.59820607883529
92.29307846702122
40.148499945786824
-51.9213000456884
48.82213412409547
28.546467722372626
2.9097113107862356
30.195281328443627
46.8685951891641
70.83321457307616
64.3826970072954
-32.82770434009639
-20.578875099066124
73.12014753290691
27.92886246569077
17.98094738894389
6.903355446785355
-22.52595051968109
10.35394286134354
-25.096914626181473
-65.26646633398119
-88.7353663557457
-53.81392061746277
95.78974885625996
58.979030695750964
-28.808379453925625
-1.4404398691942646
91.38914487496393
4.913283412583283
14.273794075717632
32.79633639510945
-76.59954887144546
-83.2755102072545
-7.845411987858569
83.70523665315847
-87.82437489568335
-26.5053684739067
83.13486793387341
-58.359636626226695
14.834682307222536
-61.74303337543101
-34.644320569730255
-28.641840549738973
21.28211143782424
33.159843342361796
-47.793337478052614
70.88077217110757
-84.07814945100435
-50.45968713214661
17.393427035438364
0.8577152998634716
75.28848695948517
4.97656300638711
-32.00556413820263
-44.4919448445515
36.287515366710466
-71.79210421680582
-64.27017877673431
-88.07440642806334
97.8750380803672
96.77234215462397
0.6142116048003032
10.0858898630118
-42.28663278205711
-77.65394161983909
-64.27353108193144
37.14807935235396
-63.96301747885309
71.78375560889046
-23.871642591215192
81.06773948343772
67.7118279174704
-63.25190031728361
-79.55274438462644
-74.79032912051923
78.12843300223815
39.872402451172064
-42.43206856774575
9.119450311474765
-14.618368145675916
-73.60307611577016
-99.4962996802756
-8.8552816907183
-31.908013963997362
-92.73149068956768
-2.183057470529576
-25.29157879746664
-62.479905247637845
59.86455285981569
-63.755435090467884
46.00672147365742
65.8389154216595
53.24460198803186
-77.25081600663108
-29.85725553191874
90.4127393060597
8.254816579268692
-81.13400821303631
-39.777382501789525
3.8819406678840096
93.92297176902892
-94.32239615728189
-37.817968795022175
97.86726616540844
40.15363682850722
-15.673720032292621
-31.858888094434406
-45.94737763833878
21.20752845298948
-59.943184880228785
-95.62560031337306
31.196340791158917
72.41108080376037
26.60948359819291
45.69008025624143
-16.742627921183754
24.655154433410928
-1.7830695504948721
-73.1088114568696
76.19526052416836
59.02941028543705
-70.11125585439189
55.069918255998374
-59.47359111596911
5.379749394233002
-85.77825214471694
-99.46946476730886
63.646428437990835
-59.90268154064562
-82.6592737082106
89.01546130041316
10.106829390451495
-70.03566848230824
-73.87011516863262
86.40220926963747
35.13870234324477
-73.11173389367443
-49.50610784517162
18.501194466413693
53.445588777867755
17.365542350172632
-5.944873271848493
-3.549459088674496
-93.15967809235053
55.46266005872701
42.94045105027945
-7.365894704417357
99.93250067971425
-4.17760157750611
-47.08844317325642
9.503980378924808
-40.84369856622936
-74.52174861339698
-8.040364610091629
64.31202063893363
-14.485883675404736
4.238243917295193
-44.14269458915494
-36.57097120063404
-49.08533996289
-31.431136323346067
70.9628877069093
56.818569256930175
-42.64822674448594
27.325910695946448
-88.31652043612037
40.67341027896609
99.36639740116388
1.0941850039149443
99.89021919519328
50.08704936899616
-97.01190324652265
-86.05085555527413
43.29583511230578
40.68341521887663
86.06515133826946
29.626066516500543
-48.26226754830418
-8.899557986473809
5.564954590781895
-64.62538629100368
-79.58379541259504
-54.0087466427184
-12.212824435816614
-47.27541297681179
-62.78156001810442
-69.00742151731038
36.21623474138633
9.41387715163087
-45.976494238766975
4.679388154171306
70.09037085017957
-40.71543904527171
58.467832577564536
56.892664697349915
-43.0827611874717
19.722221666786368
74.11713068683628
-46.966923688623275
1.6582163155547676
-32.732080392868895
-90.0843093466506
39.3670794576247
20.646921698151274
-85.8867781801969
28.819284756990612
24.649112391791974
-62.69230702202098
-82.01113720460134
95.67979260931872
-88.09659623848212
-56.150197892454344
-14.756127258372615
76.93706670708721
-93.63401467392664
-86.78434694402952
35.27753701819378
-30.005078536891688
58.822683844389786
38.70861552491664
87.78510130769797
79.06568756621004
20.695286652005123
72.73731113852537
-53.64036497304745
-91.82735892367396
-57.77744075060769
14.30535807567243
-80.08026639325318
81.04391113531304
54.79940434410932
-97.99716278837629
67.28751890582839
67.98471624223444
-23.260013273140913
-63.95098863226005
-1.9954990765638456
-65.42869805817912
39.40540397609195
-24.80413395451147
-61.27789326455964
-91.42120935035287
49.54899136585047
61.462223241214275
9.107748082789328
-95.58333859297939
-28.32893845042217
-50.79785445935994
-8.962481173614918
-63.99762515320684
83.83838141149812
6.943135772115824
-39.08870020864506
67.49029193514039
81.7243040865661
-66.0084278721745
20.726908601762133
55.37709622674183
49.86576834320397
-98.20315444997118
-46.718237408522526
91.73690112363823
-76.11689850941733
-94.53047485567521
-17.842472427007095
-73.57659840700379
66.24667160855125
77.4297720191042
-1.088974087260695
98.87283081231195
15.845953665314966
92.0982102287015
-50.525852466099465
80.5879364068222
27.286826672585036
42.5562752105796
-3.898804377673855
28.94281347908435
-82.62253133381955
-96.63098555803073
50.53603205542953
66.25059279946225
-71.64863896081852
9.877963132251082
10.403224339131341
10.318403540983567
0.8444248520807776
64.32975949296025
75.25372752598673
-25.82413489644226
54.453272320654435
-20.553278726484166
-56.80961469853718
76.2852709631365
-52.01944120766624
83.97038100732524
-22.71993812193527
-30.00504995374837
30.310606117187262
21.400582255846572
-6.328754915804353
85.3332717126082
-61.07011108129983
37.618892674885416
-95.5279780343132
-37.7126295882104
-49.86317552349777
-4.111531937621507
-9.703790230917477
6.225745785330616
66.59548277666897
8.008966774868583
47.97192463978922
-34.76545525553867
32.64385101220276
-35.25707264674918
-15.951595534662147
19.985894378439355
-53.636816772714305
4.418622407178475
67.7908696001015
-76.57343348162547
91.4974626049281
-23.92602529450278
-58.31166484390589
22.98926151805489
21.675347741745313
-22.789996075909528
83.41268002797747
81.35434353626133
57.9568502566315
-98.07811446913585
66.94135941750702
60.647239145758704
49.2440502318201
-78.43561137681472
-95.47200675263508
-39.689884012499554
-67.86232969834066
-94.45015042170164
-75.97227052221712
48.62968893951742
44.31387786580538
24.556948791576346
47.37559532302484
80.66472863566261
90.08130198945389
-55.067166112619304
-36.070007268777914
24.48987519942682
-0.6199348293530988
85.16680208541337
-32.79367372925948
-17.46312728999162
3.458669028284305
70.20719513554272
-52.30508018022988
26.325252715439618
58.808169708847004
61.469248052210816
12.971128848916152
-6.337378195425785
-61.600106939768274
-51.700856503403394
-42.61451484847536
-8.825426067600148
-17.523840534829205
3.3393593037573766
55.65196743914717
10.245168898308663
-67.26532702657425
-44.64058190453426
99.90447876497836
-1.6301395106702614
-69.58855471638232
-71.63076885711202
1.5359346252862025
98.01747033785117
-74.52603825191188
76.02768051708648
-66.70596066343481
-62.38000825019932
64.08531738394942
-6.16068576905235
-14.112980438045568
29.95552313423329
-98.74682315538885
50.13373457722065
-40.855145882051836
33.05562897620945
-41.40533240839404
-71.71565764040338
80.10544641585844
-59.97931373177552
33.00174421321711
44.033253323164956
53.617836295650676
11.277854695034591
36.9658453734954
76.83917139301809
40.912318092652725
37.85843946618593
-0.5306241702262469
35.31524224561292
97.55080883485516
-7.362667732464928
31.94761255052009
90.9255661417084
77.98341641552199
44.00542721475327
90.04954027510615
89.52219168638379
-10.42794636390903
-55.97010090113261
84.92060420009034
9.319064470633577
29.38774203169993
-18.800870943705334
-59.58705624509424
13.890766325464597
29.702861076016433
50.65034200247155
29.63699881671451
-28.46860596937688
75.66901364874721
70.69293532194445
-25.89806272061999
-14.354204554237043
11.811769978614109
69.33970225605265
-98.68042195088402
-23.737281031717856
87.83096352554048
-60.51860671468805
-20.977782877505362
-28.819311703208513
16.86536353708894
-63.209019314383966
-67.14771651915608
-6.226274469646171
74.65855050704383
26.106978548705897
89.33074856121331
-84.78686887664404
-98.26260498406624
83.59907813382765
71.58307235165898
29.245199630615332
-53.12713090318306
25.40471882448223
27.215877969424824
91.86640963632198
-14.828111534411974
-91.8699017835406
-17.68624624746171
-70.41507427056864
-36.08856513290186
56.64917215849488
82.45139765512911
88.67628718681172
49.955212845320005
75.93118123473383
77.1844725473087
-34.12026770873808
65.66601689739963
95.68677441208439
36.71536414648361
89.0147580433181
72.1218529407787
-40.69789896614739
35.794253426346046
-61.63836174561752
5.432962056795418
99.59180870525825
-9.948720571821212
-6.852646660548274
23.545014366585534
-34.63107429764203
85.66307751263835
59.34700911676944
91.66058150816622
-57.73853685919526
-68.93770359943298
-63.95024256492876
-62.625284956032324
59.813521418180414
-24.020100158156964
-76.04290840789194
-69.09664680394593
-9.419362713196207
32.375885972351114
58.900989585652695
15.913870508681399
-15.942626682236167
57.083638167215895
73.12740578376642
10.71327478738165
-0.960800364410531
-5.895147921357477
10.83034044952906
92.5344203801545
-37.08087041497914
81.49300295674786
39.53395989094196
48.69652626411931
73.71730216684026
78.70056860787494
-38.27805837834137
-17.89370287552852
27.11004492870444
70.8288119292915
49.85081725025279
86.57612911091886
59.005804451919886
-83.47368479114503
-19.730324653581818
16.955146758239977
-82.07221193909156
-9.44705406146997
-39.44618255682537
-50.536655244049356
-53.09397742733331
-73.99943012874068
-23.27442864049074
-89.56483766196051
74.41342209109177
-0.2594775716800086
-61.35473681623584
82.52567541576605
38.026303114118576
16.75526089039255
-25.547548321875595
13.032153840939358
11.674475594205163
-23.414333254836777
-19.69265675795448
90.23927154558567
-67.54795693839122
-41.602282861654835
-84.82783239048548
45.158156677239475
96.34335937946156
-81.64470360987362
-32.968448080979755
21.735644488432484
-85.47302401863203
-44.241703468362736
-31.4254883035795
57.16765667106171
-39.06604617276015
79.85812343477917
10.061816012185787
-22.43736892211868
83.89816657662931
-73.9086799685941
-80.42106156693922
11.762744418044392
70.47171748749895
32.44834872243459
-27.37943322569332
-41.563808038726016
80.53645736170262
82.53211233923014
40.33548511324892
8.130293355654487
-10.829225182695652
-87.11213114762721
83.30315681139191
-58.35022627400966
-37.90091847257495
-5.70575086029794
-13.184975788395832
-50.32895327481837
-81.34373055953606
96.65751917209172
15.488768533333939
91.21591418281469
45.40492595520769
-96.10424215462439
63.59595236188201
8.799379346137798
17.79712688350253
-64.47299114073348
-44.98447050137801
-75.91716416274576
20.41032043053046
-23.376152313055115
85.90183610235812
-96.72044102458848
-86.73555236493524
-64.58021426581232
-31.590493733632456
27.456578858373206
21.88382939091396
-36.9426332134315
-60.95879417143502
68.43155146778426
-23.678477907422305
-30.967688946293563
-48.0945881506057
-52.90401779236549
98.88522420901634
-20.51427985628716
-4.427826680353931
-57.61767816306451
-28.853236862910435
31.916471553370428
-57.06899813940174
19.17954027180157
32.54788483465404
-1.3572109204370548
-1.4306225900617306
-56.86591108985646
-61.412245329062486
-17.37901685707189
-2.843970175112304
-88.93018615948611
-81.76084349325245
60.231100342444904
-34.14828734459911
-47.51869144327501
8.409796846840536
-84.38600142640931
91.28382280409716
-57.111791833060636
-17.552282203387804
13.59992912258096
-19.408177249723096
68.09440595019353
-48.907824823430545
13.640193357399426
76.64130932010283
-96.80473391906771
17.552114927051335
30.47006090276969
-69.5912304952326
4.130373169350193
45.156392931848956
-37.341571669075144
-21.437870143875543
77.02178863909518
-1.4791509299673322
-27.201578071320753
-60.804998952301936
-68.59872138352117
-79.88940944430979
5.746924601028169
-87.06307506846139
-19.35595768684675
5.4355105511487665
-19.015796406568114
-75.55956806233723
-92.2972011336048
99.7091870120473
9.00024211532697
11.425528708929122
-45.75697561733938
-52.476364894184854
-64.32684836242228
70.57043427065113
26.6374217288825
-32.54177181143916
-31.083777356495375
-91.61961951613162
-66.72559467124324
-65.68452907404922
-14.20975660077066
-43.72615421953223
55.766746124221385
25.675194934080636
-93.63686437942809
33.65628582743946
-0.272849007809441
-69.82586396555341
-55.16187766984943
-70.28436255617623
-29.203204250034176
-17.05535998657095
82.00209069986286
-37.99585675692152
-50.23048129576797
74.8598746124674
97.83899325164339
-55.1338530435443
65.49870189592772
13.176106840522664
-34.44000926733008
38.60331706656103
-42.69030518688868
18.970336146590498
69.33422492608818
-86.0266974508171
17.869886501925023
-46.78944222730412
24.461955539356595
-1.065186310236399
-20.91487835811398
-93.97192581695349
-46.652669187167085
-74.87282773723196
-56.79871679439727
24.476424687587922
46.36929854934425
21.438838138212034
-40.26759867194261
50.046702185548355
-95.95285630732721
2.211748403431372
81.61213729253981
84.17238105182955
86.02484135856963
-12.836045468445235
-54.91489604990183
26.826198224786935
54.264684158612965
59.17675143366833
96.20068889095845
24.28484260165351
-60.89983331666047
-4.874466393724248
-82.49517173352574
-65.08567430759054
-73.48907299270992
18.883488660842175
81.3838425341431
51.69010522499906
-0.2903603063027589
-45.97320970682859
84.88965056887884
-42.06599092177385
-61.15903334300443
83.28976302622439
85.49378517637328
-68.64118731513253
91.21363073304641
-82.60441881043525
64.37268514218763
-54.49387159573074
-68.80163746370374
-23.590960500252223
42.39943379028409
-14.827253997437566
-72.84563516496105
17.280521551448075
-5.383653062766157
-67.5836408462244
-45.755774329917685
41.82184941365793
24.22880099141902
-68.47024548975571
-27.502067870616216
-41.94439339739442
-5.968579024050726
-85.64445933200923
-9.309459094204882
-52.84102415277141
-86.17440241347882
-14.956212322633178
68.80718670166209
-55.130051971132346
18.68677359967772
44.025062258264484
-93.92000187415599
-23.4269321211124
-40.56980700235262
79.36252333373841
15.85356239576359
45.449453105440654
-0.5825830080186307
77.05625916650155
54.971948406161886
-31.871944123042596
43.137574583473395
-89.11761591686063
-78.35238105959195
87.18821456572238
94.18378431010814
-65.91434263204465
-65.14460598500537
67.7092389591719
-10.097596049377742
73.59840151329436
92.757377480081
-20.552321847503237
3.137173566754271
46.98691414847809
6.826526558513507
67.69475060678906
-65.50115800878326
-42.42847890570039
36.95119493332433
-78.95529469459305
71.89352414985032
68.45663128590374
21.30209944264567
-66.6026266986851
11.4647991512699
71.91452085161637
-81.03204694009484
-52.61120651061213
88.71449224699901
-69.57183490154091
-43.86263352801614
7.940250095143142
65.76067681934552
76.47910590267202
-68.98839208436247
-74.821759622969
91.16493414460894
71.32308040663881
-72.18937919050398
-32.277530265587956
-3.3037688307637154
-15.991011674324056
-9.64465715645592
-34.51546767890787
88.76952956307471
-97.71137921629915
-11.53073245900896
-59.345553941448294
24.13200661222716
-14.911443774406933
33.598777069911904
-55.56240512647423
-49.64120263400788
94.34377743803532
-51.32175760920137
