22.55884523067104
-26.877333524291686
-74.72106035840282
-97.56505442970425
14.766008726869813
-10.390882215908846
45.896870135066195
96.56573547865
-69.43854025301582
-43.757134392645305
57.91178361713111
86.47610483471857
52.7064777257728
87.67603565585239
11.52614349341738
15.591317769259533
12.573293771691098
-86.61120032690414
-2.8903370413417235
-6.377511450839691
-23.66205093704319
-85.68224670644989
50.269175823929345
-6.273760858048135
97.24689897661841
49.260629263931236
-20.391181240102355
-77.18727021605945
-4.768169008018262
-30.96754824256773
69.78998237653525
77.50656680844875
13.13915482830781
0.9077407826629411
-42.03173224695882
0.5588146478591653
97.28406106891211
19.096380590534622
91.95044501978958
-14.463036800180376
11.315806266517356
13.323421687004029
-31.935449199241717
51.73413688450822
-21.944968290850355
-48.87133236129921
10.776427886618322
-69.62739051003462
1.1784417275612356
-86.63392404638017
79.17122255502639
23.278855765658136
66.12289460272382
-13.64974771836016
-35.315930209644804
56.98310172866243
-9.342423365214202
-34.54059648725496
33.65022208041063
-27.57557540440135
66.21269749058678
-18.416539321967846
82.41921966151651
-27.97134878472815
-23.814943902826656
-30.327444767988993
-79.63239679005522
-89.16439055656151
-14.575446835055047
-10.024715749907998
-25.06224370026318
24.590047841217583
-83.1919873226487
7.576551678239568
-79.90574416225064
12.538055107309702
-74.27015471298085
67.82482570834884
-63.69587935172345
85.70699869199902
78.20517962395894
81.25233488232195
31.478236231421505
-70.47627722175152
79.45303348963509
-16.82695302648081
85.16676958681913
18.42921244169149
-61.96371401604177
8.619575819111432
-98.04647629488379
-84.45584637203818
22.03748680042881
-18.40258119605751
29.211919529534725
88.3439631034556
-36.96647508333128
41.49052399880969
77.62027827654373
-95.73863228364674
55.19379854868788
81.1724548453995
62.541806774071745
63.41127972535679
21.937918480438753
2.5586277204459122
-14.074439065852502
-1.5189819579195358
86.10279805083101
-38.16835350391698
49.352443616495236
-40.93268111269073
-84.94805673225521
29.170875808950115
-23.588131676609095
55.149398611120546
34.992222833528814
44.37109659813353
33.141897544533634
-98.70960864802882
88.11300701846406
-82.15133496061442
-50.43842650667292
47.530494743030005
98.25120038851873
58.301948141170215
82.18655989928044
85.55125793641864
47.77924717828418
-94.78044856953072
-62.791162705659495
-73.33514450522303
18.56489818717766
72.67583607127958
-67.87354400662451
-89.79797227639426
53.993827395731444
-25.957104417163762
27.743135528084323
-31.533275162913796
-70.50075624060594
-33.44552112280719
-89.60668341209784
78.90314170913874
50.76690175725281
69.4420581872335
-63.44046109041186
-11.09343374632428
-30.921954125979994
74.77038097366136
63.44584664173104
-38.58576513815224
69.38974556316015
66.09934355029807
88.05826008876429
12.098579849061778
-39.51759947549769
-11.410696601080517
15.486541560849346
-13.079984255151373
-65.51122078883509
-48.548957309145436
-55.20339351917129
58.61724564565367
20.773152757663652
26.580608279743956
77.66800123817416
38.345630482574734
-94.78234536941197
-61.38932478234449
40.71528136597925
-32.97987640937008
57.82934062237979
-8.657277642749179
90.27034658028998
-39.22341983955504
-23.512848235627004
-79.91778768352387
-63.08639501414615
94.39927819441868
-60.69683786911932
62.54937986745912
-13.368735110331983
63.38490711874698
98.15862220658082
29.989976053007467
-67.4829693932042
86.6958437995448
-7.678995073605478
86.05472155124846
-93.11613751756443
-30.804061690824412
0.20554591862371296
-59.01777244666562
-8.59967086240836
56.148977007515185
-81.76354563874179
-33.22233745508379
38.543053886250505
82.91639377846332
8.007906754345868
55.92480491708841
26.36948875045229
49.29713651260593
-34.679691476653616
8.427157051158687
32.37705809156785
-92.34146163461207
1.3484704168069754
6.030490642207468
29.466655645620023
-51.22962990691864
53.675698875288504
-59.60884334144056
-91.82285039124795
-68.80103840658035
-64.08313259640707
-21.113344527895705
56.42112804889868
-71.84434054428499
81.12323404845344
-21.54435680027042
81.2721366682344
57.12236468818736
-43.66975588277868
-5.74433265243988
86.90407048556258
4.525501521539965
34.193092327898455
9.558285876446334
-39.88157813859576
70.43112671341413
42.029215846817124
-17.51019121277531
-87.3556523171768
-25.609853832683058
81.3716186518962
-21.558354388713028
-76.34872841951936
0.3045178871529117
83.1905430652183
65.29922261800968
87.54716182340158
49.026609348970396
-74.03648512551916
94.09768692724953
-28.36673301841006
41.01171355778334
74.1223870128419
-61.67036416876424
93.95350883634964
-17.15922448254956
47.87261653285276
-91.65427077841596
60.91491143257656
-86.63188163240176
18.535944505037662
-35.28167698001707
98.25355252215618
68.96595147819147
-96.43458090184325
-27.253906508420883
34.617402129005626
63.398798576091906
-94.46391930656046
-0.4846022331707758
6.612018336371037
33.31283478920125
3.9260246772547305
16.289311165066096
54.049813334795886
17.242455718056874
-14.541999505243268
-64.9056045198267
51.34777798504453
17.882813948659887
89.72871330070237
81.28752812081856
88.99971972712973
-43.26447516315526
-12.184269326709597
13.315212547404798
82.65795566391841
-70.40698787765808
-59.04245821391054
25.898546996048765
5.426813236553983
35.58630694348844
-40.159661186670384
77.13898098815565
41.45306833941106
52.15687025917839
-64.0834292558792
12.139105492340434
-23.36354597212606
2.283002016683568
49.22998786279015
29.726332011805965
73.71094342771619
-60.96814002105224
61.67687527549958
29.597828506125325
-81.58985010853159
74.28297930686875
-35.633822005734544
-0.1526253335573955
51.4424224685896
-31.168089117887774
-21.69371345418554
-61.65064797472526
13.364156910151891
68.67176388318444
-68.4741948195432
79.22405460404113
3.301524407436702
-3.10087008546256
-71.63280599324074
-96.68264632128836
45.340581890529904
18.71874816337038
11.917261001242835
-18.6373484389254
-55.93039016623989
-79.8847204878159
17.115088728245055
9.297633306201831
-62.43333041102137
-26.549605983030247
2.6548017894511275
25.54746173564
-62.53189228540559
-89.59034497971368
-95.36406008710046
-80.50528145157405
47.190066989381364
-62.199742879138896
69.15872328607031
77.71060837729397
52.58534621761294
-44.34698012167551
62.056553374892246
-45.46531479663838
-77.75336243440381
1.064357952307887
32.512387827176525
-75.01550938305587
41.01216534438902
-4.210509097836251
90.57126925095002
99.54542045421618
-36.66606965407646
92.08536150446184
-66.42185849360317
71.73130261671255
94.35345664427894
68.13175581477961
27.047509900526705
39.583925666017194
18.008790972231452
-10.089025222421185
54.219154387672575
-52.94744113598282
-96.20282509800184
17.50775392321276
-71.35566358248721
-93.58361920961362
-64.23609985611242
70.16154892470067
-91.52916875690408
-69.92657065202216
-58.758566142567624
10.131734398300068
-73.59554771520811
-23.306004735710715
-57.152110167666656
-3.045359928233651
52.34897708921531
-49.587184814026045
86.89252304193778
33.429509040891816
65.72924969627437
38.94426985247611
-82.20222391680718
-30.041063359759846
-22.15491387484721
-47.87965191518999
-97.6744443371088
90.45916205449623
53.158880541168
33.37767650257521
21.898917662036936
79.09501944253236
-10.599861866989599
21.270291390934574
82.52348898511005
42.15762536155361
33.57136025196908
59.357008795650785
35.69165910009039
23.19122708369534
-26.492986214251218
46.21123034721734
4.657843920703655
-36.58290344168207
-17.32537782005707
-43.89003302005457
70.44349026837602
-0.9945343686469101
-23.99708131247303
-78.45417846485931
-82.55669865237267
53.89549538566553
66.96809382278195
88.18330319975192
16.93151295854514
22.02630965044247
45.68700697867257
70.80111531004528
-86.93889050033141
61.96352917568137
-4.826903239817156
98.40812720786957
74.96327831924438
24.901011644170183
-73.53824457017105
-49.89320853423895
-55.73916390325828
60.363354609700224
-8.808335152266025
-96.82797395880465
62.22494601652758
-2.6097829023398873
-77.59404984894825
20.888585348750354
78.60869724100132
-23.034408589944917
88.55435550617918
16.930762748733486
-82.99859099138001
59.24979091646975
-10.872764977062047
-17.27885695708345
-19.642932536011216
-37.1545035229625
-96.31082303095641
-16.692997743880042
-78.21181945039852
-51.44938847843703
-98.78565978203655
78.26536659545803
-43.37976700880173
62.03465051983201
46.253814100135486
-35.78335927884508
-81.16917687976334
-87.05553638532237
64.41576541277897
-64.19607177447635
39.32127141988519
22.374183491531525
98.55716595990077
82.19630470023714
79.10575948919964
-91.8948913262075
23.359947974592714
-30.636153056565192
38.940711953989904
71.5100629604454
-72.0076836241725
7.2456098358322265
-87.7117747058288
8.057548523450706
57.65658375253892
-85.02386859400511
-4.2424609790440115
12.57645374018486
-67.20764767411538
-23.918901043725953
65.8913410812583
-78.05527709036363
73.92886620801355
-19.074349592107254
97.94469165074219
61.7756830522726
50.25544141242452
-55.86767147473215
-87.0972838862055
-4.599944330846654
-15.55169932422335
-31.01818777398961
-98.21100106011534
-61.055796428323376
23.762070444720578
-40.71902489566781
76.201463732057
-69.25364611968743
-82.47193981004477
93.53377776367233
-14.806429365754042
96.0955901385866
-34.68690221415329
45.3572118631416
-10.082750706529595
26.38379204255085
69.87475638654536
-71.23596732531766
-30.869896421912784
80.42691139066486
-18.64099933469889
-53.14140728391714
54.07146811500044
64.13970239295648
-16.865271353382653
-65.40752063443148
11.990342169942878
68.1192376994789
58.71811375676589
69.73744638786573
32.7736347605435
62.07622952634543
30.44654545534445
-6.7160731389509465
28.948907904995167
-25.088343000991856
-45.290624480078456
3.1341503110748192
-67.64264175455958
11.725991852639893
70.86552855129918
90.58106620141297
90.99863369640727
43.73222722289108
63.387527582575245
-16.86228705373054
-24.320076599177654
-85.81695408949288
78.19874714597495
86.78676623327377
-26.488919199235866
-60.25086232579264
-2.138038717135757
-25.29061591462674
74.88146760502741
47.327978632676604
61.79972845163866
12.836083249264746
46.27326205791286
86.78600072588114
63.411825437231414
58.16189883963122
32.80136171822227
-5.557048170746668
33.710952488813774
-41.565456402184076
-37.91436309572471
-26.640845288603288
14.248760927199399
43.150967505217125
-87.52244111636412
84.33653198093947
62.75266728177843
81.67344019580113
-0.9597365836675067
-6.181693098181924
-14.973823014288797
-84.19485470271971
78.18262998005659
0.011157235311728186
-24.63068527168113
57.78195080276558
-38.788698012123454
90.10002186555064
9.91618869221493
-58.71660640079492
-46.64388532611383
54.42305822311869
47.23601007520014
-25.063389147321004
86.9630300722153
-10.494454698558428
65.5116515802496
70.52721943736566
-93.0559530786531
72.04354993353854
39.72295196046474
-62.71931395243453
22.528761580848865
32.98633077697397
-56.16439539276219
16.598967225021568
-65.58016931615049
82.10902058766214
49.41434038886945
5.834658933757538
-20.635066118146966
-32.5835135038744
72.90116445497054
47.251163753658915
18.031423645902137
57.624797364515075
-71.13693227052312
-35.81117045481692
-86.72853046928122
-31.01603735865892
-78.70045645734159
-62.015530118404705
-20.774664396596876
58.63582704432636
21.407244244294077
51.13144690276289
0.8423401426506274
36.02979683101245
-48.102344050626215
12.83195984786775
6.088369911980095
45.690802250212215
-20.404459611495753
65.17832315536168
-29.21051454235149
-73.03175364866412
10.50149949215971
-95.08078058945645
-77.2973373358641
-33.755959004252475
-32.28124670493922
-53.81059708516336
68.75136617161942
39.06417276206852
25.98182154188163
51.67574182846607
-63.26306583959549
-37.8677211501413
19.758684385895492
43.886131018138485
20.4473385533376
-29.409645111668084
-73.04955473949286
-17.643293157239114
9.20064095308129
-68.22819772410331
34.81138648823884
41.564633257774915
-99.43858398548817
21.688625477996254
65.41663314541157
-87.4074832221923
2.4192222773484104
-80.42630792222192
36.759414321463595
7.641599101511872
13.809348413391945
-24.892407340133445
62.73952173559471
87.56315104161584
73.78237805988545
41.18993522761133
68.40217356422457
-3.3044226195482906
20.143633651357092
61.22770761346098
13.019981116428
-76.00782103410783
4.283329826549775
-22.281233301644022
47.93683246498438
-51.396811076191405
-56.40783002823546
-34.9205072035857
1.1384833614826988
81.55442556676553
17.303716441079644
-77.89354039042699
3.2913268267749487
11.121459999359672
-56.36655793132492
-83.96012246031812
-40.115194183301675
-57.48925011630064
6.961153106820575
-35.9392720736227
88.5568388929909
80.14873476193816
-41.767944365367796
98.06123979710753
92.36404075678675
90.57320519794513
-9.90001710452458
-34.13845046583701
-20.08014932679609
10.434641729286767
-71.26203777159357
-99.89456610426363
13.813172773471848
53.88866600874721
-64.70494667647517
31.387648842748973
-4.850345551358458
99.77226741395884
-16.917763697459193
26.018928989974626
-46.96928917788448
-30.136841898283635
-14.083170079829415
49.55173027229421
14.353199239237128
-99.19123075583207
68.44160124980598
-52.6492469575369
-17.818567656168696
40.014244383491416
-41.82057477928414
-96.67073001464423
85.72919555300564
-6.164882612262602
-76.1130303537886
27.18933100695915
-26.49970868639035
-27.719201899431752
-64.08584013445981
-3.888587052548047
8.081742024180372
69.17345687429392
42.66683088926834
88.98392218812344
-37.274315749989675
5.17261944991661
77.63040526596353
15.802293492380755
-38.76408421431192
-27.57165854073527
-35.97168016062102
-3.112370639349166
-73.66778226174733
91.75361086037992
-35.88513600288039
54.09642373357494
97.67316377366643
-87.62307888418026
-98.75645692492483
85.83971990430481
-3.527087112100432
-40.13551921995735
-63.15683643504839
-59.54198906110992
96.97489965145664
83.71823868850888
85.37862282503207
-78.84473304934896
28.649578692442702
-7.621114489063331
-55.67243653659097
95.8376185588499
9.270148278257025
-30.082150104219636
3.9304970928613443
-93.67662912040731
98.05846776215924
27.552449751326208
49.3186074728938
59.347338133095235
54.866617880215415
90.07753077156536
-73.61431977906601
-44.217593744714414
73.10102196756611
48.01662153267932
21.30795527765305
-85.84996936107993
-71.19629750664471
3.606618570733076
-97.58557089036364
58.177256014673134
-72.13166542072926
-14.388167065940266
-94.00872847334911
37.377624535216086
8.06251810601853
-68.24642531236096
59.59142817579669
70.71614654999948
-73.50498298170922
-55.975737189952966
42.71330805320369
-64.55480472171924
-55.62259993577325
20.162714884311853
56.41505926122545
43.99104772957935
-15.260963434850751
-72.71935122691424
-1.1391935148366201
97.8268944118503
-49.38530791535729
-75.13682508098356
34.949430088260556
-44.25312245159185
-11.04853547765434
-97.59277156105857
-43.79635230232755
69.84649191532469
63.568860946906966
30.840710313572345
-21.70393852719974
50.444715760509325
-81.65365127199127
-25.19032595251838
2.9819946999927396
-80.61216780701781
25.722100352403146
-36.19859626673849
53.61164154276548
32.81194718574824
79.95998752010686
35.212134303456764
-58.753078586719695
67.12241139550639
-22.45329620639791
-83.67713240862808
60.336502307298616
58.987277171794716
2.617648816345607
-61.90806279621186
-35.982425020087035
-4.806742124315107
67.09066986942943
76.95442879720304
-61.98385812441107
29.851339705670142
38.21667358902744
-36.98238391178841
-96.29189871978963
-3.769349361545565
76.03889348501735
-95.81028845176445
0.8080362681831161
62.05887640204082
62.19053036984786
12.111051803799498
58.53412814583774
-90.01309320778618
-68.42951629225979
1.7772019299992223
-28.762644472670473
-49.363568375293674
10.861721881373683
57.63757053180049
-57.10808325591494
81.63515634417763
-27.618273192556416
37.49073585192821
-26.506807502903513
-42.56129772558093
54.52409087193692
-72.29163296233295
57.80080403126601
-20.747945973563404
-72.10407328962651
-77.1067815973752
-53.98088211204315
59.859912802924555
-64.07153813217067
-7.171623400142366
-42.09389720193428
51.683919241920165
-26.127143836292362
-43.10778542467164
30.392596708626428
-2.4835247545668153
59.34678517196289
-70.32609853625704
71.46403741950479
74.3537339845418
-26.406448420548372
-97.43439078821837
18.561905758862892
-18.555252006013845
15.872490950693788
-15.467057099401927
59.52295959402031
-64.3007059278346
47.36722321322145
32.25068774186175
-38.83174783489765
29.22913545528604
92.85524473919486
13.980753247755075
-5.1083786382802145
-37.92331967997804
69.0642445751389
72.37999970916982
88.59453929203377
29.341828114794993
3.7430478882658207
96.05307844834806
-85.1427934118878
74.99920476128673
33.95383337403882
48.42338685810458
-47.68909520360265
10.991283970057552
13.764274398816383
13.713051046541366
30.118657598052522
-14.357705667351524
-71.54650475898406
60.02305607609543
92.38984592643516
6.707572555692948
-39.97623984980607
85.55386978416772
70.79187726128134
60.390781626056935
85.59177023590331
3.909622751194391
91.90993768401302
-5.722120244627305
38.52241968832368
-9.087996891419408
-12.009340074015824
-96.21651804609917
83.3862806257554
-51.92776813620195
-92.19128566300785
-72.6890894217293
-18.055283368343297
-48.78433185601623
13.720621671983977
97.12989804677255
53.35322127239766
71.92684412083284
83.72155317858781
-9.559120638249368
94.4668252819967
-56.22535722467088
-44.010299288669394
90.48851156187442
47.732026635549374
-87.18172047320904
-50.47676884978913
40.8970581527542
89.167847930336
23.737751571098073
37.07972413775212
-34.92948346516596
12.18236799675067
7.138959098486993
-17.44749335995337
70.57092555221737
45.32816861304522
3.3262294894550877
-52.08521486336568
85.42543990016767
51.95656630653531
14.746331157948674
-22.764014923624273
-87.55485410485898
-26.597361267149196
-25.012777671786935
39.977611826195556
-10.4714913233843
66.4095608547855
-59.025158637551115
39.998083979317755
-51.140277662174014
-58.78420564417273
2.335349176785087
-71.73633138953888
-51.05575781586551
62.30682766977566
11.518163633999777
98.58057554539491
-76.70039797858155
-61.2230947040429
13.533824031881323
22.796622996217025
-79.6557756508522
25.16137976582648
9.379876342448085
-93.03241642925595
-9.02498932856139
-20.25820259817779
-33.87047443606393
-13.233767360176586
-99.52081796696737
-81.87632150288604
-38.33387598678375
22.320108447253787
-24.8707006125137
57.69721376003781
82.75517715726866
84.93577563390633
62.45909490316299
-73.06071552299287
34.24485689249735
-25.358464389965434
-81.70422880622503
98.30653821108771
13.769772911631861
66.29129434695963
-41.7171768677554
