49.94144424510799
46.082713151607265
64.03558729300002
-21.973740921453697
81.67114497785252
52.677842789975784
45.03146178916927
75.80826595669515
31.0303017355983
95.42049075965457
11.539936850735046
-42.599350383455544
87.73451066971862
74.19939022492144
14.177668745077753
45.754057536510885
-95.31352688477024
-12.506037326171665
33.14254926492944
90.69811028889117
-64.76802481199178
97.48988551579964
-85.16100585949539
2.410801197538916
38.518092619301314
-11.019269134258721
-35.72560625326648
-56.85678142820416
-48.36898673979266
-92.3280528360226
-22.21786719193517
-42.61746911551909
75.39150522394169
-86.82788229348529
-99.1649545091847
-81.04324207295215
-47.721538178855226
56.81672639560455
-43.497585771416404
-11.554354093865982
39.91263602080127
0.34787955055593045
3.782274584353516
64.95156177256786
-25.894533653099288
13.227426446929897
-47.17926280755642
-43.06375584621102
34.76874661098569
-52.281900963216124
73.81100214102705
93.34643485374144
8.588375368274527
94.44796921930168
79.70598609987911
-19.33717341191334
-59.615096158603855
79.47321591399015
-28.276253599182354
86.66472311501846
86.32014888670204
84.53296164845506
36.860724059271604
-93.80911659193356
-34.96808963937255
11.8525584959213
-86.49238932156204
-12.326854731944834
-59.107045816875114
98.82920372054724
96.18970253056906
-60.74960908621423
-2.9004576827314423
59.01997566070679
77.71110131488413
86.47578456039969
14.592964357611777
59.86604600552934
66.78571003745108
-55.231522063823405
28.99370354988673
-85.9022035039291
-1.5953736143972748
99.8343976976877
-10.959238931900643
41.87438404754556
-76.86556402563338
-99.0484135839475
-23.298363238239943
-92.6379346199742
-78.53560950532335
59.81223024466584
45.16728616696787
-26.231290685291825
23.061763650732786
63.267657957991304
-72.21047573454445
33.044039309169534
-87.13083578461263
-51.77527605942418
88.600164669235
18.759517646194553
-37.42313068058456
-88.25455882432365
64.4413473326438
37.81852182079152
-24.54824250216363
90.93903939265175
-51.74096641863783
93.08489859564668
-89.67470121087393
4.031826893451651
55.022807548966256
21.85118427354007
44.90625607523398
90.28969840355916
55.2920892736891
76.83200185452063
28.65527104062332
15.50363306720297
84.91819102673136
91.95544970908526
-23.902792581861718
-29.03549061418586
-95.14209086252848
-47.79989698936515
-10.335059673683176
60.92031720500822
36.65414404521462
-22.02540219191485
-36.120612154853184
-52.79531611633112
72.21804494309487
-21.533913761712313
13.947355423434615
-33.279419672650064
2.1896174063723635
79.81665539904645
-16.274259203416875
13.52064959597908
78.76066277556632
74.2426441172197
4.9083837088336395
-17.548723619457718
-25.128680464493684
-63.27602358420248
-37.847581650354265
-79.83930954601257
38.842909177333354
33.294811909200604
-74.96682386361559
13.863062825156064
8.264081212867367
-14.70938606672047
-27.165408957400203
39.03250402800765
-84.21865011205705
41.96503106987234
-8.76614096276272
13.707844120979644
14.171851509568128
57.70021189718068
-32.15360887211196
79.3565516258673
43.53040511311153
98.25184468787566
43.20840856868202
-13.965352310081954
-22.66483298050221
-40.32733410028193
42.6164873805113
-47.62699771021286
45.59953212837823
-70.48898875423475
-65.03136960635933
30.008024459966123
-66.92071486723734
-85.10414550335435
-85.74950589915076
42.52812949493179
36.68162742854477
29.976733616678416
33.536863354702064
24.368160991643933
24.68695773189249
-78.28176804888221
64.46332711875982
27.054955337114592
-41.00472855821265
-32.9657997778815
-56.485193941898125
89.72331390311135
-81.61400856604577
29.74206629955725
41.58056499393459
-67.30674724996604
-65.05015088542774
67.04954712224054
-75.27615506625271
-0.7634035378060844
59.921622575573565
-63.49270876606772
-72.63270322383725
-58.30878508223509
-27.472705467772712
-81.19194837554014
0.23717615951647986
-34.86271848081782
-8.21061845630426
-72.86391494541107
-15.121141871682184
-45.88525808037769
-19.830205479189587
11.61547152136447
92.55798486982161
87.67383394022468
48.31383432895541
38.948544230340985
-37.79409175505148
-61.23211582803594
-74.24530452196018
-1.4053912378959126
-98.69513890062672
-80.09570911976904
-46.203169600356134
49.08723938393888
52.51968310812052
26.89584103979736
48.84011727047158
-31.25846906361187
-7.125407490869122
50.006028250131266
-90.51765444164623
-61.277385852364134
40.47137966633238
-4.07909372680173
73.92288941403902
4.71437385834173
44.11144437546653
6.736008646002816
-32.89323585838011
80.81185697551618
56.347677302856766
-28.288719373303067
-21.448918946458434
78.2904721224777
21.37713277507207
93.52722357262377
-70.41333610030699
-12.99045656279523
25.397986991852648
27.639642629045596
63.49176561619686
-99.66193497261386
-24.966724339169673
-73.35120760445734
26.234383652862633
56.75637514600987
95.20694020045764
-79.56836898281725
-90.1066491130081
-52.059866928030885
36.44350962145785
40.82253761698695
-49.761878927236225
-96.1458712130822
34.96364179966841
20.07946918202211
94.98772671566883
17.401736926797938
-85.12423144186766
-57.11483858610875
50.80117416174991
-71.25142030034219
83.03645465782373
-53.45215039751774
12.909866398666978
13.485589934346791
-99.38427203925112
59.01429536078015
23.950563323372492
-5.110354985411419
-68.81308503078749
-35.67222823151373
-82.29516032555108
-61.42027043179876
-76.99904217782101
78.16774551236387
-68.08773901145324
91.15978514771007
61.59085602558477
-27.730689534784347
-86.20727826660037
0.3426856979631907
15.77353636485823
-29.398725069873507
60.16374876945318
90.81532319646263
14.256674529193475
-61.80780029669313
-7.368751538884567
69.84408215428982
-46.57170319310795
-64.46905121472635
-83.92329628654274
-29.167737135268965
-92.19771259771346
91.57819719993995
-98.3437973523759
69.10107218539932
-62.99885658220208
77.00249731824803
-71.93054400388343
-39.61115955022743
93.35487634572897
38.21364738001546
2.4795185858992284
-76.65861843351516
45.628495070158635
-83.85336463442778
67.97397592127643
-22.39925935931366
-61.73171184925299
66.40816866810135
-55.91601199243041
38.52586356282055
58.27808441325749
6.162969771104713
-69.35092156459655
-34.2777490855172
-88.8750215928168
90.01968624639807
-22.874359988864285
89.9490437393066
-38.128010747635166
83.52868513532081
66.44275245868431
10.248967744208073
-34.62178816035393
75.76817053356586
-54.36407243519847
12.300399505164833
95.12546006551182
19.89685833874681
-60.553411733908135
23.590136107758127
-35.051969832753045
-22.37597077356557
71.57814489022164
-97.11450918389922
-79.14631894948283
31.176990097584024
-53.49287092209132
95.91831719030009
18.373499506342554
-43.151044131048444
70.35716176620545
-62.872021463073956
94.24494421661149
-7.629420095250225
40.609661314842214
85.67943469031258
29.23430122513969
97.91051824054568
-98.24628638691175
-85.65948983874834
8.969607236040218
-72.704004297159
-1.3381731355160582
19.207287361105045
-12.010419352164973
28.831302911257694
-8.374947245522435
-0.204596857528756
46.63913662996134
7.976541389782781
6.03111051875959
-25.71134002643865
38.542025896175545
-30.684351375887232
16.8645206999591
69.26444535912196
-1.5853610529194384
-51.258851731095035
-43.37363652322412
20.592458662576746
-37.20410560276848
-25.06267542251757
8.378460875757042
60.937669042264446
-97.18358532939091
-38.33944867555952
-25.4868459848054
91.31777748277173
25.930079669569594
13.262179008688406
59.98592795625214
-70.3143017524784
18.93362319204246
-5.128677626828406
-21.971895911728836
-69.78078705040198
63.82723545444685
-8.295758725692053
61.12270849573025
26.6434356610783
-79.11050064110007
-67.69981322276493
-8.282466289034815
-65.26168178410279
18.207032283832405
-81.21034438059225
82.41150458342582
82.01384229658362
38.51997671274427
56.598324821416526
80.5432550022594
-34.62666663212819
10.718262137449727
-7.9904391532988654
-93.11924862553343
-72.25076531646464
-23.074613186147076
-57.21737515938543
-93.55374482941019
12.087449521797964
-8.091657321547643
46.174145355052616
59.54740970557276
-10.289309752371295
-10.193897788669034
38.8950914581516
1.265447712407024
90.5862621163237
-32.58341130551996
-93.54366875876747
38.71177347882596
-5.61549897008544
-64.27464538657472
-94.20933733229731
19.75730114241574
-34.09031905963151
88.05296159992321
62.42252091583006
-17.721463271395763
48.72670316084847
-84.23988108372767
-8.572969715886416
68.51421367065964
22.626209746515585
31.475948211945337
-69.38099503433565
84.57936811118475
81.03016626942053
56.25909967512575
72.96403032240974
-84.34435100843237
79.92526143301833
95.34591553864811
-58.16868934363224
-91.12176899681572
10.061475978970265
-51.26645859469499
25.431369332096068
-26.416059471893988
43.85676694967029
62.74840976873506
-21.542564753983157
72.24589072281859
-28.046477890846262
98.34187985059978
-69.13721171787199
31.914127787683242
-90.01309480815469
-64.87800215809165
89.56828926944297
-57.182884982295825
-76.23932620894217
8.04518000575068
88.21345152790857
10.772660435035817
-41.2590222543117
54.02780451807507
86.94744057844247
49.37954380050732
46.94707359483772
-10.261685844797213
64.24911435500405
-59.83643536329388
86.24937625128683
-97.33994989107117
-23.147057205700065
92.6615791520243
-7.382362508827626
-83.54220716705822
65.1949553203971
-54.9759296883785
76.04301173511743
-12.704271114627446
-31.185226250544716
87.24269172175704
32.088954587294666
-34.477152534505805
-58.82217348618903
75.4830369238799
-15.088275529762
-47.14421518723822
69.55257576252671
-66.86243387795182
-52.830690207549225
93.71768805678249
-68.2394272488676
57.01474905083853
50.579268153354946
7.009389913494246
42.85085060235744
92.79759981176235
36.563450291719306
-73.56650968272116
-70.21595396518487
56.18733869124452
-40.95564776884728
-85.53708803240521
37.04754662351334
-59.26427646183414
-72.7926898130691
-21.673615305849964
68.0348597331915
-78.06650199321577
0.4702535004006876
6.215194820933718
59.87451982224715
90.52918930029136
45.39297117200533
-16.856320728495263
24.18696228007566
15.632977565902848
-63.38398008187034
-45.829293949265626
-68.64723370018666
19.667664920572108
75.26474325811256
72.8269095699005
62.51851504536435
-49.84760116659619
90.16713987038679
84.84037746304253
86.92186002293573
-92.89793325280043
-62.51060153351706
-95.57713673354931
58.47962470803719
-32.71482466319088
-65.04457399006651
22.700270811325396
-94.6135570566017
-13.347344871111005
-75.8963585522239
40.34551205088013
57.06381454926765
77.07162545487668
-51.48161592060225
22.696939850476355
41.35721421260229
-42.140436204333184
-38.120174142095784
-88.98305836631013
35.81634341939454
-38.71510634790625
-93.91522441362876
-1.9989694138477887
-36.74520180384817
-58.099570635936516
23.635918391478754
-83.09346219982878
60.14769811198124
-22.341335472178685
-85.43689949530733
58.46843573659305
57.85772849572763
95.347305979248
59.14653454965318
-87.8287924570828
-4.723508705235417
89.90254385046276
-60.79447954439343
9.225356278938406
-92.45169388339514
-81.33913263508123
-50.13954180451967
82.24451579452335
56.20219841392216
62.414325766588604
43.73592794586793
-85.27900230001954
-32.40481385105211
-29.63443145376401
-22.18267680216863
-6.060419808304388
-61.56945975965864
-10.657674707606589
50.81072090978904
58.906694041192964
73.37174762817273
-77.5940965592806
7.321359023478479
5.855222513185623
56.41360086176513
65.39350186340045
-82.13488564012238
-28.526958074078408
42.05808048734772
30.424271023900786
-84.40606417647464
73.62677094822556
86.02035187346584
14.346728860895013
-51.9615797771553
24.473744856985107
45.0669499677912
36.69982376276451
56.941373560367026
-61.20278960942793
-36.5070038627298
73.41343260385963
64.3009979010539
68.10363874063987
-9.596336104677732
-11.908148786002343
35.32585364447169
-1.617062286238479
39.149987714035944
-95.28742012652884
-22.74684391588187
0.003982223833304488
87.04161290819025
-33.39176192878254
-96.77399777192575
-7.961731716339941
87.7044173621315
93.61379972596279
-31.74740884259721
54.67462385554302
36.40315111318594
24.92033013115585
88.29926545569867
22.936068557230982
20.75636949511896
91.297805548139
-28.60828403462928
13.5489822681282
-44.36484484081218
45.4067638707437
78.20537761451061
28.922386443367458
-27.52115224332725
-79.96547949013555
39.51155646774072
38.816084810188386
-53.859123051290524
-4.871357752031429
75.68618476864413
-65.65733992089457
91.68081541518018
-94.1535630040251
77.45364826701012
5.094451147696887
65.38138232227166
54.25778034506607
-40.22182667326146
33.14276329744226
-75.77872558710455
22.87850009556425
7.199740376060618
27.983180682507808
-85.77718216675072
10.18982179748184
-53.831715309553665
83.584538014158
-38.03612824211171
-23.990894835190673
18.35298680058446
28.854628543495437
9.296311598781841
35.36396275265284
-53.646115221303894
6.507296926514599
96.08596520999137
88.62767247617131
53.49236853553501
88.169690865896
74.59299229907174
-15.667510472860386
58.45078238834668
-97.8933279822223
42.83430856629073
22.72257637214767
78.35963964772705
-53.98683940880158
9.455628756665746
-9.488089633710771
84.71900771025545
-75.87234318287312
19.735295679300506
16.19167209583601
25.520825578028237
79.36468465153428
28.54088091481725
5.262116757981474
53.328625866993065
37.694718760990895
-79.83713639061224
1.0742672617241027
38.165423509918156
-31.040161621825007
-66.59813326267138
-54.667881541621234
73.30772427996419
98.44409609197737
46.37073272463161
-78.30931688733689
82.15470435101761
-91.25925573133237
87.10845892178912
18.776248011585793
97.45224098819781
44.387731573063604
-94.46986990728765
61.75575748190931
-5.470156113903556
-69.20164397047724
98.29322705102956
-18.801823682724915
-48.6861282724949
56.87246746708129
27.439455430960464
7.162508392471125
20.58566602900602
-98.39248163927626
-84.24632975027914
88.8994978096517
-66.29780867805542
-37.210421571218234
0.2747604758494475
48.79604714096399
-75.3920653729301
3.5772576486274232
71.25877329803575
-69.98646281425201
54.06136169280791
51.562247115606
-67.05795006359511
-86.90041772301822
-31.908070354540968
47.039517012671325
43.823411417362934
7.988510961405552
-86.05301386688535
92.54243062281137
-95.08385745731829
-51.445310784584564
52.091840652060085
-92.40585127362608
39.61729063241509
-36.992120776643176
-70.53761536988176
-89.86474328077121
-99.55067311604391
51.79563422137923
-91.4135403573759
24.75750413538644
37.61465133789906
-85.29400736031283
0.5380682412883431
-36.91831245039874
-12.280953842106541
-32.841907874044864
20.459677014617753
71.01996084154675
-52.85159755149045
51.53755774753273
33.74882503920006
-60.21527957395971
-51.81455239657466
-95.682253856809
57.38461914966484
-69.49341143155961
33.989262896641236
39.41175027235937
62.71810099956795
-92.158069258258
-46.86847360473316
33.2766969366408
-25.54413473235435
30.877616801974483
-44.57207328728441
-60.74257906477296
-1.2588410123684213
87.36462698828862
96.43193850946528
-80.84877272667678
-65.93391832664176
71.1984615783006
97.09439570587003
41.861277647519046
87.66294882447235
70.73479591704682
-84.50289975814516
-5.888676675181912
-45.37012634135928
15.114140418815253
89.3454192189069
-95.50035436388447
-82.97373474762395
19.68289402112245
-18.931928579790096
43.346407394251116
-79.41567810452032
-13.77021306459136
-78.2636699773932
-24.14728794896925
-57.64626276543694
91.9839795978016
11.711489481060838
-86.60646221089804
-98.0660069080548
61.98983612824608
53.707525224542394
55.09717839856327
41.376959939905646
-97.88050923303031
26.404306535493234
-18.161474690297425
41.70442419294886
18.804982298765765
-27.070602962509824
-67.84578821330136
22.283836953459726
25.684927979046364
-72.1618517795693
51.975453247570925
86.1042813876098
10.290177316046865
-74.8043131408272
60.1588824628256
-69.8833585099637
69.64529076511977
-1.290487799527412
84.04151492454216
-79.33534066585604
15.88456308264334
-60.84957433229328
69.99034007863628
-54.546271859196516
-13.721287521659335
-36.57227690869001
-70.04822993705272
-74.6583559839299
-91.12927162769529
88.4270687980131
-86.40219003343745
-28.87657849153223
-63.84695487309686
42.22074722304308
14.51325357360443
-74.86468099862526
57.290364799182015
-96.34676062805727
37.19848026221135
65.60270263845067
-94.26196633105721
44.6923332406146
-1.4541017845262303
-28.0789983636883
-65.48923413429408
-31.273719143299843
-35.97634435762373
-81.30664765856119
-57.48329497177438
-78.11472148000536
-16.183931739834563
37.85509156504159
72.30425778551131
-36.36241282977546
-23.523622008550802
81.36284468876474
-9.655695024533202
-84.0030972117751
-78.52991036252803
37.766019047612446
-42.46531397433513
74.11580893057842
48.41621762765948
56.99998321027934
-58.00637391205945
61.92030317835179
-91.635745834319
-80.48368691378047
68.68154352723744
-82.07020005836776
-25.697704731288653
-74.62081903405225
36.951632012389894
8.437533728320744
62.57327409044555
1.82252251604244
48.61868156011374
70.75485319283354
-97.26261406854462
-43.2821241635434
74.75793419899335
-28.05885792358562
43.735555815936806
-7.689878053031123
-19.106856914399728
49.136329037978925
30.747896531705123
-59.7736095334223
21.831097242514204
-6.082087716760839
-92.17118702739874
84.1088024940104
41.447673578159566
-16.755644472607116
65.65349608388934
-93.61323522335825
10.46251105985479
40.130787999121964
-66.3227775162014
72.39355002805985
37.988290914167465
62.13244155325265
-51.57745435173582
25.229073619704096
-49.125135775851156
26.70882052194625
-28.75425508506362
1.8637498160424428
6.89379515672168
1.6650818013207385
-99.64197815239031
-99.2159494707374
-71.99022674916336
-27.599772080602534
-78.29938485515102
84.1325961709233
97.52725138213685
-61.09058107349996
-40.26012332922959
-60.20860723828869
-4.414842436763848
-45.3880634244221
-10.808024670655584
6.803004446312116
-35.445482593444865
96.43561929985043
8.538209787441971
-55.784277066716584
-70.54473218040593
-14.955958951770128
-85.54136338520159
95.02556679264995
-22.805488703877103
-94.29086501138258
2.667840327045326
-57.552386145674085
30.32211364470757
43.11881008243017
-85.74572864763874
-86.84266093181591
6.417724625660881
71.73419427781678
19.5160603409676
0.08695344375280456
52.49253987573863
-94.46089824707195
94.38777075422749
-34.20125252849155
96.31048278495231
-64.95733488218883
-5.853891648592807
-0.7641027778434193
-59.98814138427295
-86.14123667824438
-10.6332686626764
-40.760231807964416
23.479624788287467
-74.12927592857328
37.91264632757313
52.87502209138316
-39.29754942719239
-68.73316737264936
-96.8220838584797
7.819934141853025
6.820798842594982
26.142432537148252
-74.51711890594711
-4.266099825427162
3.16664143623386
19.346288010975087
