31.957712144139663
-29.056888143719405
-26.343083846603705
-90.0984954530355
4.1235397336772905
47.361437843024135
15.603719576656829
19.30261751757378
-26.827779022596715
12.418490374051487
12.848466814783706
-35.61009602112672
20.02577906332928
-18.082346090582107
-27.500219189392865
50.39031036223574
-32.694308223706486
46.21918898829617
66.86244467573886
-82.53369530965705
95.6170828285691
-86.36138233850015
-5.398160169754405
97.55873888121735
54.04600671329604
-32.1793934404601
-34.723453556705536
53.92698354470613
26.976087817643872
-67.76416871263152
75.11768772850468
-47.651154981987
-71.59623868064662
59.38302469554549
-37.027685793291724
53.91255391821318
-35.21136969648386
80.5577615022693
58.24406442496277
30.223037949002673
-43.39344241363592
61.22852116884482
-9.175814539799305
-34.25778521230281
-25.676323692229147
30.700533294377266
-56.721905701313034
-73.48353090771644
-1.9203382365719222
-63.216997179986635
-83.89834769776749
82.50878139392469
28.55246923792714
-39.30404815218742
-77.14639066746076
86.6287850816621
72.90790799635516
-52.68783415701122
75.04903696766499
52.22724630516004
21.553165737109865
18.55794040422296
-33.943123929003576
-7.155654824004515
13.91739171355178
-6.222413579430523
-42.44027705742815
-56.52186012491387
24.93477085139402
-6.073189071855722
-36.22343001923507
2.04396953645481
62.800359328106
39.97973739424606
78.5874179865649
-70.09587087053701
-56.36768071774539
36.53500338331011
40.22472516872551
19.475338700799938
-18.002960132070342
63.58087805685818
26.45670328068573
-27.888715255300255
-12.187832514566253
-87.0286680641527
-34.397079310923246
21.45531240916793
12.926924001932562
84.22945337084695
11.42129721428185
68.72457829559403
92.69578369294805
91.95928161014203
76.35006417830905
99.29336188247476
16.28068072729664
11.290263946610409
88.24702610643732
-67.69242867129188
-96.27901604905938
-53.406178271037575
66.17421179383334
-65.55632440783972
-12.165091516328303
-93.2242938075337
-59.924798539120914
25.823499104345032
62.06412836551905
-42.91182439846239
71.47343466913196
97.75716733920513
-16.567489510110846
-51.26071671026686
74.87266717135418
-14.32531766811644
55.08726808733479
72.77040126411447
-47.0986086870864
36.49802238852024
12.432166067851597
46.58229006761357
-41.05340846710155
15.386517876256846
-22.889097502543862
-57.913287668708804
64.93642771950269
40.99397982090173
23.511979346487237
2.8963934061670784
-20.968512486298124
70.8274214280409
17.501839582858537
-24.27164810054417
18.003187326705472
82.72846455917227
56.91476284926708
84.90931831570475
-9.860461138550974
9.226196712870191
-22.098416898419472
-83.90251305451602
-16.434257936692546
89.6733761364575
-41.87482978125292
44.77363564190421
91.44345766084678
53.45760031196366
-15.613402302923191
-1.8783759146004968
-48.51946436186869
-76.59686585947306
-85.4035750171614
29.685877174200783
3.0005849622839236
17.07499140648146
63.632973306267104
39.64836942091284
29.39109305796643
-60.71044836683765
-96.09635352884422
-53.73932597097784
1.9330251276504384
83.97136604484504
-12.1510832978188
60.36855896703349
-78.83522881492082
22.381786072355524
75.79035377434772
40.72831426075993
31.065578055833555
-36.85807680382289
-91.80342200074969
11.071173737075114
6.899658486917048
57.570051869833094
-45.09789406078297
-75.42795421514381
-20.285206927773288
-61.57885609860587
-97.61867286410111
44.9710676288459
-12.647052459373114
82.41989606762431
-3.163394564285582
-37.4342551884133
20.106991469353602
77.88355561536679
92.71512193244467
34.20927877059327
27.230455781193868
-83.75966210399777
-12.571274629207679
-68.39371825272877
10.022691090127182
-77.61621198126551
47.94371967042045
-83.07508303287412
-84.39437293964069
-33.78340424867096
56.037574381868865
-40.38992598837623
-66.38782936277116
-57.12556140723051
-45.77457496100923
51.87227058648449
18.451626457280383
72.22506654288415
82.267962756098
-94.78655984845858
64.09509811997583
-75.25793270730381
-78.6124484964861
15.789790626241313
-3.113388398295001
-39.20034401011594
89.88146742013618
-42.76952875419076
99.35503554932009
68.54675186789615
48.83107099818014
29.015433723695452
56.326665348524955
-58.19542434185874
-58.52448498508787
84.84268555156575
48.77963773681557
-14.724030240316182
-76.15983162755033
39.759890973613494
40.01433031380566
17.60750313554462
-61.10519251681523
61.947744826573796
53.95354337610166
-58.66313317382268
-75.31144995766508
-10.58322283935334
-57.45003421100805
-28.67522624791303
-35.63883684316042
13.533180261615968
-78.40638631043
-13.344181848215712
36.41377307173107
21.69497976168357
80.20084484642535
-6.37808882562976
-73.18019184113408
63.50968856236983
14.005014304635367
-93.53661603767488
30.802384212557968
-0.7257461312297977
28.867988011629848
-87.31817612829668
-27.477268852416586
-46.665701848999205
-66.66508370415724
-85.53434373780937
-96.30004050009218
2.3851570738403325
53.93041730233662
-48.49546779236804
94.74539981792287
-94.31737877897548
-13.292315524359879
-16.362537655445834
83.56666895324
40.8685917295561
23.330512574023203
20.09660964666074
8.352207548483165
17.412121221024464
41.80406435956115
25.66328242670626
27.64222640314651
51.56272138263924
-64.14847696434
6.019884812579718
60.390354384953696
-51.8960234302005
84.89517043087261
39.95140408243495
29.19398078723421
59.79313348689391
92.4521105806219
-41.51358452401204
-81.25764200911169
33.51463792791586
52.63653318004549
-31.958795024372847
-33.10870443665321
-2.838376346870703
-64.5009349004884
-24.880655467070184
51.1026476721606
83.39673737963477
-68.72902567763619
-97.30554169739638
-71.49373746896563
85.70336080066326
-25.453188283946076
-1.9128969614272648
81.69479456187193
-34.508469684678886
-77.84448078817942
14.02187976255422
78.91844873273595
-17.86802028857126
66.73785142493819
83.15274362942495
-19.84678279043557
-36.79383757418566
-73.58303982915074
-2.6754735468264954
-94.26632231669126
-58.41161970865634
80.49992156779703
-85.35996013724285
62.40441745020169
59.198210060162126
-69.59180729882351
5.101369512233518
-75.0917228936533
-18.695155195504782
-17.07740646792344
37.86254003007244
97.480418271388
-85.61700386164203
79.68849623554857
27.729149272280893
84.13251713065799
-68.71363861289137
42.329197892134175
-5.2143907974091235
-88.63552401789016
-9.554220521203007
-10.899296286603445
-8.26154799058483
36.952749751502324
-70.50006789110192
28.7523168036862
-14.106658462896206
-68.45342746726487
88.50097111629677
95.57672526678502
28.268656799457517
-29.83382400313272
59.314076212133756
28.81436644277494
48.82153620377693
-69.11252277951989
-54.244935244928996
44.75001978228664
23.083522810674978
-9.503684842947436
82.10727834315131
-32.806647783116944
92.09246443643332
-13.650766609606308
37.23318009783577
-3.0201907830077204
-55.63956761114972
21.79375399697423
7.7653429340710005
35.4244526919787
-94.12824330534005
-43.90924573682633
-0.461059936024526
69.59775926403807
-45.08292883209384
-69.6596330019527
-10.279930404338216
50.6459136949006
55.12568679213513
80.16563396901114
-27.482331419465638
77.10145425323341
-36.40194056728107
-3.2467369860621034
-47.26369729506133
18.342461553216665
-69.99319279083693
35.25037500329381
58.62721218882919
79.18216060285658
4.980452890539681
-32.556059895571494
19.6233466263199
19.71193045452371
-50.839050670258516
-58.42906250830775
19.336062279609692
32.12961424799161
72.08358088647219
-6.957896285335281
-37.13591683605066
-73.45945552215713
89.76801642160262
43.88522842769268
8.343242369705763
3.735046083516451
-7.6861508166448544
83.70325907721951
-6.3978173744920355
80.66604653476256
46.35314683476679
-73.49574445169915
-60.41214662426058
99.8072033137403
59.696197613724905
17.354177598991953
-33.914930524066904
79.86766021733001
-30.429397135243505
-40.31747540258684
15.767136036005496
-41.53539065809417
27.124018738961553
-55.52349820576295
4.253664061370515
9.113975640857475
-49.7775072728752
-66.397969606599
23.97513339353536
-63.028204840598875
87.05717291853867
-19.492953855799627
-24.82191403197072
31.55173039931691
-1.8134085848658685
-67.58898844428882
-24.0706206673526
81.03522705619008
46.70951606022692
15.408740083671574
53.32591939254138
-50.41218677792922
-44.639014039717686
-13.99265416378121
81.39969731412737
-92.33767909589238
-6.003753352444676
10.92548875667427
-59.05800405195023
-91.7926638924912
39.96188295789861
-75.54889641624285
23.113556515151743
-49.601314101694285
-42.55901236720376
4.817783939491463
-81.5289905728196
77.72390005032551
-89.11377906505882
94.27801013946001
24.59970509061708
85.58059692986652
5.0116879692238285
-52.556495959524895
-59.41629469324434
83.98455665871373
36.110322906545605
-95.79776638862919
-11.93905811926166
16.40821725109234
-79.07444425161778
6.9618669224585545
64.7473322274584
97.26121410366835
5.584323560521568
32.439228614709634
19.444224271252054
30.21699335300906
-92.35824841432316
-19.410482545546643
78.83587306843069
-47.71839879459166
30.502731289264176
-12.120482651369116
65.11410176335193
-44.66110862777406
-43.310416006256915
-75.92250142713841
4.188724161054424
-58.29045820670584
10.001665151889355
90.41188152088773
76.08564314868912
34.174737338091234
66.14958782601371
20.559084620825956
8.77395195797628
25.816767753697007
19.596082514261795
-14.371754721738327
-83.23512785221929
17.119779882053848
25.900049923910487
95.49488674644536
-17.583212153762247
30.557069380544277
85.65883846323018
25.67960756355103
-35.0511062347868
-77.2751894131012
-85.48428290274748
77.6788293995402
-36.5598021533726
-1.085335098941556
18.344513551654032
3.7037267530291444
82.3087311045316
17.566566687646755
-93.76075464069285
-67.09951875939532
64.48191969811003
-99.64716008874295
93.42228563419619
-58.53799843771477
-96.31799319285489
8.539264985836795
35.55993563189986
-86.32112334754748
29.423365529669894
-74.9269064779322
63.430630936171184
-15.385237037758444
69.45554051899728
-52.65281032164501
50.18381388545373
16.9118886677405
-27.32238054026685
32.52087044332501
-83.16834529940607
10.294217244113014
-96.35035887549522
-54.912893967320684
-65.67618099047054
82.93745155897327
-50.40254802388069
-40.443105716435966
29.21095831838366
-24.687882752043052
-90.26294107347567
29.95157417315653
-93.69794207004077
19.99259464353223
53.95987332707256
32.22617413321973
78.6820706485868
-34.21768391807956
-73.47550191669956
9.28014259155232
-58.09460798563146
-90.67013063957026
-40.521609760815956
66.71551574065836
-81.1648438118858
-54.95803245214097
-64.1297522331534
81.76826323723449
53.678732423899646
21.052983400294906
99.4474765264302
-58.05380258203987
-93.24714055870444
13.621492664728834
76.57939106488968
-97.03039434529475
68.5528467671279
36.484777963107604
98.03139612692115
62.10751401300564
36.1508098371408
-67.2335466034329
6.756601148391027
-91.17170099497895
-54.65180030111587
-77.57869613576366
-99.98120598670906
-30.94803499529222
97.96695518051342
-97.7172319476427
36.14729808367272
52.99176126138846
-20.62889541645569
-56.67698921886293
76.7578734726226
-13.872443110337613
72.39397964550733
-43.41225415731114
-84.71481065258722
-66.8054530015806
-88.70666643277043
-37.22932606486893
63.44367510877916
35.6040746828767
-17.23885288071658
50.76246210046543
21.52499853025533
-67.87619701728049
-98.91921669085409
-76.03978470988544
93.31659531441818
-90.81904152746556
-21.42620997551998
23.495745326567572
30.57325894571221
-98.49510520149624
-15.840125415337724
-38.37076240269952
36.06420555075974
-55.46387715688819
-30.337380315249575
73.41994474291053
48.56600603773978
13.304135846601056
35.050953507987316
-88.75047838254049
-58.81489832349545
45.83450926002433
99.39818695768307
-46.331196400428844
-63.9491002664911
-29.050686928907282
97.55936395764888
32.79924206303468
28.140861880355942
38.69577749147791
-87.13450324928603
-38.70296130116404
-86.9801246292843
-80.6767646163427
-42.588162013456454
-13.183218487742067
-90.71566107218499
-71.69691070905327
-52.721274264937826
74.98070780693845
86.85633388536905
-18.42446761812124
2.932081002139242
-96.08565970825396
-12.667342113667729
-38.20184959401829
-12.306293943227686
47.46324092411061
-11.432121709541903
-96.26154163003054
57.90985161737834
-0.6431073440927406
-80.55720683071092
18.529750824742152
-61.668212255648584
-18.77519393280403
90.5265700881082
42.06447651414831
69.6989610773208
-41.54703538648683
-15.478785429955067
95.36241040617278
-70.7361811507248
-81.81633829050443
-85.27552276497717
-15.977501927612977
46.957505033572374
8.344033115655506
-40.359227622172746
35.08272704847255
-93.95035892753836
-27.80953800849406
-34.392644774062404
75.96431636575613
-75.71201501073806
6.41307185817044
-43.07447214874014
57.01401036977575
48.13836589955844
-97.57360097375249
-51.022687244105015
67.44203544153615
-43.9634462968512
-39.969718187857154
10.55959869643172
22.501255392008574
93.67118751455257
-93.17426781494514
-34.10276905165888
56.8391627167654
6.315455630593149
-26.175908785727614
-38.00953967489029
69.83624557300107
-18.428938833434955
-90.58860718671397
56.839662409338786
83.4120883669807
69.33586516320878
-30.207352436810723
-67.06608667440237
-24.73837467520579
17.965700621060265
-15.823324376718944
-96.59980051831197
-76.87901975219586
-15.273110901125236
0.09160315806362007
59.679368074336
-68.38955834409731
57.6049411069296
-99.56998590743007
-33.66001481628278
-99.03086361406903
-37.90299091893963
-2.721892426473488
-97.76053497161148
31.143945162761753
4.3310663011834265
67.50086375166765
-30.91144851562875
-63.167105518613575
67.30347493736616
-5.596988483381168
26.760608856929437
-4.361866853477309
-24.82833732883745
-83.28992962427395
-52.151727547034234
-36.017669539172935
95.94334989469994
79.90176765484341
-84.85737733052039
53.82002276706322
6.846635653899739
16.53605472206104
-27.087835935667798
82.38146825108558
99.81616328874935
-15.050351651676635
-57.55269984913547
-14.373519141090398
-99.47361194335404
6.127590205261029
25.47785529932125
-58.498164780774964
92.58810343821341
-48.11187617015571
65.77196578208819
63.87374956008625
-37.37770447501254
-91.83941848927392
87.93365347744742
69.08756515353056
12.145103392299774
-49.897344871784036
31.793576707315736
32.88253418966144
10.830955941010828
-75.7160935233192
90.33603267973027
-31.497338234990238
-53.80881303359561
47.2434898207014
-64.6466771193746
-27.586582096274583
-16.978399769469505
-11.340937653977903
-63.05832778239973
59.253400125681196
-14.436382174914186
-64.02515198789204
-38.941492204633256
-25.882014072418087
-27.57756414799593
-73.98936087339351
65.96079454843553
37.681772727808635
6.031033258920786
6.194511046720777
-92.30587637856975
-27.04372824343379
-44.04227435503982
38.491578711401644
-88.87957807074787
55.73195907318461
-25.113466038068324
-63.365842749189085
-51.92513087826194
-30.12908035574071
88.5668908016556
-1.2002147732206083
33.878805418275505
-54.87804453575702
-82.41200198529401
30.380107803322744
-99.30749862214418
-28.209955379180002
9.269877984202495
-61.89508650750586
81.02590993181462
72.83706739740566
49.17850306924615
56.16017033014438
70.66508208990484
-60.5128119079903
20.34659131260112
43.38113732335074
61.350654415217775
63.616930745886265
-94.28583732690197
-0.8006989381172929
-31.93029794357504
-27.986285008751068
56.53844786997149
-1.750170849230571
-73.33962994950429
-8.798640154753556
-11.117123158245619
-8.987158934083197
95.97589292755043
-13.296791579777505
-8.325283734167428
86.66967440273638
-75.19289500038488
-65.07910690396086
-27.79526769043332
92.08732963518423
-16.9394748485483
-21.738060353626466
-86.49784385498964
-16.0025145554457
-62.972679696960874
-49.914367051317264
49.0031414674155
-55.66569213799342
98.58042113665536
-65.9386184632623
80.58323021405951
14.933984022929053
63.898572110641396
80.43345073211668
-45.51885172770505
73.8143234216615
-58.095487776882116
-39.451638778798916
71.26056537142316
7.085326264427991
-37.71929496705639
77.63458023803963
-98.76164374401945
-40.27691887056128
-72.1761627320098
95.65029055173363
-37.68439303410111
34.91945759892752
-79.00655340258322
-85.0135431122176
12.454577139941563
-30.46716186260771
-36.56804127367239
31.596951936312735
65.31710395082362
-99.07080025361404
-68.50969650261817
86.00916102720365
90.12360180302207
-38.07991785189966
1.6869260558008108
-57.73793858089569
97.88699123081793
88.26438815666526
-36.09069725262635
6.673261765775692
8.746409959248425
33.4674423793748
2.035248399300599
22.60769362631055
-70.833409854313
92.16339304337825
37.48359669426381
-69.74407563811171
86.75482769112006
0.17166430759401408
15.786169156365702
-48.49607922529566
-20.21783756636566
13.240919552086822
-24.161127317488877
25.213896066070248
-53.89441778135635
62.99728727926998
-19.649282040533066
83.86090408241915
-54.44975803439718
26.39773104512267
-11.982427319082916
7.872503084111486
24.299633119649073
-70.12748529749507
12.64270150023468
-14.194881012230681
89.4579379294374
-37.95327690197385
-97.09585918949215
58.42040982181652
-26.856230245957263
-66.6061689289311
-5.593343934738002
-34.79648142796175
-27.294370837158993
88.09029006698304
-73.93676225967081
-67.12983047772474
-97.71768845279509
79.89170860553673
-17.503532743454613
20.81215578477473
62.62926643836795
-28.37029111480001
10.794899382011792
-55.753804545952
-77.48451826415933
-45.190954294322225
13.573887255635128
-35.979909524584656
-20.74947374580141
83.39882781166267
65.80332095838133
-16.85763976994363
70.14017169500178
22.06878717021661
-18.689220616606377
-34.12592532346466
-9.82177938258235
41.59591042862175
66.07053680713744
-3.1873358791076214
-99.29402784312794
49.123681698116684
-18.26695665837761
82.10474088997785
30.26281665123176
31.028709191455107
-83.1014025990606
70.96588148492026
-51.9732387624305
-72.03027085862992
67.87439140593185
79.46919755702916
-33.22703560679979
-64.58322415110678
56.10227690311484
-93.38818809862421
-82.93690706083395
-77.1094282920248
75.55273350419444
21.25135466561933
14.881189734068329
76.6373427263631
6.745272970954375
89.87802840213169
90.69439949179602
-40.71453277238144
57.562648306960114
69.42968577922636
91.65407382922692
13.319956367168118
32.03752534433937
41.47119518366762
25.077771617202927
-82.16563228886515
-21.179336975287995
33.71329880235149
35.08245374475837
-33.75307642997056
46.52438879082288
43.17469265090236
-95.94377951010593
-0.3539811353322193
-85.37743009909124
17.778243837179474
-87.44118750436066
77.68930318352659
49.61369976933102
34.80324436357898
78.43375252161152
-29.517882341832944
65.29077701775617
-45.363637416118195
-10.02987004117361
73.00982594839485
-93.4650508069738
-42.47567442530939
36.11864802653554
-39.76501646759982
73.63072189358351
-22.470554592505593
-71.06291697875903
