-89.76056463618285
-42.241789927409926
86.69718291572056
4.458361238861428
97.79511156182983
-45.80216681905653
-30.7723531503934
81.11759391991288
69.63791794636785
52.72719528169253
-23.614790363925934
53.01999158249308
-94.94204943017806
-0.25981019046135145
69.50400842337615
-75.57094489861001
-94.54994055396038
26.18811957867493
-37.74030694175341
28.97629619466312
98.36419696495972
65.55438921473774
-85.77954141237156
-32.346982866006584
-26.37838566003481
-83.42528904562883
54.67605997269837
22.30549002561449
67.40396155560927
-57.63820947694429
-32.547914473847015
36.70111422244156
3.238569636751393
-55.55228956190123
-35.61039758290892
-38.55556124239761
-49.77676980835008
-83.4590597037112
41.99950241571108
3.348620536019183
-15.259043422734138
25.897599304564196
-74.47637022705555
-90.4713462853354
-20.245153560579382
-32.35788322749569
12.142067057426218
-96.91384055591105
-78.31910413424828
79.97317565023502
-67.8715542129976
47.061636853718284
-46.2748889052415
75.667754039849
-32.95481001950007
-38.692120225051795
-7.693686459198105
-24.788452420152353
-97.7340583589978
-33.38303938098464
-58.71379334398592
-96.62525408469705
86.9368337586275
-69.66676461186904
-94.35869480057943
3.030657420908085
-1.533900183508436
-92.4378862979209
-75.24144298005848
-15.231302281488283
-20.205915292168527
20.38183512312699
31.63832625908509
25.933822876781036
-55.66964971687918
9.999141244359478
83.7632234964654
6.457956284693125
5.249732604987983
-17.61600171126136
-88.16151953445524
-38.94415030942546
-29.977924059246035
-97.70664383438623
24.684866770428854
-10.608759935798645
-37.82292558542317
-99.29059462475132
-83.41252484697262
-52.1946960190409
99.12614873136545
26.4514617229121
-63.31174106220849
20.762378400742705
-2.8232808323419363
19.007793933430932
-26.845704117191048
21.17472068019437
98.27974448021709
-19.549827724475193
74.83735660669552
-72.90066127318366
43.606124280467526
-34.873940523931296
62.64987986465454
-2.579679380643512
92.60228789468965
-60.47533265157272
-2.309704927557604
82.26711037697231
-70.3622578673961
76.12891940913431
79.99854254476517
-65.96447149902316
-0.15736697048301096
-19.230836611817992
38.61071808913067
-51.01405713164906
-67.83684094835627
8.432158723189204
70.28567279474098
17.86988620527994
-11.160818330198637
-47.122057366808434
-71.208851470345
66.12191459358738
94.23359544247074
58.66863893519161
-35.2533206188495
-33.44187246593664
47.66399860352553
-78.39169051963935
-26.663263647661452
59.553744857907645
-54.52886464204079
27.16997621982881
-99.32833955562313
-48.78147838619646
41.915526529488574
-96.7947278794522
-7.694015533309866
-54.68084915855289
-43.27459010383428
-11.494705493179211
56.04755826267913
-82.84948174824135
-57.65998272837434
71.50082282617905
74.66289557092782
-81.22599853115646
-10.426642855514288
-36.642619667782796
64.07958854611161
-56.500905974307415
-57.43555195706098
34.54526137349697
-13.935755541335126
47.38794867358567
-50.525802460458905
96.81084094228214
-70.89349559860283
8.888313791558815
10.11699408537352
87.1839712789291
-65.77894592853637
55.38124791932336
-61.74450487894176
84.18533258321943
88.85288316385672
91.90986953264408
7.793471292048622
-62.3005164366621
4.188804230727712
71.86649914424262
76.48156519334921
85.6775919230816
49.313435568856676
62.67271794064368
17.738408297948013
-52.38640206559637
39.578809408859826
-93.74183680378165
-94.11463361122208
90.20872327110001
-98.16721989570564
-91.07096569707404
-22.652735146088673
-91.43699786450972
26.340379367739658
23.56500947637987
7.232901097354883
93.06191793013409
99.01117501837166
1.2139519740651679
-74.81507063106324
-52.206303519662335
39.3723971115387
42.86661415590271
31.90342269414691
17.19385170890979
-13.062802603984892
-73.11871892687643
-9.120152667094786
62.91322826045081
7.201608358589112
86.13933780205133
-3.862372351081646
83.90084617999969
75.01918719752115
89.61502097668944
-61.907419009111855
-16.48864305442541
-15.143976687136941
-2.6609800488860174
-44.517831612833916
62.769173309680525
-8.628460252508319
25.36313416893097
73.32913728671514
-67.28115594669347
51.80239092934457
-22.199798485338334
-18.34209892325633
-65.46248787160977
4.940522773850148
50.58242379571277
52.26335867019938
-91.70429437560436
83.44838952186407
25.509687714752815
58.907722204757505
79.69829094205014
52.12620322796374
-7.161377561080997
30.313608395739237
18.43129601892288
74.95924982055811
-7.201037758479131
-63.84873652737624
8.778471585868758
-12.417434363731175
-40.215377440599354
81.23641834661194
10.024345659876175
-59.77683105782678
-12.081493982951514
8.905469038558351
35.87247899321517
83.29590207538467
-11.586037022779564
2.966479064605494
-58.646188671032775
75.29538745084221
-10.802879419249052
-68.78905307130529
-77.51488025943365
-50.681444835671165
-86.00653721232949
-50.265174713050584
22.920464258666343
97.90937226212716
12.010211839628766
-47.32943569563153
56.8928096281424
-14.546004526834096
92.97090181564602
28.156238682228263
96.8921330092476
55.87526746699618
60.4387446600943
-63.490948720278915
79.59550803212974
30.055081040273706
-84.02958037545942
-44.62579373702411
-8.479507496266535
-13.380325810593519
-49.265244437373504
-43.93187379893089
45.49551350388748
-95.39530607150346
14.019963776623513
-11.903344444588342
-94.58042975127701
-50.55630906004722
67.58339239880246
33.79703202972922
18.43702413716781
13.813936772665983
13.080669323222978
3.542634147844254
-8.20808226773238
21.344304043280843
81.99211899608082
-86.14394261700204
-40.84569374742717
80.49065040062695
76.74230185184157
19.474190020061343
22.995004517129175
31.112756886127244
50.87490598503115
-24.309539516997077
29.019604126729234
-50.65148171116982
83.37193457697265
8.335273742943272
-79.13079303232138
-27.449888100670663
46.20918878742924
15.660149470526278
53.92246854343642
-25.510222697622623
-95.21059685154263
-56.526198340939345
19.84321660616486
-75.13765735412244
-27.64845586957631
-54.78485389712453
5.3693459226827684
27.48965886660058
85.0896184534611
-39.81293699752244
73.90128374078199
43.383337240113974
84.55948866078
45.97816547329069
-68.02126017312023
-24.153902390676365
-25.037411546869322
70.46253279962573
-85.34258800543569
63.18154965203732
73.79441201706916
-71.44418887028976
-24.857970409749157
-83.44456411987326
-92.4794883457636
-90.919515643486
76.53010434338304
29.509969877842906
-35.527639161299064
-71.62828148847163
51.93362278275532
-60.784648887993306
40.60760592333958
5.4372828395274695
6.480878071233903
76.30145017842273
-59.229937772475985
-73.85913426684063
-99.50798210786016
84.36482650573208
37.156513733240814
-20.253590991370245
-6.443694534783788
99.4019788608239
-83.09982533686068
-26.9118973142413
-54.12488655478569
-56.63269169390082
-99.4268040468818
64.25362295108835
-61.59157794623129
0.977084251094837
-42.461627524629854
-12.241052191407562
47.52645888414088
22.288910438469472
-49.11582269475814
-35.66143134996429
25.608555043954212
63.47224037950073
63.77726340592815
-76.29863435352036
49.51547398393049
88.35861491648481
-80.70292519478315
24.314920440595913
96.94276268442351
-6.359212601414924
9.830629043580785
26.077215516167456
93.14448307037054
-70.87731288408906
-57.468346357127274
13.184689407555624
68.80265409393087
-94.97657313769521
-41.97998261371427
0.3595355884273772
56.21381701498282
-78.37207618087096
-14.274785491355217
45.802002942005856
77.63482568246926
-74.9359117682131
-49.406782254067075
-66.23542721522782
-68.43591833136058
89.12538517786655
36.421093643138335
92.96884205644153
-59.8572674347569
-84.31690941238728
7.382046458999952
-85.5251737737145
78.71203944036577
55.15432226170111
84.38918004427813
-48.836860285446335
-21.695880092161858
-90.26567016468327
39.76133851172361
-95.5350345437057
54.3352854947851
-16.21858353362535
11.938778269272149
55.63127944827744
-63.81415999019664
-48.8578092739258
21.21738307783781
8.534935610559785
47.26344396158771
-0.3887511498609655
52.58736976438175
-61.70108926858558
44.35501150764594
48.65648199953009
-36.19999052021039
-91.12499805647958
98.06883000067421
27.956000269270035
90.96680818617148
60.60926019872102
-55.551925196488995
31.366284245245623
80.14726639473537
77.64672324051134
-3.57516181346314
-53.401903115298246
-69.4211089861625
-14.236119023048047
91.34387447505748
-43.40338873450622
32.955846093680975
-55.715714953732665
52.05310793157898
-90.77040034821158
-74.93222555189207
48.67783343814517
-27.515429694674268
-72.0439547762676
-70.52726617295973
-83.2088944710491
95.58320868364021
-38.418012627162845
-11.373486389032024
-40.18604027140442
6.8041128441506515
-55.49558921398394
-83.419439429479
33.35555386063106
-1.3930022446510861
-80.88266175681626
-44.75142400693226
54.49575533286827
15.934850492677313
91.68258505688695
20.39644764214958
91.29118813256767
-82.30157287798194
92.83828246970506
-60.09126507829612
17.815189545175798
34.80493059351565
9.142015982710802
-29.836690828175236
30.7065150157853
58.199650934203305
55.99883691725975
-51.491893299931
-57.944903679131365
57.51266601306756
-53.478484458793
-63.781674193802004
10.869258667528172
61.9094246445529
50.65238221667346
66.20662206210014
35.626421793408355
78.35954381813016
-25.021222488074685
-51.38722617220524
45.640355283006556
65.77910339534063
59.69403106862276
45.120561645678265
-47.256989793163015
-26.88268671958265
18.56600462654609
58.20798740579721
74.26823066261147
-67.29841409551722
-28.127019646018653
-68.36798315508459
10.522638446379943
-80.05920489658173
98.6547390766579
-22.479043993059534
-79.94672979828047
-18.948821536028348
28.971741065574747
-11.919520020684502
12.46370924557148
18.794717936793106
-13.516942125505935
98.86838646848403
-72.91403701204212
44.554262555801245
-48.74675743294983
88.41654085630671
-75.7836868237105
-27.223625830998046
-22.357798193907357
80.91687743371071
12.183857409179538
70.3616909064518
40.734159304642645
-73.22770370868612
91.95879497487562
72.84787579234654
-43.94071210185339
-73.05401661249405
3.797495621652473
-48.917581332447966
19.80820276825645
-63.37392973249387
50.97027459407519
98.85020059159766
37.70317686085656
-66.2929587018372
16.84372242270875
5.869988185632067
10.232234312702431
-66.56693988948498
-26.616528123916197
-11.698824135992396
-80.71762982934696
-76.76827962365742
-47.95322756585194
0.1133563194356384
54.489000469554014
78.73989752799383
-45.425147429783294
68.85201359913515
17.803079462464467
-25.433921251595223
88.38953668811695
13.338682603512211
57.12227220502618
-41.98530167304257
-67.05545973476387
30.71742005823731
-5.630089235949072
-54.653570321148614
17.207852500746412
-40.673235726922805
23.34375363873717
13.194646539643088
-80.5109438426765
-59.7824343098023
96.95058706507655
19.271629226565096
39.2654288301259
95.05556083478751
-28.14327689521967
78.28861864524839
32.94702626489868
-17.025458817722267
-7.328877336204513
-40.384598595955154
33.71356043959392
25.48071958715201
26.50437225518371
58.995133144241976
-33.07434222624282
40.28665034897702
39.979172042281704
-80.76985598780522
43.65428492028883
61.07436831895242
44.36103129641478
-88.93951430720628
-48.47362947012939
-36.849840892060314
-79.8929466566512
-75.71565394683697
30.451577546942673
57.112765458040315
34.516577262519036
91.37903144777235
-99.28017400891905
-37.18926180744422
-48.86842826569728
59.77064036644995
-70.92577306540369
72.75354800690243
87.89179959050719
17.565272220427715
-36.52152662653376
23.894717418049183
-82.86720921469923
-19.864433444202902
63.83263607523281
70.38368430061567
21.521983957925613
-42.423041927358994
74.32848090783449
-66.94259768359953
-30.837589061767787
-17.627705939146395
51.34335401251596
-58.50881248553086
-60.14265197989557
37.55615460723817
45.73335065441569
53.91990060506734
-9.832924896766016
-76.47978369594821
-40.905457929432146
15.707638458274658
15.264235908583146
-95.81707951487715
73.29165096923813
43.51547157640951
-9.446109275674687
-74.14956312031673
-75.75287642241462
-28.734449706180783
-20.058279701241744
-3.1775459377287802
-35.787610971256285
50.57980718835705
-6.3857473657270845
-42.172951066409745
-99.02022571156786
-50.381126009836976
62.31094540516159
10.968512474105836
54.31918971316867
33.789123550011254
19.076134114913486
60.318963216660734
-51.78836134519405
47.96229658331231
-60.68633968992587
65.83413318429169
-10.676476862472157
-44.884760320656135
84.42169707014168
-16.08012000921461
-6.849270270375513
-38.42065346496062
-38.28551909084092
-0.36765953480777114
-71.23126389631487
-34.42977853741213
43.49019896538945
85.28996874606221
-79.49833262338677
-42.02028880886593
-63.12134543124299
36.500049185367146
-76.3231390515138
13.791257820773481
55.68527495314862
49.166167511488624
48.446212012683645
54.27074682919638
7.379441208257731
97.38118072521974
-62.0817297485593
95.0559912366769
-48.447271152899575
26.769976869280555
92.26583920631859
-23.531953102850196
98.27701426861964
-77.24048351831141
-97.54412068937262
79.05075048632557
-46.870342322765524
-28.106955780766853
10.722111834301316
-96.36784214147534
84.71577168714265
52.36234720029276
-24.40028169078002
-64.75550533644372
38.74258130823938
-43.461553027929334
98.62293968321546
-31.632880992157936
-75.45123577886869
23.698448503223972
67.50418582491162
18.663824247288346
-21.13941633363619
47.48965013200507
-78.8505958609525
56.359368344207866
46.50296144309033
94.33240567871854
-97.89072974935836
-15.081139337666286
-1.2337655145006465
-74.4244615093647
76.77003426602167
-4.694256778604441
-5.866998835459299
-24.771507313551197
-80.89247643241883
-83.40671444036265
89.78851802560902
41.67659387296578
-68.81353684898879
-67.8128979419646
9.357327344184554
-89.34438733401583
66.2842923041114
-6.371235905719885
-89.03082247545942
52.32314294979304
-59.82268190638138
76.96722804240147
6.693531271235727
-56.62886370730848
-21.970079663685425
-14.97970844147909
35.71920182494853
41.28039394350412
-19.5395134614339
-45.57570213303759
3.5019162141807243
66.07448409413229
4.458662342109804
-12.39784928680075
-66.8149969540795
-29.267303585203848
-8.502574661252993
89.30277933742897
15.880561843270328
2.8269386649997443
87.8964859398564
9.624337919115987
-67.49390588599283
-86.59960359747623
65.30472266033047
-58.4927323799306
-32.74036044543895
14.479495588555835
61.13013202587899
-97.2144696358853
40.84338081957665
-59.21409739924894
40.75357370151747
80.09302837657643
85.3738420395496
-17.47792331275629
-91.4250004076558
23.41792977404502
18.724231979289584
-4.128802671092899
-67.49270628007235
54.35624730306222
34.51944736589439
-23.49207546869833
74.53039655440347
57.00004585333366
-74.73282405478396
-59.729928371146926
-45.38672787926601
20.91467933659021
33.156706705635685
-9.058339941243233
46.966754159466575
-77.50147018402527
68.7779761728653
-59.36237415489551
-28.231218575721797
89.07195814650919
40.641746279439474
47.749596782854155
32.3349970849676
59.87152835738084
98.02864172045435
12.339286933188248
89.96574623500882
99.5277704495926
59.866417023243685
-36.18872155375006
70.29502597727529
28.98609594910903
20.508392217860802
-60.16214380897895
24.450251617622598
32.14780256171886
76.93255942647068
9.648362494683312
40.492793369827154
38.080594807858574
75.97328285916302
77.67040810323428
9.273801427907387
76.65135282009908
71.46845668179182
70.94442986249896
-68.58679570368056
74.86808800166918
36.399865689179876
26.407684209393523
-76.35541943950875
62.014693107351206
26.755686102477156
41.42652276764099
-42.60834592091911
91.30343792946701
9.274550985984973
-74.9289824413355
63.34919117108652
-99.65862304017983
-77.87236168877045
1.1159366629544678
-56.27665497326948
-35.461458116226424
-30.020303939318765
-0.6885340406286247
27.774275010881382
-14.409107862155409
10.05559848345601
-36.15640657222157
-61.535704553773925
72.85199336503979
55.645863409710444
40.65781722427462
-96.01380159570066
12.77606418961534
-13.067973326776823
12.120934059715822
-85.54803689318422
-74.73402185832822
41.837976759563645
4.392318911281336
-70.62312413209027
-28.23699061826879
79.45695177003495
-73.99582411777735
20.433430510508217
-83.7638734288007
60.508846609127374
28.984035404733135
-32.05740940249359
82.13281701379893
41.10422837488295
-22.53292654248267
84.53925633749847
40.638614537972785
-24.004200690770986
-68.85205697055288
-63.38230664421738
53.4520293640378
51.080810566997314
41.13590239949394
-25.23973285915406
-22.329667709840976
35.13008028086102
89.4297277938403
-80.94993813803855
-0.5956424837350767
48.226419329096984
72.48550330613546
93.3506125646604
-15.339677606540818
67.48953065571763
-64.42555824986829
-6.5116511246688304
57.18435221481667
-15.477145890291922
38.03207543627636
-1.339772170612875
45.093351323677126
-82.53796438984433
8.293488205054004
-30.953552058071068
95.43178544566643
91.59033464971716
-54.61755471246717
-32.2561756747086
11.036512132752165
14.765092453158445
-75.08560596566376
45.65179819964166
94.43215201400471
-55.526181995163796
0.9258812510783088
-5.909737432726629
56.8823201999605
-67.3612214120653
-19.742775367055486
-83.53324216218805
-86.47104704759184
-38.005635608316666
-51.553386667358446
69.93307743290924
-46.29731227481475
68.1814876304384
-58.352993044599465
-88.40403839772114
-8.622579866592446
67.31156574176202
94.21303448852993
-9.861821187728097
-10.520578295925475
-75.43408267158789
46.206517584166505
-27.336227261621133
38.416364995992666
-20.341315940067716
-12.097983764682311
92.3114932881245
69.08135455506178
-58.02135804705788
-53.13463535622907
-75.49701165771066
29.392524686413736
78.90163744757348
-81.57433710253106
24.633875940424915
-37.32804442631923
30.22236428972772
-28.23497861712798
-73.80453942097134
-15.363955902591925
71.36065898698916
-82.41366760394479
30.184192312406054
59.59190900138938
84.50448101989303
53.28840092395072
-73.20347031616132
-33.109700435800065
82.16153750251507
77.75726432930583
4.232396743506371
-64.295146160574
23.775101005581064
67.60586754284876
78.85067679901036
0.9734550051073256
33.03265767618498
-34.08093450479103
49.93306772965954
24.551032754132194
-22.06314928991094
51.533879288117646
62.80177253168836
-91.38487497291439
-98.13089503996328
-11.642703192562152
-13.587362213251026
-38.398178354234204
-58.571418046912726
-74.87082711704025
62.800677797160404
99.24962211751057
51.76715240351973
-91.3370132372157
70.16484604285927
-13.019548904003386
6.211771313915193
-6.817723895194234
-85.57722952743548
18.61682922320091
-70.11201756330789
-37.15568771171638
91.20716201150617
98.27658097549053
47.13736643185328
-7.531582907393215
29.788191626841353
35.704475604042216
38.55496054889517
-22.936861990050446
47.58892799563341
-29.490439495168673
15.975559349810368
60.82577643976131
-15.221470842936213
38.501814293093986
