-36.55805787069886
-56.47274062743477
-71.84486513711028
28.31261809555852
54.17685416682835
-88.82305493965444
-73.6435613717245
-82.57699122145472
60.61146837117553
-19.552685222585026
-27.094779534725475
-31.217729956871338
-50.945611728537685
-86.97177617883243
12.630907580817336
8.174271102175652
24.532709084811955
59.71316630290056
46.739335173747605
43.24067104021347
76.6547392489743
41.973938104888305
72.64101754686871
-8.102370263561639
-63.93766777826839
91.71031800535957
84.0061387549269
-35.877454233769114
10.891839621000685
-82.3261566789146
95.7062461935233
62.67195404651099
11.001653579599903
-57.48633318282277
9.229103288397695
-83.46482431050859
14.286402290576845
95.08765211453846
32.085812249297675
34.37032920977842
67.69332963847373
-61.36068934955734
72.62185308598902
-10.413134961582742
-79.55433170772828
-57.202435892377345
-60.91087177920693
40.275439805794974
32.04748173511513
-4.5942097255140055
-86.23650303856422
29.307336397254858
2.548886574528524
38.89578960763825
9.573976658593764
-31.424884960658233
-84.92506712972714
45.132446840831335
87.04287319279226
-9.465935214366738
10.762208960526735
-97.52272697124896
-18.73562281310599
28.08716759983966
8.364755138962337
33.57462521750551
42.51384801780159
27.556093712756294
-60.26392642681846
88.54452909759218
-90.03551820906699
90.8948674908226
60.78228931138628
-52.81987541215576
26.834405969117128
15.261127279582894
70.78295800885599
58.941728582408956
88.7192719893479
70.11207399796703
52.26246522475262
-99.15553298849802
63.207292516880955
80.2340735417242
-17.078755451794024
-82.68114217248153
-42.99352309483886
24.884543404533517
73.47418563104847
13.936757285866747
-61.38692688319167
-32.71317299564561
2.020707372937423
30.59747190051607
-55.82686266972472
-65.26681444051457
4.120419057440827
-69.4345108336831
32.17112792244649
45.713130446190775
-22.7085999164468
-96.29094254443035
64.29910482530451
-82.26973768459783
62.851311340468726
44.45330907304344
78.30706846915268
-42.896767588793
-63.81734015376559
-18.427112931445635
-78.00200259142851
-62.54114790056544
-8.10013042861462
-3.580063739925322
81.02124783615878
-40.83044230301862
6.746657543923675
-43.894377888949855
55.63730889844638
-58.00164378193662
30.304664391489126
28.99799556737463
84.21648474783771
80.43319349383447
-80.51235812095723
-3.663863107385893
-63.383431472792374
-12.536818410856853
-24.36434835214898
85.20986735092796
-43.814835321438885
-28.90742416520223
-81.41467689603353
78.04384874362853
-4.983507393033037
-50.51564395061898
-62.08982333303279
28.503068184366242
-26.315324803927382
45.73540671410032
40.714228794336634
-82.52662164222883
-71.77879359137268
-78.83690136350832
15.615191302114468
-97.08907787678025
-65.99217066304726
-54.70388511195936
53.04484246276658
69.66417443449035
10.312787635488462
-64.33244134032202
42.18510765841211
-54.624430709232556
50.58497215174518
-89.02052705507558
68.03035323836036
-18.193124618519903
13.99943534548757
-4.91194514607875
-88.42553323949389
91.62080890599964
-90.52410910732908
-83.8808156787371
-58.64840359846086
-16.468677702307602
98.81549206090489
-89.18425512736347
8.170921237177481
54.97432644955447
-50.60722438319161
58.62243633700675
62.3502886688851
8.181131534622878
-43.88000691818081
-79.23348992410884
19.549811766822714
51.60263950784153
55.646763919056696
38.91456355580644
-51.43075306829894
16.96306931040867
-81.65290001041181
-88.38366074499416
-81.1194885827093
23.44864790686367
-10.181582214435394
61.54904801402333
-14.859234196956322
19.798883114982544
-34.93641101620358
46.33449562624409
94.34499514860306
67.1210103115977
52.95946956256137
-37.11563903620916
-15.211815722811522
-22.933201634984073
97.29628529940558
35.25950445561293
6.209650766620413
-52.182993896584584
8.002376245638018
64.16496677669568
-75.95418312528832
-19.318571646999814
75.85373515305426
94.41153328571977
21.189326594586746
-64.31176774277807
-0.5128881478758842
-78.82518322166794
-32.41577546900034
-85.76670275544309
49.440740834440504
-8.46727149008548
86.64085448115245
-87.68572600462447
-50.21535916916524
42.88823920045323
78.793633232573
-61.13739775374836
70.1287302143079
16.297574071648086
88.3043710648588
76.38114336006896
62.27518128253007
0.6679840970461441
66.0448099348495
-42.03882472764035
-58.40969675068817
80.37197767823966
65.11505716850269
29.259194739554346
-26.1860361732664
-8.722497267753894
-96.98014770795069
65.15944881791239
78.97356240862067
-65.79974741129567
-7.44082022304282
-56.122814599286386
19.06291323646991
-78.64159347113151
53.38918039603928
13.632065855872042
14.723031892271592
21.501545175557155
54.27521374862198
70.98920391577718
40.19910266088925
15.204867550230048
39.48741413845477
11.910718302228673
-77.66583349006831
-37.03273755586161
-28.650460930466608
27.83121394449867
-14.485280253380893
47.66403572980934
-81.5505237946233
16.000502144511543
-22.731855184309694
-59.090134030378664
-81.2560489344132
-70.49262650634077
-23.000221991048804
-10.6008229043492
74.89122687035348
-68.12059157408193
-21.39513079522905
1.0351697318183142
-40.4263174782983
-77.27693166641289
36.54728450762349
-9.067773517355576
-29.14479211888991
-15.86035768267513
22.141871850549435
-63.00329684293546
-79.35565730408149
-9.538654506127585
-73.89264353683484
78.23436360498917
-30.40446191164851
16.9505558860606
47.01549688666111
-73.49897984480072
6.6447665357090955
98.47857056219937
-37.374482261316764
-13.644299738006026
39.86935448428625
19.11062106019348
65.77292111211156
-24.789136709958854
17.38361223268832
84.04241253647413
-64.47695700092962
24.120043109175413
74.92242485421067
15.37514864951413
-64.86405296152975
-35.208247372852796
50.131271858314705
19.093435268917872
17.518228826344284
14.348251627387128
-65.06441591232493
-66.36777624951644
52.529080285810295
-80.32973060854145
-75.34200448978021
73.26987891649355
-81.17440001764524
-62.77316461565328
46.69966670583605
-88.60279682539203
-71.95658495239148
1.3465521510133556
85.49052221816652
-55.671573916094985
-6.113045147399006
-70.13393641628988
-97.62487414027838
26.500949842233695
-45.59743691852249
10.420294973726115
76.27047537028292
86.37772759239425
-17.447115458409286
-32.52652857795138
-1.2418084900097597
26.07965874028571
-20.742641909737245
13.115516815485151
-72.78310926325098
89.73353118697793
53.54665846303118
73.6710000021755
-72.91764209663825
66.41472870461558
52.48359579305847
-69.17783949772725
81.33139478257678
-80.91518887364279
-44.30103685461433
-78.68737318833061
-92.12314309983792
-74.45268977202912
-52.61690598287376
-75.61730650126444
66.84217447844136
-46.820618556759875
55.02128584386665
16.54897416361227
6.625259622653829
-78.89479776814187
-66.60763972773718
11.353795001613648
-98.92352154296653
-44.70420740918646
-4.498938094911281
23.17102292272793
44.35497388097559
-10.599063059029646
94.94429670241007
87.48701538267869
-97.56499955123003
62.72545332908018
33.895055435320415
58.795673537405236
-27.468075419130017
43.89240916882454
56.23585179054666
41.26439122940829
-21.548080337629784
-8.410813654427358
-88.5589974012884
-39.634876158938056
14.607567489154178
-76.42053248867246
-92.26095594109091
50.710872562528124
26.16768110826581
81.31013779710051
-86.36661607450766
90.30200907650797
9.626461217923875
79.05975488337373
-98.50150725265993
40.53876431781373
-80.01283063804239
20.169966650925517
-61.50422615831079
39.19763835101699
-56.16490913663221
11.75681807589028
-18.590480734681464
80.78692630099394
70.51670314576904
-32.69693726014091
74.14144335224245
0.9199747366581192
39.20116871341037
-42.54501283145093
48.267568705663194
-6.155973405140955
70.07787584072815
-5.002527200321438
-23.61392168124665
18.09451710365137
35.635080456751865
95.49792189339237
-47.62352667031724
-55.241803978878764
-34.248527562008206
56.45930016098103
-35.933686453281524
-37.94446906271158
74.42884135322836
-75.09612788843462
-73.37737067594847
7.165805069446506
-84.80085319296818
-10.48840804676125
-4.526285643654674
94.58978764069747
-27.4013280638965
82.39259966671344
-57.13629383997818
18.544807122553706
63.821443117385115
35.92499758141693
-34.412346178569635
-5.099892362734963
-5.135585876479269
57.88048917987868
-13.039416372451356
-69.55243536641409
-33.66519609090413
90.53799830341725
-92.33551502804396
4.6791580391803365
-91.95043493011504
-43.49616854167599
34.47096122892964
60.899830467683756
-23.290298078019674
-50.39000116802339
-62.891173309413695
90.99566432716324
-76.44948941805475
-8.257075239935148
-48.88824168529333
-61.905262215918455
-52.836588908242945
1.5252142961526687
43.472260392907316
2.9738719116073185
-62.44632953893239
-94.87889422006694
95.93218254541873
48.942870941388264
90.10375817958388
-65.57113873055602
-45.11243854550997
41.157807936445465
-95.82423682645998
-82.03774281195888
-99.33206258956957
-19.55094809690894
-51.90672203575222
54.43310373307574
91.43652008202389
-50.00744272249147
2.999598241881756
-67.43631356684112
-36.267939960490224
24.06169515140985
70.59457810624255
61.943082240526536
-53.50353637205345
65.9434230883756
28.381856616305868
64.37227162449298
-31.978795428870427
-12.571291519297276
-0.9640058606751154
-56.279615650927205
23.325547945368115
63.147793107447455
-90.65491993091443
72.29384199808803
-90.6482096794349
-82.95639279073231
-56.39151579161717
-65.66883331878417
30.899739340115616
-39.75716952767863
10.25667421152292
41.648090657512256
-95.32272670320438
-58.02327249205206
57.74855863155298
-55.69552091784817
54.59285626799516
-67.39038235649097
-24.461852282081935
52.923329644430794
-38.81700765286011
-34.86780888170355
-7.255540378859607
25.454937229130863
-44.33797387983507
92.45574631140832
-8.12652900126298
-63.19113500197901
66.6101413724868
-18.87557695553585
-31.237261236649402
-79.35511793934462
-36.50317619547878
21.770882371601658
-1.0398110706667012
-45.0309491043414
79.65478034604055
-48.73628137880479
41.09848720157714
-36.37236900361851
30.17826518851615
-4.986910917961595
73.96316141912698
-34.56060183045244
-20.43685946903817
-55.95786822075341
-31.13283738618027
87.90961646004189
-21.600685478242582
-61.631506692711426
-25.157194250386155
4.738156171747889
-9.412459095275779
-27.363468848691696
89.31497275414372
-18.280594861670423
64.01547945897823
13.057328651381269
-74.80773906834997
35.23612548473619
38.84473743773103
47.62585391064053
-83.37768329051072
-85.50842868160859
91.45779073392211
-67.4676238873873
-89.67950729404856
-76.14205370626112
-28.85795954882633
-60.52300596540277
-35.674544258915674
-46.428773585768425
86.64773138005319
47.45422723420921
93.21517096242937
-41.11485980054257
-3.902180879522902
21.406292791995085
-38.698943069569424
72.7568041786225
72.10831142768808
-42.76158627515694
-46.35385334727402
72.53276101954069
91.8681279708658
26.730617788564786
5.230285678408862
74.48303244634286
88.62316336297806
-77.00275895263889
59.281444654117706
78.77301958548591
45.198808197339645
-28.928124883621265
13.18198219407077
-32.27380236204169
-90.99570069583038
-30.239453440763626
65.68296726909841
-79.24299806427089
91.61157068689045
-92.94399909115478
-86.975328533004
-31.77730253292586
-67.14259753957745
32.09307529124058
88.82499425715861
87.77509160240368
-22.40206245859366
-75.99967509104422
71.01312591424193
-45.603970853838426
-17.239357422845217
77.83841721584179
64.52610520155346
-83.05729995626444
-84.57399316404121
32.74284211362547
-48.51582401017094
-6.536364105343424
0.6344981529197184
-97.81229905052278
11.960472574227722
-14.277450957278106
10.472441842932014
28.843398892978456
28.40241522151439
62.313760895881785
8.703366103365397
-72.82263467905562
46.218158364230305
57.79969647326004
-78.33264243264051
-30.392897942557525
73.32206243885594
47.3911171132095
90.9708324700207
44.06447536700182
-23.72790258391919
99.1086463913374
85.7032586089363
19.502854428021024
-79.51367536273784
59.284905854079625
33.65099190159077
-35.093904502986135
4.606339467663773
-46.547572720809804
-75.01860035021969
26.861062089670185
38.03001568640855
-17.751808220981943
-44.82395245542452
-71.23954936356213
92.49595382450323
13.583637118048927
84.05207932267675
-21.481294401023845
73.50719895411282
-1.5627966044690567
14.234124647769917
-18.862990391316586
-34.79772363973066
-25.080541729315286
-77.26182926626643
97.38647189502808
-39.83467304726322
93.64666853588929
68.12170364330726
15.803033727247367
45.62672957111914
20.66956348261388
-50.7749743789359
-83.60571590804291
57.149739057969015
63.66497455415882
95.38215997755029
27.177467437446865
6.290675742416283
71.26295723039547
-52.47604151279566
69.29584629235143
63.362735792242034
52.76462308234821
23.350322876287976
-30.14304114648378
-53.82173866917795
-1.5027265973422743
68.03513994279638
-99.61877180624876
-47.40965887537414
96.59235737697574
78.96688635092298
53.16270804615888
15.983278911140687
-69.57735165093781
81.68658127435799
13.850514568491931
40.60553747063145
10.635861293163472
63.795897996663115
56.50119805991352
-8.127968381591131
-5.992016126822051
43.70225399652122
56.136798562057635
-92.89507153505596
70.65732179131996
40.88615772455
-6.028060873176727
-73.29481688106478
-38.064112339102984
-66.79972976447353
39.9052399796912
61.758201663729665
66.66713573460211
66.25844055225019
20.249399279601363
-77.12559786331323
70.42142752572306
-48.029349230760296
0.8437418917931865
53.735818100857074
56.32388100097617
57.255485298090235
82.91994030939185
-98.50139121154203
-2.2421120757380493
-56.30600517914086
-37.81666835601709
65.75095434613465
32.64441111037664
-56.42524581592634
-77.37715981703306
-34.533090156843826
-20.879530747397567
-92.29975124191634
-68.42112088393301
-73.94456148352482
-63.01408162105342
-84.10409098424199
-96.57467882103555
-52.11549958245696
-38.13381559755784
-62.13796901191486
90.7397477278922
15.276494497570113
-58.42778099393231
-87.68265289028396
97.40482919499979
38.038446008339974
12.235763186038213
-69.38914738073699
71.85708556805238
-36.156968731747874
-82.63262207618891
-31.61464406310192
-10.49339362149911
-7.296369340179481
-39.69996292881797
-52.70957563897256
76.7826144909535
72.5402913600457
-92.05468747826053
-17.334264967960536
-82.33332669028708
88.02183643771482
-71.82118546174199
-18.239605886822275
-95.08493505020125
-30.14826590823374
-55.520391892253976
-5.069535838507264
-92.90198883352707
-47.932475095430725
-34.175555996962046
-22.4984138712218
93.53599992728894
-33.8889803759165
46.25300548897803
24.456363378046902
-95.61106718751924
26.663364022504226
87.8421450040546
-10.026622515219017
67.30872439830392
-66.16762006159593
-56.654424991331666
70.69436651420114
72.82475063081182
25.34476474903525
-12.97591645274754
-26.288157288552938
-33.06680607110408
-82.48948698375634
-69.77124244782087
-89.46023544960495
97.90814656437263
-38.097802781689616
-93.09247245536658
87.71823303102144
-98.93690964931893
-91.74484060334764
-7.902204465902727
21.22707824369992
71.93973560353245
80.06144773134639
87.56995119243533
-37.31367032950181
18.098139906147523
61.32206956248595
-64.60044643032592
-55.47313869251904
60.827719311881054
57.61350676941595
-84.47316289668296
65.00203393543788
27.615334722054527
-28.200231943540686
-91.10526832537448
15.240457082601068
78.62427689048283
20.06183042226442
11.253778746456405
93.40557937352179
-0.40514485728266436
51.77176335393318
3.2661164655383175
42.15125453678601
63.755313438669106
-40.74590709009267
-10.241761534360165
-28.30777762658252
-42.43939246794031
85.91560645079684
32.13854255974243
-63.213881137874054
-67.25466631583303
-38.28016679636088
-22.34299519003909
-31.217085516727153
-52.032427444065334
-27.59549894120326
-81.52336159333389
83.73963537167751
-41.42846335893107
-84.14356827141285
-14.926235251746277
-6.555914543492818
-60.83641547927709
86.88776609794809
14.393795021413894
1.6184404976446984
5.081614896222746
1.1900708226470442
15.809071416687104
-40.64057961352652
-17.108150858335037
11.15305227392058
37.519968550332436
76.1941066929027
-19.995897112065308
-40.19761916888876
-92.61425659210781
1.2744731202365216
-66.52245630396132
10.06573190359694
34.42427015306728
-43.98973710323703
74.89071523775232
-93.23551956715347
43.64096671728578
-90.45776030522292
-56.95832553489684
16.495056267716876
-84.15892693255039
75.33873776583434
-28.852380241616956
-23.443067165973403
-74.6922188068366
87.2449983672509
0.7918693557722065
53.92753921403647
-8.306046799949371
-36.287637802843605
-11.53727058293454
75.62000224522575
37.41063825024702
68.15446765767356
23.283249931072575
32.203996212449084
39.01961644357226
-72.02186748186168
-89.64758838535647
21.993107031442236
52.77428561381902
69.01664016017091
-8.306550044127349
14.836555621422079
79.98942584967392
-45.87316438744329
-18.16138092416581
-13.288818289996286
98.5688813470546
92.21229187448452
-62.036334673634826
-66.25083176773101
97.94993979246377
-89.33834922274397
62.14610893067592
-4.262121973664648
-85.16066095968674
-76.08831196096979
-50.9222872025989
37.340362932794875
-50.316344095847974
26.677496714812037
51.52885910419457
-21.80905971058911
-68.81869574949098
-18.329552985123982
15.49446607948471
16.06170563955598
-68.14667785292522
-81.73696471781098
41.12324629087817
12.605089215700488
-20.662546274915414
76.94033265499019
-61.170351571344185
36.178280664480724
32.89816853402755
-36.76625950930197
-19.212947574474626
-67.13102285047934
47.16146415000145
85.27955307893541
-41.621127478143016
93.77497848048247
26.86900031028702
-10.092985471089207
2.2553495083770514
10.926373021923624
32.575651944918775
-81.97008202763902
-8.614161988098076
-59.586929336497185
33.39830589673531
60.70979561056308
-81.65319589209443
80.08270465145895
-32.965683783606096
-91.79373718138544
99.51706148021654
-64.67854910943555
16.283146987637636
-48.44100957766271
99.95671999330659
95.37991306708014
42.03663226992316
-15.45033494909245
-16.950573483970118
-52.51013609362456
-58.124338033463644
-61.46393579060061
-92.50908339082073
-71.59501552145555
73.33296162060944
-43.84284289013849
-72.04116781035665
36.726530397366275
-84.27909718419353
-17.234710605315456
-11.34732023473643
7.825430735662863
-17.757977882120542
64.87882799447073
-75.12767612788424
-65.51078336071896
-75.23391132324008
48.92426424909783
8.896393483599098
-12.607769953443835
96.97471873976514
14.23657283710493
9.24730197405026
2.4933567664317167
98.94366275239386
11.413875102161981
-59.3632798252069
-69.96322791681288
55.17757969396149
81.2567369078026
58.657170838766035
-99.61737136450095
91.05669144572721
-33.9457954802796
-19.981902760239038
63.79037128752029
4.1088518576032556
-18.61543146484817
-83.18000011534193
96.97146912349524
-35.742101862432804
-7.549933625050031
-76.138947675192
-50.76939062529715
94.35461165049395
-56.50846344574527
-95.12281069634723
