-79.92676162149124
37.56229039531061
-57.59960681897602
-9.34540157085182
-37.063544464543455
-51.338443235274724
68.35552295400711
-94.73798728793474
-30.229225737688935
84.23547463775654
-63.52913296288924
-83.69769169730188
-95.57209623419432
42.74349308360371
69.34170521065869
86.75140862601293
-39.13869241053307
94.08076825438027
-80.49797333427395
90.55594070954334
8.989175976543564
-10.54995035696895
-83.04253271987696
-86.03036818080537
-78.54818360103394
84.26284545870809
52.54733757158775
-62.774477303642854
-76.91138805417282
68.20248991970342
9.057573313979134
36.186699269364254
11.25354167433197
53.81445606141273
-79.63408139020581
-68.60697878240363
-77.77960443266234
69.82157288094157
75.39043778707267
50.72436105655524
-19.69192531984774
42.82395753282188
98.68849913984235
27.8994919746997
67.95864582968264
-0.7381352697801731
-63.442049596003656
-65.25258649595017
-38.13299709319369
91.5416932385314
14.600997615344212
22.54493392746673
-36.562878438998595
-6.79777913542712
-22.206856969255043
60.8931665151008
-43.20735948966996
-65.78219705136148
-66.68131435730356
44.985128487896105
20.905441518430038
5.704279197377588
41.27441641339976
51.95714397949885
-80.8571862500054
-63.10323209487861
-28.455196540089503
19.52623272736787
71.86722892844043
31.81932103608517
-6.15584706502743
2.386573478935688
-38.45425771010746
87.31580828799753
-57.60256100437597
-2.0062974772778546
-81.5998490207994
56.933265184205226
-43.05654947038193
9.509713483599242
1.7005213931230259
-81.14825070111134
-3.3404023544512995
74.11702996041234
52.81474967017394
-90.31970753623779
-72.6640494611404
43.59678187095619
91.62643687179346
-29.71147228291254
-19.298724758798897
21.3791197529209
95.39756071116716
19.355247097980424
-17.852333063424226
5.056927850454713
87.39418824484326
78.75224499525447
20.06149959402093
28.574235787317832
12.483723236026663
-33.527968238630564
64.05946706157977
-93.17589491794966
-10.529460764627004
5.03081459117216
7.886326741992562
81.98700804011315
41.466738851711
31.721450114025657
40.18663851502518
-18.934022490968076
-9.509518823393165
-58.30700116566463
-82.81382879718868
61.62892807206336
-44.214654217697415
16.68966215439285
34.401349203940214
-1.6415239750383108
83.15035075465912
-22.602853700578393
-42.39927547709972
-38.52800097770592
23.75333999481049
-40.98205480991639
-59.36555082916713
-4.31828881239484
-65.39328942580609
73.8120065469268
-15.54205566324545
85.29356130001565
88.75198239201393
56.933327868448515
-11.216291816666498
93.09609140023034
-49.40971865893986
-12.453910923602152
-33.744983134336735
15.015815642332427
40.58628456067282
-62.405687461722145
-85.23442854885647
3.6819782703288126
-21.399341178919997
-92.71186820993351
56.05250193565928
89.8968405838589
-22.59612542169087
-21.315629357438496
5.94840064164697
44.207340656094544
-5.180729863765563
94.82054189733043
1.9628903266486901
61.38082041142874
-22.60295182828986
-52.84013970935515
50.04752831389783
2.9520062540847647
-78.32653699139165
-3.066342475875601
-23.366478435445103
15.165360250285076
53.846586645430165
-83.83213841459886
2.879360569431924
97.3716620688046
-0.2863187261141604
90.83617380506473
63.17418631228364
-66.82928828572994
41.288121998277774
-64.26379106964777
36.06500019364728
-95.94644750652076
-98.70120779762827
-18.579613937603796
-19.686483897949515
-29.820468397725136
-96.07660807917773
74.23741975533818
18.117090649431944
-66.21415951385723
-6.32427286960187
28.625294430997656
-79.15118796581262
31.366381525747386
-6.333951107063186
22.41537053955642
-88.16973149952963
-71.39136643011395
38.83929295522947
-52.50243360054745
-6.542181464903777
-83.87469575754417
-99.34087664001171
19.700983412341174
-27.787955691708802
-24.15159406155611
77.09166878817032
56.41381437439955
70.37514869967148
62.40372596982098
52.14422360088534
-52.01157935038234
7.216915721811375
-23.29069816421861
-96.17852524939947
-99.96072408250679
81.28743814832171
11.614773445040242
-65.2505237758887
33.93977793796208
-96.0912211385913
75.71278275345094
-2.5404891068112647
56.37593324301912
0.1637471572681477
96.26924624983681
49.12383749625374
-88.70440245803839
52.99194866532943
55.80811267143494
-8.183006193091074
-48.024837116601745
9.741103333561867
8.725679625421122
59.22899996474669
-28.01826756516361
-44.795918141817914
18.98258858775054
94.26348595791936
-6.19700455952588
45.69967133802416
-65.77110136967461
26.306822594855618
19.860486432453854
13.741286855169704
70.59894799074178
-88.59938292570591
-7.712597631186654
50.89065909996532
77.60939056448964
78.6627039509851
20.834285884190805
23.861349061427987
-56.85635636758879
95.58862522180146
-93.59318165470944
60.49331351175468
-30.69209377672992
-43.969850202965354
-87.03225139361487
-40.42777370392143
-14.252971032871969
-62.57990209693916
45.09138909208744
67.20108297927322
-80.2416154972931
-83.51156790925259
30.015467069596838
-6.331133826237405
-65.170083094277
-25.012876433157842
-74.62592567950014
56.015630105756486
-8.283907637245733
92.58976772703801
58.552482906612255
-6.925585567193693
51.223533555140676
50.772037398098945
-79.76173347888991
12.325880106358127
-39.341251053810055
-91.25465716358536
2.8014771523848623
-41.68520650266372
97.97667159725057
52.65760109807729
-58.133890405022726
-18.95530488002825
63.314413227391185
28.510228634941626
7.131540541464517
7.526636196441942
78.78155689767746
-90.07319597324346
43.29924892325562
77.36183562469802
-46.146508880195405
50.79152948117144
-63.81183382683086
-27.650489470344652
-36.56108082163099
50.96035179743771
5.940838952328576
-61.07468945524281
57.27710909055219
-41.074358097729124
-31.86741710165579
27.41918144436272
-22.610149986246796
-61.26319864302627
27.59928765625324
-35.556357118759706
-31.305013744653735
-95.58547850546826
96.92734402366992
3.238841807938627
29.644958011569685
79.60539276401394
52.95563054944364
33.7567746386639
-5.759287833783745
97.5488585226438
-57.32290803199367
91.02566961028583
-22.864310487489632
-52.36489957001809
-36.85907392963943
12.872859010061546
-11.765511796988392
-34.14664545888073
-56.28214697451368
58.197159822294395
-49.3950899088287
-13.806255910378937
98.56261286168805
-51.51557031302112
-49.055715300651094
-25.037701218091428
27.625392089303276
-68.68876579030186
19.56288932933394
80.45238705869744
50.66344535146442
64.86250267186966
-6.013762183668376
-14.91591230768978
-42.697789587709735
-89.74204563804858
95.52054967681804
29.377221167305635
81.22954368259809
-26.99737710505059
-80.54043473436067
-26.37004427000069
-20.741556029453264
-68.75219227842749
-43.53845918532831
34.59726062875876
-72.35300466115541
-75.54589706950892
-39.32126238764837
-58.556685602473046
90.23786238829922
-46.669457790144996
25.10961336128794
-23.083587300755454
-27.55263154278373
-10.654661805079016
-74.57027027300418
-19.20667713456561
-4.259344551423823
70.47906554362191
63.96095044242031
25.978422884081482
87.37247849818047
49.21546863253752
-41.24962359957889
86.53693085752846
84.283345611474
76.80369999035256
-25.736157228502734
84.4624522413825
34.49262361940444
-35.760467472873984
-66.41234723398186
0.7851106426419108
-93.59946043115532
7.7370168161561566
68.52973026372663
26.793109242081798
-23.869725009740492
-29.346818962518114
79.22653961593772
-42.68913805627812
-15.917471524743362
-18.976070653746177
64.13756029071888
-79.38950327853101
62.759793060360465
-76.42147973849913
-16.44389038967033
25.71815869644074
-82.88875092185069
31.71938549938116
-29.68362547308459
-84.26015524345215
-69.93082637422685
54.04883148258429
-73.31752215926099
-54.97969654138801
-2.127707454728764
-73.45108947696897
-60.40580996534894
28.565960049392487
-72.69464278532695
95.17839609407895
56.46339463455158
65.14689149280778
-94.04721114749479
47.87770768430016
78.59778831710301
-77.99375731844634
42.692001582965815
-7.842568490681785
-58.50758817197232
62.48336647982177
77.11709626346723
-92.40589729470636
20.81191035326286
-22.572141372630128
-32.0621721736309
88.5364447757216
-30.4965092426618
-92.96953620510064
-68.3928158416791
68.91219033363888
24.91463369728848
-81.87164247063068
-94.30580206848515
-11.494245655776439
78.7363283328659
-38.409320191748876
25.936722363398587
88.86301016119174
34.87338966945467
-24.29748819962552
-43.2350005142673
-58.27872548734183
-83.26036640550971
-47.45547114845916
27.501953747201995
-41.50615836404488
-82.78316587451368
11.143822063170745
-87.95952079686411
59.11119948350748
92.97328567637518
-98.71813012429271
-30.736857249165126
-38.49575822523621
79.79920494730212
-71.45748168086898
38.059305487090455
35.21414154650523
99.36313102689701
87.11872691890264
-70.20386511124272
-12.485416926885435
93.90275399874994
-8.519939319025482
85.00247053243913
8.444904709823177
-42.226637221583395
-13.81446165495899
30.17909859918572
73.53235093058939
-50.67615576455915
-18.018723122059455
10.03432886477249
68.52461493546872
2.014130970390312
40.71842210106021
50.060278884154826
-59.88266875392456
6.724118308526599
-13.714497078957024
5.2699399441269605
56.15198683796575
84.95223952472423
-88.76357304895637
-98.8569356378255
-16.7438525908795
62.47138265507428
67.11452136501956
-69.25113716352902
-26.600496845208085
-1.8577750485774658
55.366607826742666
82.43886837522095
65.39106657176967
46.97747584943036
-16.182996344359807
-18.129199984599964
-19.125630589550042
-12.405405376451256
37.658609026981594
-25.30906026971367
-46.03167995818076
-63.781159123238496
-91.733455756234
10.12028725724032
55.400529201560346
49.452834614141324
60.144233071073586
2.3538134153473464
-48.2466977354852
-17.783324623815332
52.511277345255564
73.807246148687
93.96888281055823
-12.00558180262503
83.25061631757254
92.78620375493668
85.71918299894787
-36.12564423858737
-52.529508709916726
78.49566844785477
95.64225388552191
97.56085574928284
-61.88428945207776
-31.4679893661244
49.48441763052793
-3.976562499955236
20.158308950171204
-49.782470795593305
-10.357969489718329
52.55154765515627
73.40614971041458
39.64450894751306
31.72794482587088
-87.04238133575018
-73.97405462129854
8.123757919562436
-25.76532315522799
-26.23096026980842
-91.03492148689547
-9.390980470368277
46.16992761389244
79.8217353217484
35.91979484667334
52.66967288493984
-47.21570450040291
-61.905878161734584
-71.69846472044284
-45.657133089804724
81.79084145474627
32.14784195260225
-19.531596309736116
45.76548124594865
4.4976237350459485
88.18701230793471
-37.76174850867502
12.179198793239522
-39.56695490574731
20.920312378913138
-1.4746167804361647
-23.37422244532314
-12.420718523862064
49.09246902854494
-76.36798791660098
-22.081108844669913
-41.87070068489203
21.944261028427903
-9.158569928080155
6.84597940260096
36.204069979432205
-54.86563359967549
29.973593921768952
45.69917788241804
7.2617531344301085
-85.96678691340375
-83.16979674255447
-35.845780514991475
-2.9662873359379063
-30.166257473033113
9.480789975898915
88.43897963764044
72.13131867758625
-72.20349144722562
-73.98385105997747
-86.27555432951617
81.04971666243685
17.006667065060086
-16.612580168545605
-12.851176171977002
4.953202147797285
42.21081654122207
20.972472361334553
7.347441572356274
3.494375989109784
86.49427771865871
-5.518114784341904
27.166298624939472
-95.33281030755556
-50.69518493493259
-10.22819862769127
78.62234795153907
90.29464155648583
-39.01947342253285
7.271667318645598
-60.71394451300078
-83.82986227878544
31.92058205347709
-81.69614477940274
-61.417994051157066
-3.4886518400991946
49.17843303689497
73.15447742499063
-62.51054696311047
58.63259931760231
-5.520170274435699
-17.307438013768433
-2.577836923259497
36.06617679229595
66.28209100689054
32.87829975741806
49.48633014581466
4.931059036619985
-88.098704351694
9.198633179843057
7.242457521011133
38.61725025178481
30.278846969627807
35.83196106150791
53.148839619538194
-33.099313953694164
-61.72315739307086
-14.065452217943289
15.54204177006622
76.02140839271033
71.58601664999108
20.892587667372524
45.990573754244366
-19.288966945053488
-24.57811254173403
19.290054573126042
-7.336524089568158
-76.48050673249027
96.52041557899162
-22.96808248252779
9.896668941762172
79.1815218950961
-55.57648529559369
-67.50299825162102
-9.750030488303295
-64.28430620112707
-48.53917942324686
-24.244160863722726
-72.65754271002208
-36.74995224644568
-25.328805507498302
-29.90149093313093
62.1873644732801
17.13686468284334
-67.72652244016166
74.36805684552465
85.65846266512733
-11.802885967295623
88.33049685061317
-69.68316791643836
92.58247561287885
-91.12490331304002
-96.97253382987039
-72.21959312042894
65.71769461772502
-79.57324336772382
53.844057638422754
-81.30819781913318
-11.985485940055725
11.500763251095677
90.59004425075415
-1.397522613697035
12.531426964006712
-78.2551911080782
-56.70092882356763
-93.463494125377
88.18186404603367
-87.41580620663126
62.003854757865525
-55.1590293478059
-39.91483629186576
56.211855388016374
87.23661475047172
-68.77270722660656
55.01186178201368
16.5109151138997
-41.16547380522056
-49.79087233140669
30.395819560157577
-99.86735910652243
-39.87118547918023
-26.040636477806572
29.10059476223958
11.127340340736765
-90.00831199750603
8.68052911587796
33.11814589299959
76.81249273415625
-80.52233012670816
35.079234699978144
-95.49597106802878
5.9659298089738115
-53.929785774681434
-79.46794358296769
-46.73654186919962
-51.458011803450574
48.018887832049955
-51.75375664961259
74.12760319813
93.07138513878937
95.33817926957155
99.22092743008653
26.132021129961757
-35.13748740090057
-97.82352856470324
55.61361937729242
-21.90978648141308
-49.598749637826465
-82.63852532334049
78.96953522677265
86.97597994126227
36.72516178495607
35.92326945427152
55.884134204706385
-94.54321066876474
81.37629145984556
-50.77323649314154
8.714077349198178
-13.136706954330919
2.764365712525489
38.756490706184024
28.603292133461338
-38.34174307661284
-1.4107804303863531
-88.63452238729535
-61.217624351878676
6.33784241173278
82.815549085388
89.57565810397924
-62.13799351170395
11.792302031679341
-25.792505531353356
79.94083807089169
-61.13335665300554
-13.677410959239708
-10.498971749976477
-19.844932721219095
29.06526883969579
-87.7603597047282
-17.81434260530756
8.858454138682959
-4.013976368412983
0.026616745572184186
39.127109769408605
40.96064904220387
40.63762558338536
-35.24192462214748
27.099788293392052
25.78969966256865
92.39825694048241
60.5669208426267
26.31976176436686
87.44642951138081
42.8592970603986
-85.9266452867415
-34.52137765523784
81.45454913948512
40.419239419683606
93.52153035626759
36.43178995614642
97.35843780957381
-27.80330068341341
-50.72137764854674
-91.09707305694423
-52.66744109576664
-59.88308882224285
-59.5275806015255
0.14074768152285344
-21.49196486843998
-13.360483814016774
55.45917887136099
-6.751680761002149
15.261831322063173
77.11013198787492
-69.4410263154715
-54.391375999654535
63.96336197178937
36.30838274302391
48.06602496242664
-44.356428572187845
29.380922892766677
-78.44549858965132
-72.79493703861974
-21.993290437288465
-37.446749013449065
-72.29953563727602
8.669385526493585
73.94671990656269
14.189819359825151
-95.03827089305688
84.13557472199636
8.687613387889527
-2.9404587199552026
66.23019539150297
-94.38964569938928
51.49153865499076
48.7512877536266
81.87802050594794
71.11325380917864
25.36663491786055
0.44523906356459975
20.948886435110154
-89.94613071386242
-87.25594692434842
-26.116177653761355
94.08938550670999
96.72650194957379
54.25233469274548
95.68224839843509
-46.14475094406405
-73.25990191975438
83.56555257202726
96.15615703394715
-21.893436800819856
16.570563662757237
-61.58718067304987
-31.543241663064123
-89.00154222500589
98.1149085506334
-53.93631483398658
19.751897347805254
38.75120946616556
-21.79059296809325
-53.085901300995396
15.739216855242688
1.8835448062062312
94.92660373045695
0.9969324466145224
-84.39096476082
2.001842112986864
-75.86099846132939
-59.964014613270365
-73.6614861884108
45.66954989555768
-52.35793031364005
-86.28452979796042
23.34712878975904
16.9838816212651
-82.69222691082341
-71.84104608256041
96.90913016282985
-25.186363143385478
89.35277600369298
-84.91255662001005
37.97675460935358
60.53293561183153
15.822668176515847
-85.6826227436815
35.83417549236759
11.744833161557807
78.41855321388257
-31.118187727789163
79.09668445631542
62.01392227235044
-36.477230877630376
-80.19489471662524
63.512844470352206
54.088216079493776
-27.598283465657076
-3.951169962557259
-53.72552319997066
54.811744163425146
4.212496643178909
72.53922244655416
86.68358826685218
-56.40109170419463
68.34834415904993
24.40946620659173
-22.424895246973577
16.393591970644422
-14.240925244286217
87.09076920357398
-30.214024824556148
77.64335912508517
-89.36846852853995
-87.7283417923548
-8.056606871779692
10.123314856417181
77.02689142839426
71.76903177880908
-57.20991312401556
15.229789643565923
-91.46481101169749
61.9885703963044
-30.188723745075734
85.64308153939405
-4.518583210136114
-92.41067725007484
-47.023822962937075
7.638336750175867
-70.91537140127056
-13.00791341713024
41.17895087603375
-36.366370495298824
98.08043087371564
-49.16444718382238
54.26088077465272
-8.096383128727894
59.95827810737825
45.25331995468838
-67.56893073468487
-61.650249388383216
-35.93153238967585
-93.55161804632046
69.19886520092285
-70.97159567086473
41.359220530349944
-75.72955730600361
92.45771812794425
-40.77232097599215
-0.3861288875318678
-84.52678000403924
12.42657395101645
16.63149057470538
-42.33705700940305
39.54980759337113
62.942181028036
3.6080295781346194
63.59227206176172
-59.42364007024481
11.90372126822605
-67.04056717980612
91.50477465818719
-29.656183431942225
15.25282866489799
-95.17641120848177
27.816514565542747
29.4413165407274
-22.23943351122645
-26.825627063151813
-95.84984833063162
73.75097777205497
-2.3484882401230323
94.32869723640468
67.97980583960859
-22.386009011428825
-35.500623657257634
-60.38206851061951
33.55730536229663
53.618200224171886
-89.27292452638235
88.99130557836077
-93.36590005900322
-47.2979008537429
-12.797114725286775
43.8580308363515
32.86140170560793
6.406105464684742
71.18440276106679
73.47562911427735
87.46428276093562
-33.970851928523444
-27.207965752032038
88.53492055096984
71.02864913415002
33.7512863761915
77.23815113244868
-67.76678479593774
64.05301914654873
-92.73630683270888
-50.690684598228366
-19.36298955224933
60.932960977424386
45.35636399939807
92.21887621315037
56.07456645572003
-24.896905430566946
94.63078032275476
-42.069779923093485
-55.86114343551398
-97.60822798544153
-44.76096206818592
-57.175381658872794
-33.23092781213393
-70.06340742661949
61.781263975187045
-78.10730400684058
-27.465921337872174
9.259048716982392
-46.387866177736605
33.38058056264356
-79.85643171165908
-51.01770026311445
50.24783675700135
-63.70762670065431
