-28.005779292038113
13.559633725403458
54.54723514690116
-54.53326032209161
-63.297774636092896
6.310490494047599
68.30459227677926
36.855309312397935
54.357603650476534
-10.805305872554499
-73.60908124676892
-75.7121937947493
54.1098014812884
-30.345040562134827
-92.43232489253326
-73.33799606841778
-22.731076918952155
-42.70921250453923
-65.34480995960077
42.0885095288202
64.61721245495303
11.579759862243137
-49.945433103117544
-27.491649012059895
-24.423104880757123
-61.71794147545609
-59.950443100063296
-83.84748749055308
-55.59164929108198
-48.85920696605015
-56.96986586920154
-71.17963181647681
48.92232713907646
-95.37458189834784
50.08966412696415
18.826171346980942
51.88533821481974
16.038800403818684
37.18892634153653
-86.90009892468504
94.19074666573758
44.87672480482104
-93.49111033261677
66.11643982132242
77.67402022903332
-41.5419224869983
51.67058162435171
45.21940165729538
-22.962357083545896
-16.32466774300258
74.96374772007897
-87.19372469607704
-28.766469330858186
-1.473872075229238
77.66467432018584
14.46233113237463
-54.26766521460333
-63.556414672567385
-70.88507532728042
-97.13062029261192
41.84895731762853
-93.89862374853297
-99.79286481452341
65.63220279289342
51.973005684056005
-90.59035954186739
-25.968747321845754
-10.427824166221427
-77.70020363803532
33.26891440350559
39.49632649262159
-11.983761006842116
14.172766811666037
73.08841469565601
93.39531385442376
-35.00105997820377
-90.82670684868219
-99.1372186726053
22.4293561736485
71.01089535697179
36.670467085169804
22.723430838019425
-4.100069882189359
2.292182421565059
-24.648502127294947
-53.04681029690605
49.721519318399174
33.91349370775791
90.865965658877
47.70386920318225
-54.42868322624166
-75.17940921972107
-56.80593874931701
-89.80385063542558
24.845928035306386
-27.456908688845687
39.57264425970172
95.54013712280101
-32.900756586724896
50.68467396933849
-29.590382084900412
-2.029821371474739
98.50561941370646
64.97417443146244
34.70324126945749
33.32063709949847
-40.59759746199924
62.27646884592755
-85.67562361422725
97.93920725747762
-77.30469258342436
83.80837117261524
7.922168183304194
9.068620162028822
83.91342019683407
37.226980807697316
-55.40582132997996
-37.0505364255701
2.3475245819201973
-32.72688038399181
83.94324091960672
-17.660752972504824
86.87452065340258
36.706792154634314
-33.23225877103684
52.21087490914911
52.12760534396591
-70.85640091816097
1.6289103704073966
21.41745600164404
24.75869565815276
62.41080645371068
-68.62909969356134
-98.24421401480656
-76.13255791258047
92.61514397497606
53.369126758215
95.79069030228996
25.4788374744642
-83.6430100744697
-2.000744865016628
-72.5981661752863
-42.85546456598783
-71.56614726429768
99.33928424904008
52.62381309668078
-48.64197649275679
-61.258938352282534
54.91349997076301
-70.36278280075723
87.6127097504475
-49.28922796856947
58.548682496743055
47.449843787067124
-91.7006271550685
89.9157150914568
-65.48941938534863
98.7065746089605
-13.176817958871439
31.521487058411736
51.60119992595659
-62.78550448813493
11.987779011630067
60.496148149341934
-69.66375494219723
-52.039779478480796
-91.2017025940382
-81.33119190697442
-25.851369745588087
-35.29205914994165
9.001063367266852
-85.19297390704561
-63.3280694309043
80.7804642771408
-59.37911340393573
-50.32060178401798
79.51684014216099
98.52809488172863
18.367043365933114
-5.773232694604573
-8.349731527784641
48.06307802465895
84.07283113359517
-11.229956279277516
-43.450677766365466
82.91173693284699
-98.23463047945427
-47.15455641080346
-89.87457272441512
-34.99376168424433
-69.25146816242187
83.78367886200351
-72.58882340162727
27.501148235788932
50.95322330004302
26.896311193460676
-57.12613112653129
73.32624984907079
40.355759179382915
-99.65719210602944
-55.094267148149754
-70.72907832224895
15.714614272236815
95.11386587409916
-49.38542782065871
41.42897826144028
90.10147642683734
-36.0437663695137
85.82504198626276
-15.596464547478988
94.53227157374741
90.73375672046697
44.95183410443852
-10.704447155542482
-21.574795583601798
5.251056941627752
60.40827640926301
-82.25047811510919
-8.383045133112262
24.92140636179691
56.560836357928025
26.004072244493443
-32.89325046965712
-41.37477953585291
-25.238891082702082
-19.06737470401137
81.12711099452866
-98.09274072425416
-76.89872500357468
-23.255725841167745
89.79198332006158
-48.49816065268286
56.91586702509224
-73.34939766746265
-72.34156715638929
-36.74230604593684
55.697372493106826
36.74561151451297
-77.90036706771309
58.52535898590244
-56.45633853042349
-33.58662474280317
66.14062350889009
-44.75051174258986
19.50352073152777
-41.88656411457641
-84.60270534529901
85.06520527457678
2.760989853236424
-89.35772217054362
21.60801522657043
3.9271719285915765
94.28565399551573
-84.72906027463463
-78.3276515993143
-70.49808468203018
34.25549374025127
-31.05052839693556
2.893538226482235
22.62699112549045
-47.094904685774885
9.58863706133701
-61.180076595627916
-85.07077643025256
-63.6238968915591
57.67291013301028
29.26330007212684
-35.64461352961578
37.5424366237595
-49.45415249175697
-5.25136099865307
74.45590232286213
63.50265428062934
2.328135987134644
-32.98184553113677
-53.85153039947854
-80.4788435257894
-67.31739938210364
47.942795423805364
71.7325801120634
24.30809954045236
32.41135785780668
51.87237846325411
-98.44992493416265
83.76280164767635
-83.97127321141755
19.095715776964624
1.4468811973865883
88.52854543895398
-21.5691447522736
-79.71848204281535
87.79839025133111
-57.70871392828487
-90.3586487697889
78.11674578869915
-60.541920788112535
-73.17518784211626
46.67019224115438
-44.32462364455958
-36.072954512343955
10.334197645093155
42.690404623512535
79.9331322663661
22.304337647606005
47.96731093068726
6.344245073676618
12.759535355764086
89.62297413921917
-98.15597821158681
-37.498814972425265
-19.56698851522158
68.9685581607599
18.893127474921272
-15.282003350187239
-37.1793709709167
-26.751914426839903
-39.41720104623543
-64.45154883340399
-57.14801707888155
93.019938318544
66.3455612137364
12.194631396601778
-43.960171647503124
59.2823453005615
-41.74896923333791
51.91886975976959
-75.35902213421741
72.19230394956446
-76.73239739114294
59.79504543811632
-99.05738156970773
73.75765364631707
-92.1084161889812
-14.153665114493052
3.8139139348893707
-53.62708017790696
4.320117531071091
63.64355444316001
26.30279767942841
-2.773924062521459
-80.57427818698298
-69.86830169361846
20.054381198209526
-75.53758958268138
-56.79492026705453
-50.538040255878734
-48.65601504568622
56.88517603204542
-32.0732108622403
50.45271507104073
1.0485073165631889
65.99766738914872
-65.17862470380283
-73.63621246332808
-25.24377622083756
34.7989625335764
69.91608742212301
-4.744173707752637
92.07697199375971
-66.93993845981115
73.17994199436825
-44.794758514350306
-97.47276308197188
84.99515361091227
-88.83181569817404
-0.5037070869893086
-25.349460630201776
12.892196861102036
-50.27665363898497
61.913157612760955
-18.77106268994197
-46.97899430436379
-35.3599234657559
72.86909003604566
-7.747814604894359
-53.27915994672823
-31.149433709258048
28.3255180900168
-56.670958830699504
83.1954306708879
-17.624092511164875
95.3218645991654
26.821416803658053
-54.801774567143504
-43.580548816746486
4.226053015027517
-43.75838735496984
-0.3071339484672393
65.1771952482004
2.9393828060667175
49.98739908079389
9.149147927948647
-7.593401849056718
-40.198691012546696
80.95484018076434
44.3244861929922
-70.77803144734698
-14.899654472967839
-75.16858490910107
74.85741195859578
-55.38354505946983
-70.66581602719162
62.1327509114013
-60.7711783797263
-37.309495724172635
-13.59206613571719
70.45993958124154
1.7834446044367098
42.99881205380174
-81.58912711623631
81.13501738673958
-1.8984806391619884
-1.8879518130604538
44.81827905021595
22.93892115295499
83.30016855611171
-34.117503285908455
57.069327632297274
-4.752178727590547
-74.01102041474962
46.12100303305985
68.38475281538152
-51.37212465227172
69.04040378597094
-6.12756560328161
56.297456683573756
99.19856765120386
53.335181406404274
70.2204580242053
-40.49040450863106
41.43439980396158
-23.025877644947215
87.41553600494322
37.266834149817925
-79.22915419367966
-18.63446006463343
13.091404299781104
75.59061306329102
-1.4880783090227538
44.26136305670468
2.915001096948373
59.959180244113554
48.44319955368442
-93.59481098852784
0.3162676658729566
-20.435485128719336
74.49664876971534
-91.88411027499224
58.73992091607002
-90.57166835834143
19.530975790023476
-62.60565284008324
34.153834007530065
15.447990832726148
94.63097082728831
24.561435231907552
89.49148766938487
91.83800617459605
-10.921864810791007
-39.914937652087154
-65.19710884806221
17.75664292187666
-20.045762027863873
-60.087314910009425
-27.538078114227233
-35.1214628904692
-50.65304054722144
86.83006780891353
70.17558436039113
81.844829868517
-11.528279379999276
-48.185172734945155
77.32980529216127
21.205491484497216
-54.141174051673715
81.36576545778459
-63.007935753928756
-73.58014224606062
10.702308119049306
-9.649658480268684
-29.13421926385371
34.6863035840143
-3.661574872918422
29.89732259286714
-52.745642633559896
56.18409724636223
14.575477898575699
-80.98912655990699
-9.556024866864178
-12.868981862850063
97.47392248408565
70.13064781947304
18.18534716676028
-27.690776551744193
47.71295209770372
-42.425259656141876
-41.37165734284398
22.592049741292783
43.602518031882
-45.50814459410344
85.53820167762854
2.9127063138846268
-29.98285799713321
-91.38310694190588
-52.7331903643633
-6.821779910704137
-41.803154062449856
90.75420476008924
76.32507022253739
-25.890425677273356
83.17215972637055
1.4458623858687503
-74.91652287279877
72.96529204960959
14.694550894799036
-11.174510578639413
33.004867626654004
88.94324524464815
21.621833180441953
61.26795877244976
95.64539708785443
-52.20179618669572
-62.802444299591386
87.25711586280568
-39.44546864840244
27.27973007888835
-4.351986754251243
99.76937066926473
69.44382800925689
-47.77850664743302
16.118582786689785
47.811814719487415
32.95009682945067
6.305914264982036
-48.44072121461043
52.88293037008498
93.5326367500846
-76.90514654898678
2.7615003479897666
33.92271829217307
-39.562289292986975
54.800662067356
-80.58515620302202
97.66378902614184
94.79756823258421
-83.10658525296546
-65.84791133846537
-51.39703044444901
70.56098139872267
-58.61452163422194
98.10357441184036
-24.223837041688952
71.22036718561907
-74.41212434379459
-37.26571022914587
-83.71850930627329
61.578608077307024
-85.90457193122378
-31.639601950244042
79.61873513510395
75.68703306504793
20.586922227084287
-33.308291204052836
53.99844261675187
-21.25165605784798
44.75413365570151
-66.71292814176329
-19.96132190041797
24.391231044891
23.341603424983887
62.31472145455567
-45.36684235057018
86.15354272987389
17.197012755258996
66.99800791159981
28.808103329883266
50.23476458272219
98.64582022116886
86.769979805015
-27.370962428208117
42.90966503371146
21.273913515465466
57.65727376480899
-3.4140272437934556
61.9637525241406
-13.464290292668665
-33.447356139634806
15.054027024530953
-20.111248012091053
50.72452463808983
5.97311594448891
11.150358946238697
70.46237918430413
88.42974823056736
-30.23377493344583
-90.89898630377746
-79.16687804233845
-78.63904709265061
88.40083770058166
-41.98592293554624
-49.39322890209243
-23.289843181368994
-17.70793644459681
-36.83216100366915
18.39004546163669
53.73044941950195
-37.00431788067928
45.660196206482254
27.671763208564414
34.80399762774442
-64.0835605901043
-97.27967407019749
68.0643344695666
-41.7604655799592
-66.00740476564798
47.35821358588066
-59.26987172666187
94.09427162555798
-33.307948938846366
-34.88934973091715
68.10974751537742
12.184000969168324
8.394316116627266
82.99797063588301
-66.46688885920491
2.4113385630054154
-94.6714098748358
-77.51354388844487
-37.17694550570052
9.187858538039364
-98.88714710283904
-7.355262842040602
-59.22338270010121
-68.70628990896603
-28.04881465777258
25.914614656042502
53.765381327156945
64.31419471287964
71.81060761322081
21.696363560524176
-19.88016029377782
-5.261445577256566
-30.628722062352566
-29.945938833848658
-21.607905500255015
-83.15157156920594
-29.017901863784417
28.754320837630218
22.502499409482454
81.96953450621419
46.44101207308188
48.10896036433317
58.89585025957837
-45.025548040305516
93.22647379837764
67.19633068662856
83.44361929945686
-26.27384696714185
37.99578460692652
59.90661834758407
-4.50789475439268
12.952643495004097
-8.045224228822818
-39.017043172820905
82.24208501576788
-17.986965729939726
1.2476100228538485
-38.29543662382066
-12.301678702097234
86.26515467528233
-53.905951818467734
16.00038459082276
19.87652976351022
-27.952076518347596
1.6350733767904018
2.310459933859647
54.3763988449127
-88.36483614764437
10.503531238913638
-15.32569385247588
-94.83956319949623
79.60789858298216
-60.90940853131301
87.15085676380824
-5.020704273731866
18.103156715933608
67.53652116775126
-43.40941664887632
-26.612823948573492
-72.56664804127067
26.109994285612956
-84.4784995313197
29.27091350095091
-88.02930161340525
42.91300683412584
-90.537865492686
-53.01779022034188
-21.967743541983452
89.43173407809849
-82.54725593739781
-72.99335678683107
-94.50250837347691
-18.776068776841257
-0.6771805142878691
-59.677581744117234
90.02277781853252
-4.800421365348768
33.24566424505028
-61.419384835318965
71.99745264691302
69.76364792761797
61.564814607763964
-78.8728323507049
25.764177371419734
51.10803666447873
-54.5423094990237
10.174393310571418
9.696910850066857
-92.95433996426914
-23.34510434390357
83.07370483717864
18.09244445939899
-34.820461811597724
38.475215868282845
-57.89830904880433
-90.03804420763723
-96.20422666194115
18.887425751978355
-31.164069487916393
-94.97114302805502
-8.933614583146124
65.09600207504988
23.14509857707783
82.39501400059413
56.94139613674989
55.330115721186445
48.889715790115304
-95.12237791766249
93.81862600017516
88.08989217613947
44.269650492903594
-64.85174140597579
-51.24937571944241
56.935716666477816
-99.5082583558832
81.99099305478092
63.997895555130924
-86.07875192142352
47.2877194070507
-78.65071973009698
88.35167367359625
-75.7508318923845
96.08855232214304
-79.54177196909562
29.114585843909737
-70.86927106107773
81.47838889207353
41.82435562660868
-47.27917231288119
-78.87248696501929
46.29871864994135
17.776253162638284
77.60401714462489
55.38202388698568
-0.3167040942979753
-75.22341556851174
4.246060042290949
51.366804036818735
7.996172644922979
96.58081651614262
66.63684762187182
-22.947776013533712
-27.966165901460954
11.758252265448604
-50.43784120271435
13.770040982947378
34.641362914120975
56.9133901212673
-63.515612546408875
-41.04587264300194
37.677291410256146
18.33264435921305
69.40922127341747
-72.7140372556448
15.889629735328882
95.88593812123068
1.6094481956767481
-6.836292784211523
-17.184030910570456
-74.13298215806377
59.007173709708326
88.61977727298549
-1.730552667244794
-60.63834712474056
-88.28006969353352
8.321873708715756
88.39898294214169
65.07312670327258
32.136323110677125
-54.42744904066738
-71.14177837233663
19.621386181741613
35.146686592880656
-65.51229360439304
78.90965879671097
-21.587887712637396
-80.35255117865498
-75.11587157084051
-66.58929017132044
8.132103477432494
72.16997477103524
14.977695863148384
51.850621671490586
-72.97042907015425
-43.989441842016696
-99.81089322426465
-58.208699626959245
-83.58874901792541
-72.64369796371173
-12.332625129855884
78.69953566043597
-27.05910792379052
-67.92758675554471
-81.89030282097227
-46.501571745089954
68.68556601565288
-22.448921188121858
-15.375456339407108
7.276951951802133
-8.887700793101303
-2.899556554345523
-52.146342525822064
-9.574584777464182
90.59835969714717
15.384242519226277
55.64213755280858
-81.7935479789748
70.52269065120856
38.917362249829324
-10.549795317172595
27.61405656062341
-75.80650465470889
-63.4827678227009
57.39278875525562
-28.306160138041776
69.63386984760015
-13.753577474195325
50.51060011445503
38.052051482602366
-13.729362343749301
87.83645593157667
91.76471978340012
45.36294189510025
-48.48983984718773
73.6731828739486
32.86726072151879
67.03737242671505
32.84313536035933
-96.41843267210469
-71.14019831509057
-49.27751385673971
36.010631652332705
73.79768531379426
-31.516534425323954
36.14183363198208
-44.2628590791285
68.51929065453058
34.92173615861819
29.289126301659195
36.843624464289405
-27.86759009462388
76.44683206241979
-5.246863143312552
17.985982335983437
-61.96757303760052
-73.81114580181398
11.375306441842909
-64.68471213505156
97.10730191754772
-6.635384121509077
65.67888884222742
13.828883215472302
56.15599415294329
71.4047964998044
7.878852520567989
-36.42997156492909
-97.07486432047143
-79.15304869889684
-55.33476813170479
-84.26583845541504
5.040370646541703
-39.19052123720972
66.02504262450793
16.148598721416434
-29.14444463539772
-83.16411969694204
9.475485047302357
15.324662584448049
-76.11218204061055
-25.007091148403887
-2.229652696609591
35.42922902346291
-63.351752641827844
7.242179507783192
23.04267719431145
89.06529031589938
24.240375562159883
27.78097846853855
-41.51221866382506
-59.761174826022035
-78.88201992651689
-22.00085261264529
78.6638597997333
-36.64972446172341
96.36342750225558
39.58728508393037
-88.35593453611033
-18.636784026013558
88.2320236984952
-79.43670844767541
50.26122439610421
14.497671002170705
76.596227344901
69.17678910593571
73.94117824526779
17.80541008994068
12.850712454921691
-47.432932302582785
36.50344164939122
55.84263238580564
-87.71077835111953
-7.063099028416843
-59.38915257123332
-45.216698556628955
20.049449525295856
-44.797630364544936
-8.2708798513424
-78.69612270710897
17.53523113860966
79.65054111488655
-28.235969272215698
-9.783758206004748
84.03573792864867
-51.05588006630091
-89.4159163105936
36.9556218407607
60.19768495802896
-73.2258766893016
-33.173788791157975
-14.260807748597387
-50.76945959506916
30.417751761644354
92.63551092948222
98.95806045632676
-34.08399151034888
-24.79623979964356
93.94666605152239
89.72754282716565
49.29798343815398
87.67045500952153
-48.139268305096714
56.72527804427423
-77.34929431466628
-99.8013626302644
65.8679348993079
-71.76727182051141
-11.412671445151432
-14.888976213516301
95.32844553765628
-51.34036420153292
28.41696885368458
-56.615803470277235
-13.406506911992238
-74.46495939108772
-55.55273141051915
97.92480433292127
1.9521936115817482
-24.061022498221746
-34.63025340909782
-16.346760341574054
-79.31420813689903
47.398878972102665
-23.480669504069567
65.98478029168527
65.08526039759838
88.42997803862681
-14.400242709796757
-39.604467626118534
-10.755285545166473
32.627901532555825
-79.01129816495953
12.953355816032627
-55.777191360700385
84.11561085315361
39.31856096481587
-34.66231601243362
21.8610737392882
-92.24475974860505
-76.71469770571677
-78.85063291698788
