15.707004774900184
77.45139875635536
-80.03550994791289
-87.32483164520026
92.39427774091891
-32.32751276541592
93.76423195469371
95.72050647204063
64.64040442078976
67.3622188908528
15.456492316666811
-36.722510808257105
-50.01573052825401
-20.962894337999344
19.976031023882484
8.212115638674831
52.69095505374301
-85.64267813220164
-62.31960690273581
-60.46886706899883
-7.835319852727764
-0.06580306351058596
59.824191229782485
-54.15819543900782
-77.57664440567376
-20.681072271550022
-56.621742544265196
-66.71377071853598
73.87798336716949
-7.562848279749673
60.56777760515507
-75.11219661406108
-27.249136899767493
-62.717790797418616
-43.08846181413044
-40.681245511312866
-42.283014224471735
-40.90747600377882
-11.71988454076569
-24.03057355548009
58.366074165708994
40.51834704127194
6.7301344299540915
-27.529017916408847
-30.870476615633336
-55.38447444013641
57.70189772988698
-34.165455580642174
-34.52919932163772
-94.19095888492083
84.97150295033742
63.97550452928593
-7.710257286990881
-75.72314574855417
-38.489947175382255
53.79162783131184
-92.44974975038922
31.48211273172535
42.11073345019523
23.793812167016
-60.76960492393779
77.0468271348254
33.543851384283045
-62.9793695028394
24.709340069901373
-29.314466048681837
54.53067011027443
77.65670674337684
93.7961693713273
-53.79788181523251
-62.84390193834666
-31.50640064796029
86.72198075215351
-94.66085667173058
79.23958048819776
29.945421082972302
-73.77356626907662
50.63984556602722
-24.26024436541563
-56.41161801292276
27.969267098728338
26.063608694428027
39.9778689734876
61.89894329968661
-36.478477011224086
73.69201569487777
74.16588048317797
6.165411309693354
-1.5162321325032053
-87.81787863735839
64.39378458371246
-67.80199649795296
-23.85326885876229
58.850906472425834
-11.557206168221157
-55.3021699626985
4.2817842535446005
67.37169807237592
-83.66371405420838
29.45718411118699
39.56753512955612
-12.991999098440871
-27.516348058540856
-40.69050561960494
-13.81721962076341
96.89356598579297
92.9435453898879
-24.11461893608839
41.334710693784984
-96.64806919024834
-21.147449992733186
-21.32978867595814
-80.41520575727944
-1.7941297063478885
-92.57560304183654
-46.439737063871746
55.8592179879175
-54.47057645737063
-75.61967896091252
-75.00003232287634
6.943356014669263
58.06373782374982
-15.441154226246326
63.81832476307807
73.68234134124106
-9.152704364479874
-92.75760345490727
-26.449258446898767
9.737873231976323
-89.48474112419338
90.20883359611307
19.96727754643652
57.67708918798425
39.35994970553966
-88.41948328690887
-81.64889098033757
-81.77424946940666
-45.645887486455905
-92.85058068865604
-84.76938781829963
46.300991221311165
91.74723089514015
-43.78727615319418
57.11044408795652
-28.36943030100663
26.951951581557523
4.114735988742694
42.59397945588569
38.19835969468508
-32.58506049726344
56.82227923378514
48.77222766237804
-64.43458292692475
-15.028307796922576
-77.8786234932155
73.42207684842751
-62.904717722438996
5.646510295488568
65.4075139926295
-48.73511600718658
-51.81191959106452
81.197985456261
84.47290350006034
-14.114207317148768
-8.82333384426866
-95.75333171678157
-85.27660564455783
46.8181891739938
-64.25955442309865
81.39961126099757
-26.28956714094508
40.88989931317843
45.21103955847238
73.94099169574625
-75.31778807265175
-80.76639628859573
-18.37718646623412
-44.44255818396432
-19.324038634183836
46.809892176065745
98.72895114960588
7.452508281891184
95.25692229317454
98.01522851199812
27.94073315990933
33.08038067035031
7.083972824991918
-76.27977065518698
-15.094039638552132
28.69552889078156
67.49196282720519
-33.685204816033206
11.919772960182499
-18.01851623771313
-13.988563083383937
41.01379666602415
66.20513561128377
-45.59972585991516
8.47693941773511
41.66948258802557
54.22919455844553
-31.020666127391323
-30.515792854452272
66.66942722399438
-21.884349893577237
-29.48587275127919
-6.888514536908616
-95.6124238559259
10.927981672888492
-62.87810892339518
65.46902408907096
67.43752163951936
43.32317124715618
43.665277183140375
64.79237282170374
-39.14476199673638
-95.81641429718472
-16.439099878376837
22.170494917349416
22.375873458481934
55.82683320843799
70.90454060137574
-12.31490066597938
50.51360392470377
-92.9238666854536
11.049515256471352
-42.704555674676456
-59.53649684466767
28.88350772068867
-61.07804370972354
-64.1106601963609
35.172029795882
27.84827809180983
87.07450875897115
-73.10011247938597
-81.07490899909905
39.28540603826619
-51.04716484907274
38.162872805140324
51.87230671584277
-54.83048636166134
26.771223253154886
-33.47735676031395
-62.40821218800103
-47.51626524991457
21.13057129765832
21.525912399407773
39.524395831374534
-48.438794436325104
-18.404236859686392
78.97036473129256
88.84874328926173
71.02205146982283
-53.31569707271393
-58.38234984897128
-80.42603334346634
-45.51881890156233
-37.45879445444758
16.876728140325326
-52.629613085784044
-73.34891476227226
-32.15297272527562
56.844884562362495
40.21780770477815
16.730505006040858
-66.61892294366305
22.057518064616204
65.41585726461989
-72.20725858605148
-89.12143446262257
23.04528835112363
-23.098075394353714
70.29071927168019
98.13851312207225
-76.37675281051631
41.896270767477006
26.85513051211514
-26.160769564926127
-25.507201301249168
16.762412078626014
-47.87578139265194
-83.54326995627066
-60.420207184990346
-6.993147555976506
94.47540701842308
64.61948692619
44.127297275076586
43.79159916462575
-82.76144664498293
-12.239859894831511
68.3145553222327
-65.04139548725949
19.89088121428233
60.91135808579071
-75.82778881913987
-50.449825252133905
-38.32070138935002
-33.34174340325062
-69.49742053079586
-27.50113578794553
-19.262071564181426
28.894277861433295
-78.8193520533861
-7.514072082697027
-43.8041404162886
-76.74638290568119
53.152751384672
-3.290746424557028
31.988750302775344
36.83812351433599
-8.786285911574538
6.822859342996338
-83.7913650893627
78.24984675082558
55.10837988559473
45.75732668268705
58.83099526655556
-5.497876744242262
-22.91375241138394
-50.3302280991059
53.6451385178531
-51.66781136284837
-86.14838745417313
-87.52645028011904
-48.84432843376063
-6.797955824707188
33.52897361015965
-14.112636688522272
-43.463743211074245
-39.872703834939394
-84.03584864077871
-34.53828085700101
-90.83333004447417
18.36516504452949
-43.62701645905418
-65.46428050304061
-14.565031492198585
88.97337483971637
23.56184509288846
16.457814331286144
97.83526836923858
-39.08002878819899
75.88592929455857
54.65844199853095
3.7304714048559333
98.28876072585155
-81.58983136979849
85.54753869991026
66.15878084462815
-27.660119619436657
1.0615712168684723
66.34580762168281
31.598807450481615
-88.00389799049823
9.545982989209719
-98.45904358869626
-63.820728913840384
-89.21268488538429
11.277166698264281
-48.1624886351951
-50.87913882678801
44.453359162717334
23.21591559204994
31.567324315249067
-66.15764759039504
56.51242535756171
63.343104184900426
-64.10462760558386
9.345348118033485
67.3584309239375
-28.13007039731346
56.857692664049125
-10.76964522524591
20.175682694612874
29.1822836242614
-46.344167489396646
7.565224386923134
-8.728525015467653
19.29820708448959
16.356086320648842
28.07426600673992
-53.500718682299244
7.85299717004952
-39.18065238357935
-66.6504282825155
-50.041420122049374
58.53861122066735
-20.452608099956038
40.66162705802191
-99.84112750111349
-12.748030798281775
-64.14572284705788
-38.41260027042086
-42.0001357470291
42.91129964008212
85.28838045768921
94.37712750390588
1.9833667681423321
12.220110939233024
-0.6909014973374212
-83.54977501826096
14.983486293521466
-15.253015475274864
-78.62305127735989
26.030541811390705
-43.62416880837687
-86.79877807024697
26.060518516220398
39.75239947302077
34.68174214929056
0.28550127363465094
-33.534556751347594
51.28303555926047
-2.2504822280009478
44.87834186367334
-57.52344142408041
93.32327960693857
16.210404899229275
5.000022435500881
-47.79149221485382
16.277276606348153
51.78948023283684
-42.8081556984288
58.310473000694344
8.433421265490722
92.68926080199441
41.9447325238267
11.802412951403767
66.28995690251728
53.85244029560408
21.99437929860852
54.46999807713843
-28.50588214431818
55.94376344504141
-62.277471882791424
33.875584971117036
-71.59876614748175
-30.925820539167148
-12.684769563789317
-4.804108730395342
34.12237296903973
-14.383105069907984
-92.83684818708898
-42.11050039839132
-34.16670506040941
88.35279248190542
-67.37860769126337
-38.71226904243843
-34.67726352077669
-2.9869634142197583
-85.95333224601016
-96.77348540196064
97.80883473283765
-2.6816755528578824
50.59644709871844
-44.3337630101672
-88.28277055904113
35.76333635938866
27.55553918168856
-19.498628610792252
-97.35351277492394
91.34752199654429
93.61498763816633
-5.4558943025139826
-79.70381926619197
-87.511066108139
-40.270645828787806
52.18769599799472
63.24432373067333
91.55154543950403
-18.68065821757196
48.83829584712984
52.115928150900714
67.35587933181966
-13.323698601454751
-24.491950934970134
95.8341853852668
70.88202851806278
-31.386267433968968
-67.23678923317735
66.73062834872076
-68.61164637132154
72.78873294104073
-18.35575231812514
-22.893985346545833
67.86390705643805
-77.87900795155113
29.67219977215902
16.97199998754661
-43.12502525809663
26.08821268503749
65.02598097851967
15.981605845917429
-97.2074663334289
23.306069020233338
72.06359662860746
90.15295181257429
-73.70979029327201
-29.194380723942288
-49.4934942366968
19.158316293949127
-88.16215747670904
-45.58675677386288
-90.94726926051513
53.684904531017054
-35.88242873387395
-74.99877571121299
94.64591792878355
-11.76417962184928
7.86765162556739
-97.79835163437679
25.429240761622808
48.41892465655121
47.04286952697365
61.013863399455516
-36.722109094742564
9.466909628406569
26.349330278281926
75.98641811047631
20.39005714378345
-80.51391774457105
-84.3696843386202
-95.11476550773574
-0.9974283281223535
-48.879159209996324
-62.61893386431232
36.518140058202505
53.729340121609425
87.63465653680663
60.003220036894874
-57.09527426999197
54.93258509642857
93.53308527524331
-9.931656642931756
9.553936507169624
-28.67312719696551
56.96339431069262
-76.74575341595713
-5.536319261495109
47.00627271794718
74.72991817074396
90.7332542671775
28.11374744207643
26.24521245717075
14.89970655254649
-83.77185159403639
-42.67361250439754
55.38373226289744
-1.8541499588767323
64.84624546473083
-96.02099920155622
-0.5488482090350715
99.1379806809341
-35.01391582062227
16.493965721100466
-62.23351356400067
-20.152186664339382
59.97002794245566
-73.2667730087585
-7.9594258349316505
-58.75721885007748
45.445561100795686
19.711361090294034
-2.111890734093109
-60.941197429042674
-82.89716843907387
-24.76366316709435
-20.58228959701313
47.04176974368127
-23.805230091621496
67.63796099170534
33.351463856195835
44.9517085319348
43.062039411422205
21.734819691310662
-97.09359919110045
-51.66613773745827
86.40603493641152
-27.931136498396697
0.690912170187886
-16.407632896085133
40.50857266233936
54.210867623712346
-76.40153073445974
-23.283934621722096
-29.537167939637385
20.567439755259215
-25.764803034514628
-84.77880950507164
-48.62781902932991
83.72945184205741
-62.99828541148844
85.86030026777084
31.34978910537086
78.23462639546176
69.34237780732971
-79.19127163997484
25.340853016057906
48.728710058070305
72.99687268478826
-68.54045879284254
53.45260203549887
-39.18791155378607
-5.474877842755532
43.91790961588475
9.67184403136497
32.45677506387031
80.4889806280932
41.03965393602019
-35.89354179728119
79.66887937621294
68.00142566889355
-37.84370440266187
-13.67435849664902
-35.03980895636229
-38.106040144398825
-18.959045670926855
-34.61324937315837
52.29178901343033
12.124083629843724
18.27347972128112
-42.880097783471015
35.9879330937232
-86.17489112097351
10.487017821433568
98.87512843329066
-30.184719035927458
-36.171665306922286
-21.763381040482017
54.479663372541296
64.4503058844673
67.16682948050385
-93.95916627642944
-73.30783728627819
-32.26613507096792
-58.53107596668681
-22.05548727116171
-84.78239881484986
-78.88076064377148
26.11958804654175
27.663550588534648
42.959226662176405
-14.872723686141427
-40.277897359174794
66.9366543567917
3.8441502927523743
76.41223626542916
16.777973580942643
72.77186130348963
90.71189699025385
88.20308876948505
-65.49366981856983
67.54837220498206
81.23177087493255
-87.35629925342674
-29.947329210993374
33.047870692440966
-97.39680373635365
62.404634068488974
55.71569586137662
6.364341830254759
-88.9211377377252
-83.93522873063664
-94.63171046126632
85.03812783025526
-89.92616356723202
-37.35425054410753
70.34354476816387
68.03491759159809
38.445788930135734
-15.935929332574545
-51.97874836088505
40.388008701643344
50.12622884394884
-30.0289810621519
12.510581183217283
-78.41732967668638
-31.68511820238335
85.5445600512692
94.6164904460936
11.857441215969217
41.162993916298916
99.12073283549205
89.23932227821959
-4.40403127606433
-84.90986326668974
-13.25725316134259
-54.53862934566036
78.71885012234318
48.477106815220736
5.882081173507331
85.97143005750189
-8.419085783363585
-74.84512145575586
-65.57222021339814
-5.515098971594412
28.44158393378109
33.71539674825772
35.818415063590294
53.80901505375192
90.5794631415391
80.94908236969832
-32.44407180366713
-7.802901775379993
-37.57898797801644
-15.829077390489061
30.948301675629466
-71.25360437922026
39.43615291723398
7.749328180844344
-17.950560900316148
-16.709881056504656
42.155813532688
-44.906720524836594
18.815643153063505
-54.611242532859094
78.69564037214175
-0.285264236824176
34.95713716714508
-86.95554750626233
17.14146530782672
94.71188909916103
75.36973373262725
-15.320816966301848
27.22177248659088
-83.12827953631185
-49.68771989808012
10.81573331567786
37.82314420715164
-17.9458005022543
-52.98617542506896
76.89836190142236
61.17515816599263
20.636772657874047
32.86943901302911
94.8596847605333
30.070053614297365
22.096982668025376
35.33497724521814
-77.15330909708563
53.686009182226826
-98.52058673189856
86.14798209014373
79.51990288911674
-53.97007193980434
39.73288021801872
-95.86806504997487
37.10499038551808
27.82354170864629
-93.69013506877486
49.38306196532693
-32.71107177297725
23.711723354820393
-63.963882162315144
-88.89153501642969
0.4272408572318227
-72.91341834510095
2.1800930247429164
21.975906393885424
56.74495991468805
29.31064540979159
89.84995985820373
6.274846127526274
76.41200386821288
83.55326280302538
-16.687269162655923
92.74430635885216
55.43150269821578
-43.34422630238024
-11.14598639194979
19.494131283368787
48.800303956882516
36.79120301059564
97.09756927689438
-75.84031817685606
-95.28818863112151
88.43379737368457
-62.230818207072524
-60.673457652820176
0.30062392001836713
36.5755859222069
92.56782316563277
81.75863348650051
-47.066419801204496
-32.798848361144124
53.75748644973049
-97.09243712781519
-8.63457562922288
-15.426626940128529
-44.20298832847869
45.305901183023224
26.51203047420003
93.6458889635804
13.697945388958416
32.15031878547779
90.7717461706549
31.714027577458523
86.07598780428052
53.042978442301575
-33.300205624660435
27.528696193183364
2.3283185333350787
-43.47477832354891
-39.30698473110308
46.15344162217431
65.42666846687001
0.3657406497556508
11.66417905177164
0.9083168473684253
14.785233312295446
16.934598327386837
60.23335423366919
-83.91298239384845
88.29567471862424
-80.95559196873873
-21.117148558948713
23.07036782364331
-92.03148251080594
59.11137655408484
33.407390024373484
-63.46624189363001
16.327846276074638
-42.77973577068912
-16.495557349392456
19.40458545420738
-0.4905836176486247
49.630027086064615
-91.14342040187906
32.89950169164638
-75.640741189129
6.089548102531282
-4.883226217815746
64.88980422369463
-1.0578036043935128
-49.11196709636787
96.22523846731991
-59.789614704392726
-23.968951661573783
47.041131160280855
-56.26850397332013
76.81081052818513
3.1325208356832093
-34.73012718097095
28.50445460068832
-19.353903998396717
-80.83990457405721
-92.14261376739898
-16.03844460955895
84.0457206346745
94.78498717248675
49.11677119336687
-51.07422372734889
-73.10215429199795
5.754078544489943
-43.4575089406352
18.796278745100835
85.6273611279255
37.49446118051998
-32.268203109084496
2.2606836714518437
48.95821558969621
56.16500337519972
-13.15260492923349
22.67573212271259
-35.41791984391351
-47.20303339893008
60.177104321951646
-56.05677150374757
37.109808357439704
-29.809797609851188
-31.296105028693916
3.5482338922245873
-5.235106961583028
-16.588796965084484
-51.588402422928596
-46.714796642774424
-61.62037636857942
2.0232625480433484
38.36401030342623
89.23189791380153
-90.86989114646407
28.34080576353142
-34.83871549534415
80.303630268832
4.154904341188882
94.95080333542163
-97.13906735496825
41.860588640611695
98.31676964224823
30.132604713514212
13.044364083913962
1.038505166610932
40.01689719320342
-49.48098466973294
-33.94305465783307
-31.205078758903994
98.03443520800516
-99.11195313582294
31.009263177525412
37.45488120937529
35.33553835324233
-53.159394885178024
42.101553217668965
-41.10588760154019
-80.5617881375808
12.658252870922155
80.54732243720827
-25.70818235218381
-76.03058343634092
34.97393941998075
-87.63843808925074
-69.30514348719481
-74.79891991821803
43.43152167902602
64.12885068747701
-5.1168900822896575
10.394930432761157
-7.4211582896938495
76.78737305906355
82.2658481565436
27.436357760424528
49.8379377591088
26.29674284627825
66.0781601713476
38.57745804837131
80.29167405211811
28.866823766000664
-97.28700151224909
-36.270175797482636
-33.79518621574458
-42.8234615710946
39.19970564125043
1.050824536391687
62.39555898920068
-57.1856053852041
-30.357007340905582
20.27329528026347
23.189985867931455
-5.059323593890625
12.852872879746613
13.842942220641973
-47.79786507719022
66.95215747817585
-16.88966176262096
-20.11484767872544
-75.04091596552092
-25.052013074812223
-89.23060915611116
42.15433876919448
-61.11222834838386
-82.88922243009007
47.38811868812655
10.551828148151941
-55.778135113931285
-94.91894061146591
-18.802841047857072
15.488026281450658
-2.7887509102199886
-83.40046183291696
-79.90404905176713
-9.939985794305855
67.39158068804372
69.36316428272971
-36.09602327600956
2.5906053103061737
3.2969998032411354
-94.22472646961741
28.48851817310799
-76.23512347498023
27.402004938048833
52.610834852414314
-90.30538023294774
-37.231199185712626
11.594927305740896
37.286519243752736
-55.10782836490069
89.00073599177762
21.282451064363087
-91.74802081298232
62.687011745327084
42.96200897044031
14.497940710399249
-12.739513937015118
-50.85642264667429
-88.43492516055184
47.768615450270374
-12.47969899282208
-60.6583797669342
5.216938877647891
32.61994162102218
73.47483065030224
39.85201543393782
65.3992353645665
-54.26990471752995
-24.81260932126048
-81.3136429549576
71.23282051267432
-76.31993633677865
-59.2477926954371
43.82110714819268
