1.3131049708323275
-54.80505456633637
67.84368878050634
-47.8573281196466
-99.52508757621466
35.13586844765362
54.36712600838959
-47.85341215336094
7.662612059788316
65.63383413557739
10.156248851519848
7.450575753940214
78.45061731003159
-21.102204710902186
-6.9710418447481715
-58.56594884936608
14.834749799199415
57.86810707226445
-45.82051148262851
-83.87127921350728
-17.347664024318703
-91.1557020540914
96.14850262239827
-78.57771661906476
21.31098177218466
-36.343961258087276
65.55795688989139
-82.09773763892166
13.39873294839498
-95.15082336406174
75.26874051749851
20.061185932736606
-37.20073871704217
91.17542856701269
-32.70403172585736
27.837257556549815
-96.9301613261974
-81.78686193939191
-6.800996084639863
94.21865028124316
45.863257416571
-99.91276142624244
84.2705556385232
4.46509793201551
62.34205480406803
71.88177798092391
23.149386241556996
-38.6379053188235
66.22786292961621
-94.50983014767024
57.16987335682063
-23.978634363293125
95.64351588115065
46.812669389021806
-78.54922329957495
91.31225781559789
-51.22865612035208
-59.2105004905556
-85.35701965157776
-44.49991028408435
-88.53856558807298
40.47204271969781
87.340633710925
99.98229848717673
-30.056979428235223
-85.79738916217705
-53.617927529773254
-94.00933830890168
81.05826505898571
-51.30730117375637
52.12451703531002
79.93726942472438
-42.81188640890301
-0.33933675872175684
80.09029402947124
-50.40337658165017
-35.991117935570855
1.4108570050523923
-88.86238331892096
-51.64450623939485
-85.47186888769085
-57.674493508319436
-39.442264095761345
-56.868732548991495
-29.532222688574848
-72.64703791154714
-88.96295146495159
-64.41468638017778
-70.91322941834682
-63.96515508505314
-44.15112193475399
-38.60190431966595
38.311144743774236
58.21080214710602
-66.39817706901795
-93.90142276243274
47.181512829184726
56.629549284252306
-21.260408027964843
95.48488182801151
49.68703978477538
-4.56759557434512
-63.12628278522101
-96.77508220402096
61.873668941104285
70.58800924912492
-83.00733905937835
64.95391436599988
86.60914087222389
-28.65803864771823
22.679481017593133
-3.121487727456042
-46.73169402710635
-83.45220064621961
24.0186017178617
-55.098280292224274
77.85398751617737
98.64037207562743
25.073208818045217
-40.47955787201174
60.22413793178097
-67.0083930183354
23.57454261617498
-90.61292439464552
-13.637836358640286
33.1014808299924
-93.28890275799533
-73.68443759472478
89.95585463516093
-48.931227076970686
38.944588469475775
-89.38322726315423
90.51411273187838
-54.48624841040031
-83.54332808534745
38.6935261388372
41.979197626098994
-92.40402478197507
-82.57119948563437
84.55170982986573
62.14299666452939
54.394331265876474
-79.43383908771908
-89.99382037141135
93.66169599951797
-25.448880755650066
85.18936429983285
-19.70143113070158
-54.79960157806969
-93.5768679448943
96.30310196222712
69.21068552164175
8.550328469218812
94.64646550162615
-24.333065919244916
39.85580070531364
-21.691563381050543
1.843640021424676
-61.420316910564864
-89.47277667522626
48.697657152795045
-62.799139697217754
59.35984120789297
62.919512188496554
2.0711673668868116
-26.741400850511226
-34.059414576752374
54.281516205986634
58.04637319281258
-55.46451378392852
72.59753162675753
33.803326643512804
93.59378855047484
-59.30926276833743
44.44753691591612
-27.282969051641913
99.93537722127544
-70.96326756840674
-32.67787692237174
-60.49836322114679
-46.45380035479953
-3.1447054956558134
-42.45821130303273
-66.2637921659298
36.243148343587336
-45.57111088608992
10.847624662322275
-86.51823716855587
83.32069443701181
-97.91836768587758
-16.62399770666991
8.01105032849982
12.89738987660212
48.6797898972772
-47.977808857029046
-6.525143741982504
40.13607386264536
92.13524012090681
-77.23207233243781
-81.41115651285027
-67.46505610450369
-90.63798488301195
-21.45000914980419
-83.28949433202244
-13.829917646632794
53.41371326641436
39.88998798869184
73.4529299867323
86.10050336832106
41.92436002532264
86.57676825454558
-2.87880859044634
-96.54676159784621
38.78801897955023
4.860965715107795
-45.56218392437428
-8.89347749794483
4.012185408897622
-75.14080734124894
-31.235472780328806
74.4732274180895
-20.605197639231008
55.19617131786515
-0.8177802391365958
54.77733686954767
-49.49533392826253
-2.649559964783464
58.46938570561119
-64.308828899449
48.166129952637704
-84.94383629288987
98.7666229433598
-7.031130455103394
66.25483946564549
28.75162502176866
-98.35966030787118
-18.501448460408426
-77.4098909324769
-44.522103216393475
98.69936835447575
26.603980809648192
67.42365102940852
-32.15197581757016
57.5278112467158
-14.289373439684766
-78.42733274442755
79.00612530521255
-14.317745624510664
87.70477959638546
2.763558199955824
-69.51858716221248
-72.13961725962218
6.698953193917532
-80.35938114063079
-76.78997746182432
-29.916907655967236
69.69700952154392
65.31904391006157
74.66831289620777
-93.50123250470715
-99.70498786398491
-18.485001057438694
-40.01011996627795
-1.1436022728747162
80.77549259944868
-67.2619254705032
-76.41607497156373
-87.1808863794113
0.8980503152026955
-48.51407449461475
-46.45075914327539
-77.34887910224437
35.63097860546861
65.6765393438753
-45.82064561139747
72.38064931123242
35.3349540785766
90.07718027307351
-23.552412349743193
-84.14997504797475
-46.07571722115895
-52.43323305272523
52.02843428458442
-39.1740776639101
4.649567586401787
2.666198331733611
-93.05890474541954
-39.187105726708516
90.40626784041964
-32.32429192257588
-82.20959251315416
5.525864130504374
-12.937526306504552
-7.91626692267964
-46.5881772238659
70.25088241245189
38.662271425649465
-84.22836982471371
62.540658890534274
-15.575604424152246
61.26320740911194
44.24341146617945
-52.937833915790236
12.464529166605274
-38.86300251216896
-37.56979556444215
82.03832025039353
13.293983775109197
56.44142799900075
-19.480942170568454
47.38385512067444
-43.198760353633524
-12.989404560076693
-85.56990963412741
-70.89371895498704
-64.65033954247173
68.96950959356423
48.02901997182852
-22.919896929969227
75.85527220536105
90.10202903719724
64.46982554240276
-39.59442139411718
35.63113613298569
63.11780576430135
66.67953706951718
-43.08921620292734
-64.88122774810878
86.99590697915863
-84.87374028214492
18.807184612637172
-69.29741614817155
3.955869049430774
98.46070365733144
-52.804407122146536
-50.93959818172853
-45.96422898855885
7.157657914091686
-10.655858821605378
8.413427042423493
20.081267749222633
-87.48796689049286
90.88930528282694
52.07414651152297
73.16206520995311
-66.83015794909176
52.56033737700042
73.72832837598486
-5.203225829290005
-36.32376525049541
-61.22301041998259
-56.78626785058793
-76.22081081384337
-69.880839321616
10.948273937671928
58.748557118728
8.068716627096492
-68.71167933107483
61.21696762044547
-48.04895848489086
-86.55969940058385
66.48190152746878
72.1877829525794
-35.066894420410264
-46.02130363891534
18.268314564899384
-13.596095171727555
-71.68173061441686
-9.644181136963041
-56.67369468982515
-82.07612817914543
-66.34359132897087
-19.740628196994052
79.65852756968687
-77.63680726034261
-0.17913347245774958
14.059759934733165
75.42175674706635
-65.01270338590305
-88.64304720193434
1.7399912960080428
-89.98337220973323
-68.69515360134898
-55.880498716572234
-36.485948817300205
-0.34053675391993465
19.691482183185954
-19.619208085632025
94.84654507597878
-77.53526841956358
-73.36902397177118
-58.50994657531609
-3.8277086854698013
67.39742261832242
10.464047138170557
59.24172224732905
6.8384298750266765
-76.65403352817339
43.043562857211924
1.9746938903609816
40.92461397082886
78.12448416953202
49.042305615141515
50.59768055255216
96.3601272429272
-85.02931737224182
21.498635127435193
-70.63813764420009
-33.459040996172604
-49.858917510516875
75.49616150135628
75.18619150078766
98.4064968316591
-96.10312806573376
28.568596197170933
-53.6806599129706
-51.49775584450196
-35.15363295097163
-11.001088653400572
-47.632290198689354
-15.436240572198074
-89.51785338647649
-72.99604283671954
21.088324163015514
52.5925483072335
47.38751939367276
22.841843386898503
-6.316559480790602
-91.1937111582292
79.87987358183867
-33.20363513779263
-24.36968766940089
-93.72245926959084
94.72174437244593
2.5009471114094453
-40.390612421452296
51.53547549237746
-30.18384408836765
-54.832326405074916
-13.986815380912844
42.885108650371876
-35.23325819500501
-77.17764148604194
-91.63720484983351
-62.41547784471424
29.058108961090568
27.38404923320101
36.224288506870266
3.6883304325447313
22.16030110632326
37.86048384254826
-46.38881114835176
-23.89261192184307
79.83856801507875
-38.24338550877337
-36.34535707896569
-49.74986497806573
-24.34336856854884
45.89764056830535
-50.605570625530774
-90.0187093473603
-51.840295961214444
25.4593234041875
40.68366304252075
-63.95329977509363
-35.9177897949526
45.9349307226083
62.208697772909375
46.229391257502925
56.22566206009424
-18.097674876788574
82.73626339314205
-61.974513529866826
-55.46688848172494
30.181885192019706
57.89251036274305
-78.73255653918802
6.749837615301928
91.3804150032378
91.72522291500303
-50.293970117053256
-34.747267555285234
52.94754128343138
22.373919750851485
-91.50522851448918
-53.730729498708165
-50.96736786080904
-50.30263878729162
-94.32713670935367
-15.592015427937554
-58.42785707182572
-43.39764001255793
48.69267917698258
-64.03104788821246
-59.004782077671706
-4.516337188263549
-56.811154861065916
-33.39993909490377
41.9814755719575
72.76458519741291
32.637709685757045
-34.55687438808337
-14.304251425141203
5.43486028513864
-20.187167359505878
-23.340712569289977
46.05242846355162
-4.2569700575623415
-66.72472930889202
-25.057680269381862
9.017084815157858
76.93207456106413
72.72612089650167
-10.114480431204214
41.43006685393797
-96.35733729063286
32.93221924838491
-33.67555002908047
-75.97535708428687
49.002271138356036
-25.156862577209395
-8.067898986141401
6.58708210534904
-97.90550286655015
-45.43008417526975
-49.83975441596791
-22.245167356632663
-61.14680401875672
-40.23980725564618
83.74411694202661
2.05858353768609
46.218772939056464
-20.0758170910768
1.906698511375609
43.37344486178222
-98.0172494141843
-91.66660883560063
-35.6976592197517
-94.45193360732125
-40.98172336412287
11.721508647530499
65.66906699300245
89.50825813605485
-39.978386357879046
90.28956585846092
-44.0806518222268
-54.68898767965125
58.896446561541666
78.9135279955004
-94.94278829391416
51.06457951602809
-38.539318356921484
25.32610488393341
62.76706231014754
-95.78474509765724
-43.896739590600895
88.4823892934281
44.94133192450312
-20.453444330171237
-84.55290231539561
-93.95748154581602
-94.949197557939
-57.949259216840865
-21.497052760914045
90.05900095401839
26.36500988476999
-87.45799338358704
76.46068657275706
38.4967874211863
-71.19621069641127
-19.04732331422663
23.77677121477504
-68.35914623190098
-82.9240061148119
8.279255911005848
80.86513743125974
-48.58505739710337
61.69763481286421
82.84216683545534
15.379439060883769
-86.02147828274163
-89.03358024540236
29.763816066566505
-4.807018842372202
24.128636507304634
-57.48714581892522
-4.642403253223321
-35.687532556808875
-93.6619130912655
-56.10529620975968
81.23166305846433
89.82078464001063
-22.364293936656267
93.42187888552672
10.088082638072464
-51.84171303017116
-71.56758165241723
59.33633732001729
-22.656669485969232
27.592155091374977
-39.57558017164513
-32.867310727173844
-16.429633721086432
55.58382521355284
-16.351172681733274
72.34085615357029
-74.46482128693657
92.12336181739971
66.33898886064645
-37.764502818905775
-85.24069006610885
92.68190079905025
-73.86676154818608
92.57196178215506
-94.28377466206132
59.6876179386164
-98.64048455668788
-87.64559276792896
-89.40660305494346
-81.72970540113499
-39.426264280510836
-93.60306661230611
-85.77535915917997
-10.851631911356236
-78.65274435022754
-84.2010508659964
-90.36893792741752
-71.63120084165669
-98.21258091908855
-55.35169911126437
97.23595029728781
65.96356318989422
60.897100047365825
-48.871194096235456
-61.172347602878794
-85.08375687783649
-99.1639360549753
-45.54518663832967
51.59608932436163
99.99014524266642
-36.74626365309048
81.95382670911309
-36.360210188851426
-6.944790527930294
94.03220444736175
-44.06811427222319
74.40369263094061
94.00682559513129
0.5807997978870532
-54.76619546068655
81.43385490108247
67.75691750203745
-17.38071621545241
90.22253792046152
-8.753065961141516
-11.043716113810433
15.246120280434397
-24.646775642408898
79.19710444408153
-96.1329491576298
70.09325030086995
-3.8478349992196144
-49.601771635900334
-47.12185176309245
86.78230940603328
64.51141364097901
-11.521857862879898
-64.30145309988897
-55.97879480766545
21.15698446993899
43.401304392828024
75.67265686879813
-58.24007309612149
-52.253372642222295
33.329937350502604
2.456283063863566
-18.88133608949805
55.94686121265457
3.1719305861441853
10.840342624905318
70.17351150992087
33.3177083973826
-41.775923714949045
32.64897203271951
-68.815994519865
99.72388997872125
64.50244778729538
98.27499007475825
84.01253989119931
9.463749001020844
-81.66927979875263
90.47768695827895
-77.8959719352472
26.028345503331394
83.78349279512429
-1.8216812863117298
72.5569775942416
3.896447213362592
-1.413701326188388
-55.116377539216366
-33.150127421190916
-88.58154553632184
-24.748833948686496
14.397366514208684
86.89052476350406
80.62641660338045
35.98508873658321
16.550931524592926
45.80375624731607
-24.667857160599738
1.991331219924163
49.64745625836193
-72.01161171637405
-30.851766217330663
91.1592116535009
-69.08623328227488
-42.46143908770059
14.658689873011227
-62.36750035224807
64.90970747954515
-50.166105854143275
-54.69574003643574
87.76598771398773
-3.665920913627872
4.821694724558228
84.81598871613261
-71.80720009947535
64.2527457453431
-56.30146057629335
80.30536608692401
-11.534547650313016
8.926316322672491
-27.909883895022574
-33.94018303219248
27.162138974016983
61.221780397389466
-86.65842710072407
-2.399948150041979
-93.48001540630347
25.741508484781363
55.6336015622135
-25.579807746891618
21.243007721087366
-22.196831254682948
-57.52399494653493
56.77178234338399
86.12268898306249
-19.385243710326023
-98.25750361917238
-53.99531106493771
-62.84602801009092
-46.155514576423414
-37.05259743711524
-30.255418531845436
62.766006316985425
42.63985793092024
-8.222890341016864
-5.872879747424946
-97.81324852019434
80.42866996218305
-99.4438268897508
-78.34871442785678
-82.94512797015298
38.447064009313294
74.21738235495707
87.22765014788641
-49.517193296240755
-75.40040946980417
-93.01538820363287
62.39914297685337
63.15551416600249
4.793555969604952
46.92145444985016
-9.190485405845621
58.619988918408126
-69.79754267492521
0.22577712430920371
43.166250059911164
-65.34169990051703
-17.823061617778563
-88.26179408095103
8.610622312269456
-54.493428538171315
-91.58897883751614
-85.15175178062736
0.6695324530873563
2.0790457178233765
-91.17770594493561
62.69073145736769
-67.56081539966416
-98.24234563695993
-55.40658023732048
-74.78107476823132
95.56892127466304
-43.69126722463783
19.24677441411984
91.35120786606385
-26.90138862158409
70.04957136406597
-57.400638480615605
-96.75492435865907
-40.25098949767845
56.56667521492767
69.13030169765813
-20.44651738860736
-3.0851064560438317
71.01789460400354
-92.26177745730337
3.398134890306622
-83.40874845974773
-71.46312358061728
85.50511266812154
39.880773663392944
-17.310384921496677
-68.02705655470258
60.53604024250947
33.944293296122964
-50.05661535046537
48.31872492965147
-28.75651213784451
89.40226735695086
-39.028954723905464
56.48470503462582
56.29590817843072
-80.67750767867874
14.969427438356362
-54.96024544336669
93.97112293371183
21.67607834997156
4.971122573646895
32.106709521994816
-89.31933247938619
53.874494283545914
-26.042098862117015
70.84599867589313
-90.76485412285945
-53.9303078174151
-17.99558717926959
41.25539896821962
-28.224473742725436
-3.978266470027819
-40.1339553396316
55.160131348964086
-58.99889590621144
-53.60528489963878
-0.9458430300270493
9.502066807454426
5.741665050426818
-31.512562501956992
-57.698740448022015
38.54787538431407
-58.72246765329465
-44.51754304010598
-40.63176815015688
-93.3424972992094
5.660510069871734
-82.23092952710145
-31.865988405436127
35.604108657156104
2.03738851035223
56.39603137547749
79.77381170332683
-29.341335984835993
-57.38827663161772
-31.229942041293796
79.91340777168523
-25.316332793783403
-30.901147425199355
-78.27852995615648
-56.8861644305388
89.16446716781408
85.6627320591436
36.943298608346964
-8.89607346388199
-18.61185674783583
69.55053918084403
94.27715852783717
-66.61370140136225
4.255351685514057
-61.836600040316235
0.5596559869514977
10.151474045558075
-17.63277745601657
-74.27815065164708
53.052272154562814
97.779431142123
-15.845748009484623
-8.62602181034282
-92.17439218765386
53.74504804588253
11.680811190587676
67.30125727188715
-63.938597200105995
94.10623924972634
76.76849548504006
-90.67469621606708
-27.88014209645877
-71.47107972771647
-33.207088816434776
-92.1284876967229
-19.536427180571266
6.624001808390602
40.82624805876222
46.299707650938075
-82.49011776855704
-86.47625837199004
-62.96664433132888
-29.425894306956096
-90.08926193568473
-21.390390461923147
28.70558218494176
-12.663715484972542
81.48538119827569
24.137905102823296
27.4003926119873
-9.048481870531447
73.95517932578471
42.64378526478157
94.9916770841514
-16.228581734438777
-31.45738762882837
7.001914166441267
68.29875407628444
82.89351887230217
82.8709937597053
15.717718473555536
27.465320155240008
97.79341974052633
-39.46575026464443
13.692918600420185
-65.17301037663631
17.039412657037303
46.562793290821844
-93.29280996251651
63.09070170819706
-95.36375630129336
71.74271535542195
-76.06733659088174
27.14891177449759
-83.62087159923502
-56.93298894231431
94.47240772539388
34.85247842570121
-69.41985568375404
-92.8978017970058
-20.210733430271404
-16.716675501423083
-80.6606656981069
-33.05988491866351
-49.654751706343525
-87.18754956149515
27.327831576450976
31.341171392873008
-80.46535833253154
83.96067661328166
-79.63669467731913
-41.35932750049249
7.482026298508629
-15.041295677719859
34.885451635001886
61.5877149715634
49.1538330933509
54.89047378042139
-57.06141194717888
26.83739353141175
20.223888661179984
-52.33039093909522
-35.5871380507288
-89.2852015670126
-65.45524421099628
72.86660578223314
-79.59969854932756
85.98242785162265
-11.658931226555211
83.50882339205043
-82.55447444919923
-75.1288454128578
-97.19484313023021
-60.53712484640816
-11.957550329017351
17.106547240908185
36.75634053104977
-11.562337603194564
81.38792832342091
-87.81757101516766
-64.57653695997755
99.52956704305137
70.22304276605632
20.37138663855987
-97.92879945122112
-29.725844882204044
73.67010862066584
-89.75999096780485
40.40607539838484
-7.844098851652646
28.77908390712264
-16.37197930749548
-89.99367072045321
-60.177047999905085
94.43639304515733
