-69.28581510847408
-22.800224670596705
-4.095447518208758
53.206384736532954
10.8802784477475
-24.98278205883379
-93.91862972365061
-68.22095665037536
-30.408913473026672
33.885580749500264
-15.803258219343249
-64.65622809057794
31.8086228619932
-67.99372141178537
66.92506311208791
73.864438439178
5.4881810810530425
95.1662346316588
-94.95793686730374
-40.801497649473006
31.525301324724836
97.24646501390032
59.06225710491702
-76.68761324998086
0.8928596967647309
-88.20394032970327
50.6361720045017
-1.1437636513124971
70.78851378025374
70.38062607535497
-35.09856091370169
80.35561178626241
-45.80114046816712
-27.422490949046477
-37.54285347844319
59.96557187417534
46.57680257118204
-0.074305305458509
-46.58399336897736
72.70098113925891
-77.50880934194805
82.6719098311182
79.08075415470549
9.65704148192468
-2.7553195108366992
28.272161731185037
8.765526448125271
-12.21093261073645
31.849750649026987
-28.879152829760145
71.97666803261887
-22.97928586026059
-22.44424387368882
2.828502312535079
63.865820629062256
-67.63746852922563
34.64462098133558
-88.97673931071878
-94.9109285173501
-50.32843527065716
-22.360286927394185
-97.50012804456412
-13.95415584997508
-39.325066490460834
-41.34401040638673
-71.99774108203493
75.17200100855405
-18.67200850158636
16.76684338369894
92.89712339411483
-83.48534741176334
-33.7697266738036
-11.179852833036747
-2.8003880430806873
-4.1157085738356045
69.9370195044961
41.051859856962665
-20.640969708707942
54.31081458154716
57.561000962641515
16.08596878480722
43.95899801985675
87.71333078512083
35.11149575396871
-52.43756806757649
-22.76260971920621
-81.1693225276898
-66.23657672856895
-12.425468705675684
4.645186304160617
84.9889838293735
74.1837418254502
-99.77865629067647
-89.42137969205035
53.6376605754146
38.99933737341229
95.37501959815324
-23.952179316844678
81.67641911951196
62.27409428446347
52.6084521557508
6.117692778436094
-73.50962501929321
-98.63582194668898
-45.6855832377133
-98.42063066134416
-77.79992299221527
60.722130559117204
35.214428165773825
64.19152887888717
-8.141055971662354
-7.82370106572705
-45.366330869909866
-7.019196161279638
-68.89162734883286
19.464076598506225
-28.879332923145057
-83.43506634532459
48.95856247548349
53.96586161930662
-40.5256961253361
-9.577000731225056
-88.61209033844175
-64.33910993419823
-61.07152766569239
49.30400657009571
12.358901859928807
66.74179575679207
-91.10018428388362
-68.63481889589455
30.248230302662932
-62.65084990246934
-92.98932125104085
89.70375018005734
49.35674394225262
70.79167411743265
-20.44499278595211
-83.2354005607323
-93.5462746548805
-50.01183755345797
-35.12555595817204
33.602086522834156
55.522751061962055
21.486289971517692
33.23176877400138
-37.17214706985021
-42.66550895959007
48.08701507765147
-44.75299600410671
-64.31971790874664
23.776023590103932
30.723493443773265
-81.01166945520308
-90.27015651013312
69.7064891888754
73.22894224380727
-63.1667441776234
-99.20957403992941
-58.918723741583264
-74.93481859498085
3.260874476585272
-68.70670428161311
-68.77994794337073
-73.63278734646981
33.925152861918576
-50.77788997388135
18.719552408692252
96.40229632495127
28.007500895984265
32.03801823773961
-23.64114184523656
85.6328486788361
-13.625337423185101
-1.7057693436635333
70.46109682602136
25.662152168657997
39.64012666054319
17.602756871934176
36.44951166756846
81.58848193145201
-76.44013242868493
-41.16933766093951
57.36411380976244
43.97423199138166
-1.8380490378889363
-58.346255367755816
91.94347981621621
-80.57331352637812
-44.670010998775325
92.09488072684667
-52.15387334941133
-82.06131055008939
-7.217291481358899
73.41058549101038
12.955929711098605
-33.47365827430531
0.8612693760364749
61.98366377067987
-48.21615448649303
75.09514321143195
65.76951625191984
69.05964754372596
-50.7303386376007
73.49597530723099
4.775681079319355
-75.14226782972989
-63.6837317532178
-2.529558801239375
76.68030287915195
-15.41747933049011
-82.78090041233179
93.66830180037906
-93.2264264229638
60.224787547520464
-64.7696035905536
-3.543348710067889
-55.29029378270274
-42.428413833731035
29.08657101574181
91.30990762480886
88.93631180550591
37.34620688478364
95.8338869675245
-17.82361917266195
-21.6746992346591
-18.602485776800364
81.4253730234175
-28.39565108535767
32.5410108288028
94.02445815734873
-83.64503714081246
49.80701186264292
97.97106983632511
16.32826161325893
-5.222334780886342
65.3459823056032
47.52235451410655
19.86921455156117
-82.21794728047092
-10.442069378142293
5.724408826833056
-63.953567883481874
-89.26600599898022
39.12874006091582
-89.79412303272245
-86.89808567471589
51.9931119611573
86.71452150266586
98.34439615936901
81.92774448067829
-15.534075077965227
-56.187802972823334
13.187085560399154
-78.45475024317685
98.94409001510337
-10.625882606870647
91.61726643864893
51.96505195611121
-78.44524114791122
-40.11532748417728
18.133500109835012
2.644501917695834
-93.11537051826247
-5.697647597443691
59.19650287620476
67.12990517406351
-22.370933851407756
69.81280830867664
-69.78900777147916
90.15820648942702
17.54838381394248
-62.17985579525036
89.23340603732439
76.74596265690857
-77.21446061590242
79.36779575607241
71.1380261538634
-26.407015061195665
60.84704603878336
59.27329574994121
-17.758528455153936
50.149153594921984
-68.5707009678662
29.788713215468192
-69.9105429852743
-99.03650430713944
-41.86643163090626
7.67366281427006
-34.27218764248177
23.085363643675464
4.324282957012613
-86.05216011929448
-35.251433875191026
-39.1122923335248
91.35627972948498
-25.32179513805164
-18.84452173085154
-96.953884929731
37.10372306359005
56.816796146370876
55.12768116847295
-9.152600835041056
-66.25366695095944
-90.28457614953054
-80.67998221262403
45.276463517997655
18.520506118483397
-65.993441323877
-66.123788926477
-5.960750173021154
-83.27047931945086
6.487933226940541
90.10679524823561
-34.94976973707628
38.84808531636335
27.68865788409404
-23.35154775255137
-24.3720634811977
45.59242012227568
82.99338759708078
-9.925079281580437
16.465191824988906
32.96777310644771
-99.30549913410537
-60.36113465883517
15.384459264017906
44.069538609100846
68.66687728103656
66.47670512962151
-31.83748418809438
86.97597293057876
-52.56935374803502
-45.15757870527155
60.11919319609609
48.92289295150027
-12.058519522034274
-89.65391346366278
55.93932645750195
52.00294641409593
27.605055817242246
-65.14369227103492
-74.83620893040104
-10.918032245862392
-16.92785757315707
14.779545412157404
56.03557630740937
87.88484846782262
58.355552248398624
35.00054267181193
95.7237885402196
-0.34940365684894914
20.897232425094643
-29.721377765701916
-53.18579460113577
30.820560300041905
86.1453433771243
-93.11015172900083
-81.64391410068363
0.9004322796840825
-4.271148349646239
56.515993363461405
12.915236877016767
-43.87707265381175
57.02050291946395
78.28921600386695
68.37487420718006
-56.748938834172776
18.29118272003096
-77.97219006398801
22.34699568387579
-95.59309351016626
-83.7615901753898
-45.76219903218184
21.40899564024616
17.53174942145668
-62.72268375052046
-34.6076347083289
36.45946172214943
91.3810896383848
60.109173423888876
-56.126718984109104
-18.36262880462209
82.29562039944688
-6.45428396561951
-5.106515205497914
59.80870294347821
51.25118590223323
17.02183156711756
-83.54022814503622
-41.701693767956314
-65.10494399762928
-6.349238450012379
14.391875512851797
6.500693042987152
65.26440116569256
-63.084938617530504
-70.01592575381652
52.563820041013486
-0.8191014238314551
-79.7983656579174
33.169898061715
-72.69250568393505
94.99833503456924
58.98723765981299
-15.827436392121868
-64.9869577938226
64.82425318095665
24.61854160611945
-50.717521717425115
-92.64278559490205
46.95821742546005
-65.97255491373106
15.74559332384149
-91.3683167321432
72.09073561066336
-73.74949993438912
-79.01945152315986
25.54959251716906
74.93894969974733
79.52100064083243
35.097058444857595
51.076931488860396
53.45545727296337
-12.295904868840779
-89.25223507660264
99.05668706464564
-37.025994464052104
73.6913022789731
-92.66784967737269
-9.37836611748024
27.573252539801658
-31.097013535403264
-34.34792645661484
64.60035010845587
-67.47927932397889
-95.87021796914993
-18.270862938592927
35.02767831641876
64.13031127024715
77.51340536641231
-91.42826454557861
-40.242756760449105
35.7845249221285
58.54779129805951
88.24402050964477
28.860966632561997
-57.743806398743814
-84.49865173486907
-31.309219539281713
-62.32396699563043
-1.468171413860773
52.772103738986544
30.031299937838156
1.8913946403380493
63.47390018252298
-59.475377198780755
-76.712946615671
-92.70191239111357
-67.56019083025369
-67.47455464226405
62.20544591482252
11.250691821003713
44.57227664119469
14.90887373082208
-8.372439372690991
55.540814349062714
90.67221637336249
19.20001526010647
1.1148403391905788
-24.671035139785317
-19.063344459325876
-89.2062545815252
36.00710914263229
-90.4344089199862
-84.84788591211006
29.581211371781023
39.953252809795316
-77.04855865122002
-84.4138465536764
-24.40827179470348
71.13691649183752
-55.099120879183296
-23.057941673519082
-6.743244369126771
4.804075293199503
0.18609895476961924
14.9037575284773
-64.15975785111041
99.11598054219291
-59.099526681218364
28.01482098054214
79.80573872017246
-37.34683898257685
27.619395995248922
62.50182941987478
-20.803358572049063
60.643854360514325
-12.408144947157211
-11.6829433395407
28.44959050011198
84.50601290792494
-63.61803289735215
22.188685654361137
4.986569321017598
-36.2696794345607
62.7614952025059
-0.7987426869499217
58.16240952551206
-56.09917539774527
-64.57661201875487
-61.046780412923866
-33.32651675277134
-42.85084058395348
-2.866447921651499
-60.812018338703666
57.491298764979376
24.769559851295696
7.057213358227415
59.67580941015822
69.67095057570722
-16.68679957550762
47.52719545716607
-9.009090880525932
-71.50857476350618
-81.4176940862161
-8.915632545027094
41.739312284262866
-99.28425503376093
-68.17835175466698
-86.39306371724251
49.82911426492677
84.2050970708535
-82.42519727316224
-74.43117126307794
-3.1980077991432267
62.05178352638475
24.196180480631284
-61.83866562001184
-29.410057342368063
48.52557961497871
69.387638566362
-66.27474471363317
14.317951008817303
3.881680983651023
15.63399947708119
-64.75310414706078
-33.56481433040011
92.7930157576836
-21.56125824439465
16.278998924006345
34.36970992066898
97.02199153656227
-43.36117164303508
-84.94491671524807
92.55804034488233
20.485425684383813
-73.83555492932777
97.74428379773138
32.94996295079204
31.841134135922573
-87.0568047091605
8.661510819039094
-50.480369990826105
-40.477852526976775
-73.93639070829634
59.35982684942647
-72.76054998724734
-21.070589467914274
-19.024294283140918
13.13229916197767
-92.13260297100263
-60.4627414878339
18.00904540706145
25.339761512932597
45.478941479286334
-43.23432231255255
-91.83118170282127
-10.405194261465041
-78.3914309483923
-20.570764146753845
11.811350203010022
30.93455607432918
-61.18896005196039
-6.78079215536907
5.553262835100099
-8.256080121511687
-70.39013128982864
-92.81574313537793
-24.2329440873319
-46.87626442142352
25.454949931232633
57.741342162009516
41.24936814387365
-40.735217494846054
28.4616419524788
-22.974059174799507
-70.66848096698872
57.598614622296395
9.033568200011644
-54.32355401974045
70.22173677944954
-71.85374070561583
46.68298334729738
-6.328562225412497
57.08603584636748
31.664873453942022
-83.97488660304539
1.3828674985401506
31.527411864775473
78.63830619710822
-7.347241275742661
-94.78587690853738
-0.13621108376742086
-19.982264241626197
-65.96695858354823
-38.83893290192888
-32.72768689731767
54.764634503971166
-44.31667762073373
73.59476080976214
-53.07521753891744
14.373046282376762
17.58999417852543
9.117340305230414
-8.917708473079045
69.04582018173514
-99.00097579707156
79.72954677566173
-12.741171408424464
64.97238999886946
-4.533775953370011
74.8870582762647
97.46967082434736
-54.03888310716083
-19.710149540430535
-86.96235373961825
69.29654509569906
47.510757326072905
-0.959951111075668
-13.798770640800925
-86.90512920831344
30.828537443912126
-80.72332660521923
52.03037233107966
44.87898019730761
65.0254431673495
46.741973110277996
55.518749819552
9.859912146233626
40.04554358703493
94.76933536227276
-30.84346394378275
86.55616326461148
36.14817565816347
99.16230725157874
37.22178967666753
-95.42872233229534
42.30442290671306
21.284169472170603
38.62501691213632
-37.80781637025497
65.0994887259499
32.47296120097377
62.35602721362278
1.8210112097497984
77.64506834978044
-33.246631782891086
28.680066621738092
-53.57970313594747
27.521736646878708
-50.17953780529376
28.939506429334898
25.351239776670752
44.055604223295745
18.206040002154197
-87.87584990633208
95.15436428537626
69.31512420744309
9.614422770301843
-43.79942694844452
-75.33830707048317
43.14826125566259
-26.121968801729082
71.46890825506992
-26.99158711916661
90.45852487209973
-87.32057018250498
47.945307552937976
-69.78621451072264
19.09541218595112
99.7868760827129
80.30237679552431
92.715451882112
-28.91649979139433
-96.47746114416793
-2.413108438739428
-22.18520557712283
-82.00292602880927
-1.4691976285349
-86.86052218718889
-87.30723303395857
55.00049464870753
26.24692372328299
-23.193983400600843
-49.95205351910783
77.97572943952079
-97.67325684863255
71.05858784278891
64.06219400219106
-0.757592712400367
-90.25140728707497
-70.21929510264468
87.33435613020242
-60.51311549375544
31.10647803167805
78.71315391860315
96.722218446042
32.26322322681966
83.59498671074473
35.905812805214424
-6.989622163062464
5.937761578959339
-16.499768286707052
-98.2251421962883
-57.45188035781887
-2.9870227341261284
34.352177215111624
-66.38572406497693
-79.81681979560841
81.21326593606145
86.31649497944565
-35.52707736286381
-61.92842464503312
-81.45493888969288
55.130665458760745
-21.65694722839706
-42.447165988524425
-4.395227842693686
-66.66418297302137
25.352191608239764
-38.984477497907854
3.098622758663282
89.59053514083107
-6.4286302901792425
60.33602863865241
-98.53861259918371
-56.408934769702434
-65.6538952945516
-50.18031228183477
26.833791897095736
-78.3794029182184
28.041068126510226
-83.84046785502642
-15.111870939172462
-5.560313523602957
-86.99017173454679
1.9335712492444657
61.10400051488253
52.63468198487004
15.569016028315602
92.47229022738287
-19.454369314625055
67.0057014418297
-37.832802084948256
14.870117289557825
27.563421241783033
-2.863056570667368
-43.96324450887803
81.96782557463703
-12.132951154554505
-3.2681561476595107
51.68063201454467
-54.09620163492059
-69.1060137210367
69.3784617035
22.132808429738787
-43.14211871376254
-74.30038626372746
-9.26527123242424
-74.73059096094663
-61.9667788978503
-69.59023513113817
-31.54903405625889
-98.36734630039834
-58.51080289489423
-30.577896479031324
26.59148397789049
-82.89229240939659
-25.655889922406345
54.6859137559795
53.46927919050705
-61.223560045343376
-72.704439102964
79.6881723225298
-29.672807090853198
-18.73991906973697
-77.98370880029928
32.70258500449927
76.51074898599873
-57.34309288452057
17.71549573418669
-29.543972593094693
-7.094281217703099
-29.724776970960832
42.68309700093286
93.55331065790128
96.51246795244606
13.854599444023535
53.82994798660192
-8.251742029940473
-57.645547404055144
-77.21346280601908
18.968109279424098
22.006091029233588
-91.22876753281899
-54.30416402378451
-21.794711264907306
68.3212788902494
89.81599499162846
-99.771385685103
-81.3040605344539
-52.73641682445056
-82.317233518643
-14.203431009537312
-22.820942120402464
-80.91194084881448
-52.463313681931886
30.74101570766311
19.324803505187546
-18.699818960808457
8.337903711099187
39.13901826926954
40.93213829165077
3.3590786807250055
-62.88595626073432
3.051213410920809
87.90202706478627
-43.26632689898264
-88.8436484270167
-14.019409235774049
-65.92949978983525
91.52547118465802
49.1956736313241
-93.26663905459046
36.598959608486524
99.51730825423283
90.99409137332341
-89.99421627791276
8.544427580723735
-3.3971746119482873
-29.388018092614914
17.503847026408394
93.5886163502968
-91.04351941777145
-61.08158195478899
-6.009766353576367
51.90410167323114
57.75009130575825
-52.35371742975805
-22.716625486242492
85.82182171961585
-71.57046794868162
-59.835418936962405
50.00352583462484
-81.04978515449824
-39.444292706474386
32.85961867744865
-36.513756762267136
50.3643591159784
-58.10604403781481
-0.24022990643884157
-10.096642006067185
48.390348907752724
56.68732790393224
71.38261141447208
52.17478962761507
-18.46004533103698
-1.5690487133138191
-1.0996541308338408
96.17198165363905
-45.90670240253905
19.8449507305523
72.11322456459536
83.4118623955599
-41.706492687769156
51.69019963851409
53.730811396779956
-40.66844177749993
44.949694815728805
-64.89769504770692
-45.66887276667815
-41.22543422004621
34.79371650693565
-17.933191876538544
17.5849947163518
-79.40205037248636
-7.191551912486105
42.0619661118825
-12.11132926965324
-8.430204539323455
-32.8479581021932
68.37499025318502
-54.164902337381136
-10.245780871706003
47.2564741402567
-98.04553400385743
-39.51079969935789
-21.912869490274318
-95.26104381755107
22.415874704742492
-72.94317394513143
54.2393785470735
60.80265635077163
90.98472412112062
-79.04044067665552
-52.4771600438481
-6.153203779418277
24.646240995709334
-68.01612410923946
-80.54717672497759
30.686389852730514
-49.64586984635224
-10.381505720262268
-6.648894489038739
30.172872585510675
-85.77446599348215
-81.86509949951423
-47.59870381336593
-30.449290389160424
56.393361382028985
2.9898434688745255
90.67834782164462
-19.641105459078204
-32.62833685076629
12.600287166694642
-81.69234405899695
-59.78396479410881
71.39474624399682
-51.50591077876827
-1.8827226677948943
40.40865233943313
-91.83066120679368
-68.6056501971017
-18.07343356756317
96.82484204566154
61.58380448222812
34.645509489932294
-99.3643723373107
-70.62571373032881
11.868521014502704
10.041859938643256
35.97960150860504
-18.63251980746152
15.194962965336046
-11.964740416947464
24.277603468297926
-24.266897144866135
-65.21292021531286
7.231868082234001
-39.838879437470176
75.35673809449952
31.027143267030965
30.255782665434737
-74.99460937477792
-2.41789660295575
58.48652611455066
69.30508133612216
-88.59276359209247
0.48592082578662144
-85.96596466139749
-77.66710573210784
0.4707744741940161
30.099608732807326
59.77463630253544
87.61758222345156
72.0905316664848
55.7912483179569
77.93600417542191
-73.38530294833441
-19.392318144785662
40.70585157790177
74.32263915484
92.36282242249501
-17.14646041323438
14.580701626441808
33.01402824939893
-26.18145838578583
-72.21959148286163
-0.9394786013924943
-22.981613923921714
14.482089299054195
9.275752192974068
36.69388973684505
72.83905855631079
69.15489584740445
-5.140229853811022
-50.25533523822246
49.199115260953164
54.37310800345281
-63.561562818699244
