-76.19788569355428
39.87773156369286
-60.057336482126765
23.53256567213225
-1.6898550931897915
-69.04406496063208
-6.908587153901038
-53.20087690223472
20.200561995719028
-98.9863552528555
-82.99636670753199
10.161168114341464
65.90482616330343
-98.86476736796502
-42.58061547341876
-69.6815627363146
75.26666456597232
-83.3265222863214
70.67548038731417
-54.605022459670764
18.27402834821909
35.47325962283449
86.65949345108001
-91.27011144052383
13.835804259185423
96.83032129960327
78.6352157086643
6.377879963103666
85.83404101806494
52.72290785242427
-87.14701113412036
53.611470079074905
78.90213556482655
-84.55154624733743
96.4378831750061
-63.10618544385005
71.78665946850558
42.95756111409537
90.70321333334957
-14.716920672814851
48.30138156511762
9.162316955694891
-23.09725324730934
-31.775555474815945
-34.11298489214394
-73.9575522624364
52.64484534741888
45.0719994432217
1.0746036312648641
-98.96471251945545
-27.646930444597032
-0.2031910226701399
99.44818940224616
-39.343991351131315
-18.465658368855983
22.91660994380706
73.10832532002593
-24.406631019431586
-65.70611748115276
-24.320601709413253
28.882598045382224
-15.850470008821091
9.873741664446015
21.40506334387399
-94.91789041295273
-96.46382319794418
-26.888292111003807
1.2144768014624958
66.83262573207878
88.72026546967354
45.395631681093704
13.840522647547402
-86.94359976516937
-9.625877378317568
-62.33348458347567
57.05161292109045
59.391175306776944
74.03415393464303
-37.88188443430811
-70.97057167328684
89.15982708930238
-72.70511645616389
-14.101355779926934
55.939050354437
-50.71087574304924
37.977259964680655
10.734871224299496
8.469037170843706
-83.33012696763878
26.44086449534386
-78.90643936472216
50.90920279907354
-91.50879266412606
29.960870197118084
-15.131090427775405
64.86297498382442
68.72562486104067
-68.6164612016398
90.48048674803215
39.826048478915084
-22.8956199640957
-80.87088281028213
-22.068716040072587
-34.371510462150894
79.31667803513415
92.34481752141969
64.34734490472093
91.49809923165171
78.31752411306795
42.32447976256185
72.20462383881215
-47.342965852134576
-37.80203143708689
-17.054141881673132
10.370738463084763
-51.27047445327166
81.68403793634212
-48.383384854561726
-22.474923627961246
46.471032567036985
-61.98659981860963
-68.87843852851898
88.08214667529438
68.9550107934275
7.88336114178756
-2.1886865303725216
-39.77911014783064
-0.041758636373899094
24.947757030220814
-66.58910662965141
6.835763162460211
64.24017917644917
15.563359942308509
47.761056979529656
78.39592598731616
-56.45557693616392
-72.33436884903085
91.43318755284417
-40.13006299324273
-70.07047541301392
-94.63901670689114
13.740543213393735
88.07768065960633
93.53188616458226
-35.52105736597369
-60.61283443124745
51.957160365512436
68.44910400305997
-61.41053947126511
-95.15029145833405
-61.16492863023497
-97.65239353010332
-72.41663107175029
-52.67319629592675
-93.26191086893722
14.034416016648436
-57.776865466661256
27.014197664629734
-14.976688242175456
-67.97056959899365
22.423684771224202
-22.435693262207053
31.61719879162186
3.932232598016185
-34.81259680507401
-39.116427655864186
-53.17459342818671
42.567631756027
-0.24524759420543774
47.298566053889544
65.7696575971031
-17.948404188924542
-40.37217614891553
38.98023052892003
-25.263848239817335
-52.992014679325884
-23.174229499902694
-55.68119321728482
-42.06896326206508
-1.447427693073223
-44.12688805024572
70.82155548592817
-71.36979309805727
8.343560409269756
95.60368509280465
-92.33521444166183
10.704609661143877
-82.81523533636596
-41.511399284168824
-66.73496590753635
90.92343605564182
78.82439577115011
17.397939277212956
-82.49797403158666
-99.3506934775011
52.1429272190052
43.82266538082661
-60.940899800011024
38.52553928737254
87.20806655169838
82.24540695490504
50.982710486158396
89.51605364918157
-67.2062817274418
-71.03732465882166
-80.92437490132983
-49.58417528130363
-99.39642955993126
41.22464977326007
23.701761888202256
5.521650393000144
58.37922804891224
-57.95558970839825
-56.42750621041939
-32.99234808731737
75.29059211625525
-24.713184409328022
70.69525867616164
4.689818937053289
-14.41920224538407
-50.856843894679635
44.806418629112926
17.676777666513786
11.246305905184187
-12.89037488277691
-48.79389036393491
-37.42175243420724
36.71885777221112
-75.21220280956041
-66.37149801272028
68.77833659600043
-85.52785988653255
28.85909097105477
-15.957227871435649
-75.3367450213928
93.45174103771839
-85.4680573759639
-54.0211847109284
-51.937308037847195
-19.936037244102152
-40.195764935621646
79.71510458041354
82.79708662929087
-57.641204368677435
-40.031173797696425
98.61035432998798
-2.719102459322073
37.10787869742981
39.99742971567963
-2.7053243945817798
20.57498556426293
72.95313672463465
5.819743814718564
92.63805654025708
-76.93574062380813
66.6319117286915
-23.076665775502576
81.34462041493796
-62.05004313301732
14.728627957016641
-5.097057815458442
-50.2372912184857
64.82931803705623
51.827219957030735
15.934682143893113
8.153970384079585
2.375480641444753
47.39673409739083
64.47211596809487
-0.40043540947098677
-56.16301179010452
39.64584186298657
-1.1029494644920277
-84.6923321344579
43.26734749882789
13.64170869969628
7.993591482115093
96.09735595788553
-23.767378570909386
-52.03489712885847
19.887766671696184
-51.64441729663993
16.14484541243604
27.442735732068527
-13.850594853120185
32.42298621304133
70.44677842138555
64.65862709552104
51.7019355765006
-75.23047942810294
14.360602857299057
-57.14809417255506
93.80536733544133
77.6325628580233
-87.97831891923539
48.55669179638079
32.33617476484895
-96.81888795215907
-86.64592544404817
-57.603507550258136
-12.274298681462568
-56.375724770116896
48.74862909609914
68.41454768130313
-51.280604431815256
82.75565574788547
-32.71844348508853
22.90161323947592
74.24156208593618
-89.18505424603687
23.309978956507123
-37.22429613503617
-18.74280455976715
87.39289664312267
43.03682532061393
58.20568099887217
-37.733743774071726
27.49283217036198
49.61913399667702
93.39775224830987
-4.63922727433399
-94.78307526999158
77.73140879307914
-78.00785834739261
71.29083804753176
-87.53629385948787
40.99913436429986
-75.98246680158417
-62.66238316219215
-28.90032193315575
39.170095369171634
-46.107695954758185
68.38586185294272
42.75711405549089
-93.70070043597865
53.15665898585286
58.28994494942518
-60.33665653109368
97.09606208726746
6.411725747635472
71.13602723466141
93.07894473029955
-2.3649878624271565
-14.878360569137186
-70.59940933759283
-72.91277526100359
63.35092853104257
35.43065134439621
-73.22531531773409
54.29779874336904
-11.765830206069424
84.60918669191886
49.16373309476094
-59.97705182245947
-41.13084401187872
-79.26454832981582
-38.432911925565435
21.60405604292228
18.95895227481961
28.545982116517166
-80.80500735916354
-38.15032151723903
-41.34106414335659
-24.079914874685258
-17.321033562299505
22.86131813918233
52.029017655025456
38.61001467230497
-5.9360585994757
-81.53119861015527
-23.713302656741647
94.04287573473977
56.586965132315015
0.45773222626608856
-10.562187304572788
87.80330343208118
9.006388355362759
84.02415373458797
7.37226061873119
10.665251162027616
-84.6018422373246
-15.067811059934428
-76.70515407385501
66.82921817900194
-25.09675750147622
-56.89890781247677
67.66060176699946
10.63529356624953
-77.0335256141248
80.98929989480024
13.985996756953597
-54.74403885389718
-5.564289030911951
85.06374184215056
-34.704411997652684
-43.56105305901092
57.56941622200736
-87.10277932764667
-1.006053933181093
7.026759880211756
46.30776707016503
-85.83156233299943
1.7777930465883998
54.78205574696685
14.171993798403278
94.13995965996145
63.27314504377824
75.88418731705846
95.35936343643715
-62.50449598851413
50.26376621117285
-86.3975480718859
-80.58887378521082
-20.558479505169686
-68.56275221657967
-60.196776931414384
-57.03782319097621
-68.1963147322669
27.148528507809118
76.33608088556022
13.578093356983885
11.529562863938708
-52.26244526048174
-21.372365179871395
14.726174402933424
85.55348425626977
-55.32955937915987
2.264264166117698
-47.47624952728378
6.118206910987126
-43.6996745722134
-8.142586499966285
-84.29458933516432
-91.27845187468515
57.15311313343804
6.355119137183522
65.58971356378666
67.33374683893669
17.425266772305832
38.69734971481594
-36.94283691686016
37.9653869932489
86.74531504374943
49.567709471785804
79.9974427954428
42.322415744827424
61.62606221259176
50.15096567811088
94.70283355931039
-5.566091030345888
39.388665781297846
92.57608143850194
-28.719792959862318
-68.67263378048423
-67.4635949448342
8.691204977398087
-21.513218748066294
60.452974030128956
-52.7528833957444
-73.48658277374656
80.167489790699
57.14161555311961
-61.74088981296075
-90.83522933813595
96.8278834087626
-69.92545667663488
82.49727669314908
0.03935774800179104
-12.947384959509805
-28.934024441742224
-80.85408274900634
-89.62358542927866
-48.26780703314515
76.28303192525502
-45.02148984648624
20.038942048615255
-39.23724713317305
-70.56103603900942
-64.81439781776473
-99.62425929643601
67.43909824769702
40.75741207225744
34.751297461494545
-5.835432833069419
84.2860928146703
-70.44772360226929
-82.18232461162944
-34.663755413023594
-20.63311810282815
84.2890972308833
48.04908604215515
-45.47066333362968
-52.931218255989606
-34.09707454915562
-0.23140513563386378
38.171545015026254
71.23969818598144
-44.843079550527335
1.0533499297818736
88.08459586253892
74.80216481736338
-50.72787979973352
-1.5963492192225601
43.274773585606084
44.82874550400871
26.992983347835533
-17.329860317474427
-34.93983654312905
52.05477505138518
-24.939356442980937
72.76448848027337
-47.60675102489582
73.5558898167202
53.707090400992826
67.98872276678088
70.03119894285595
-56.14967379157909
-45.91679661634009
-24.349709002246442
-15.921709504120457
25.79241846217603
-24.07088775317159
84.71149869903195
-9.151102981955589
-53.40404023480332
-18.274148456730984
-66.75217625331946
29.521753157857177
-96.99368411397835
15.652440946745287
31.127582507109594
-50.79370032953974
-4.4027451169752965
36.21215373067605
-90.77509310071139
5.807933690133666
45.76123985919983
84.49350888445426
24.077825380138535
76.91611452768424
-53.19376336087338
-50.52770588381315
80.00972526144017
-46.469351465210536
-16.84730312835083
-9.965437781822743
42.3552213747688
-19.231972403447543
18.67707123638847
-93.69939533590788
86.68584312755604
59.114763171414666
75.32433910839583
99.6783624781389
37.16032656051314
87.17837926367861
-69.84014987975581
15.256934081569185
-18.630377137250534
92.28852003509203
-9.48616080613607
89.73787590670946
28.04414167992155
-42.738146323662704
-1.9284973623937844
9.843842672845142
85.36306311851425
43.97920973869148
-48.46057423117449
50.83286428099305
20.859762680179017
-5.9972222410911655
46.734102282616135
-68.94991883153571
-66.49873573013652
-51.5162090212177
-16.548969151769327
-7.185005108884596
65.4077101995602
0.17988873257830562
11.43007594203958
20.714640363290428
-90.46685002502761
69.73556342674831
71.57836546182074
51.16352464253907
-89.93668619313824
-32.9116375593331
-67.47719824331351
-52.39835767970757
69.89578678396208
89.8455504266793
16.80480895786272
46.021190429642104
-5.981501029438689
-5.870233696764046
76.3337088419486
-34.68685388017818
-65.56813724632802
3.8995224094316967
-70.0546100606194
-0.7256909971189174
89.34110043219994
68.16077692319016
82.0910085961522
-1.2022112306168395
42.72114279599472
61.73137280452562
-94.44967643467189
-6.353846459044732
67.70444487317309
-16.267046594031797
32.11597684753477
36.05279751691049
80.57444671858212
15.41232062420697
-0.1575038318239308
-94.17296917093884
-67.50052073620276
-5.597916060246007
-63.94516667348387
-5.382282559344674
57.63216089452655
52.758169117939985
30.742748080351163
-83.81622648022832
-55.02257848914329
-44.21821730812419
70.62722862929309
-54.255162976988245
62.09559718341416
-92.98068513531834
-76.96386771489306
-35.165328624989996
-32.87526848957528
-1.8299711943194268
87.6954749712865
68.53001684222826
24.135138052280666
-49.841502371954945
-44.04131974258667
52.846908310496445
95.99162921162886
8.540035088129088
-98.07103794105656
2.146761449579884
-74.44288503040906
47.70734989502225
-73.23929922353173
-96.90970236596472
48.299367487138426
17.22767761741619
-53.3039403547705
-36.33231893019628
16.548149505915347
-35.512296018436444
85.78661420373354
52.60294084918556
34.36321059684869
-6.034850654501838
-82.96132255093536
-73.40484274392843
-30.019496136538166
-8.549186004246351
-2.9729701302378544
81.2987682831648
35.11578979941061
20.747579693163303
88.77676658888308
39.830866586296764
85.28373441818417
-13.583502373126038
69.72649233447387
-74.73945408150963
4.111902618688873
50.08392101484449
-68.44038360439711
-98.36729265775057
-47.40908156839774
77.74553933482008
44.73154983902103
22.531569706212593
-5.85051516620247
-78.95034874696685
-64.9581853651282
62.8061485740358
-61.287939168827506
36.25654746227019
-30.53703117310131
-10.681303294817937
93.67083531231805
85.73729219339333
33.16364976107647
13.332937620317438
-77.28933684712844
-27.310946649396058
-52.525250810065785
55.78749082838394
-66.57779269098727
10.059996685811925
66.62095235634987
-6.048615820229401
-90.5588455479802
62.19848797060257
-50.57381062864259
61.12944412500997
44.76069021680058
57.11358583753781
-74.5526092598491
-44.51962749571183
85.00132985985178
92.06849950348891
43.37404778212641
-57.61400001087702
-5.994958395823716
-33.61693750439014
-47.92611994100917
92.50901148763657
83.88153965525817
-24.311320695714954
12.715491023091218
-92.15897386820151
73.98235609383127
34.95081449060913
-4.774110996729149
-70.4989545188493
55.73885856609428
57.453712681281445
20.5457360933178
81.16014539061914
12.251459364564113
-64.5886093194886
86.25389735911293
65.67143703205983
-7.783337876126268
-94.29203638944924
-82.99970728233711
58.89038064592961
97.62027228455062
67.33128737068452
57.15106243311203
93.5326994805398
14.7740970594445
-41.9349292280522
-2.9370210878190193
-3.1458235364324736
35.153709388242646
-15.53182845086664
-28.329105250414017
84.68264207329386
-80.64939122104468
-63.747678404093875
79.29572965752857
-50.56058240889874
31.931007976995573
64.72025907929842
34.61756174466538
81.0669267898104
54.25260705305226
22.974846521540627
87.42995950300397
-2.330773620532682
-28.695382066841475
88.32754706516985
-91.47685328958333
-74.05658583061665
38.12989439172944
33.146018714917574
-3.2034913849382747
27.380433366323516
7.975205075632246
-68.36545874084545
-72.98183725336753
-66.71569020750998
-39.2795676856877
77.10999299947795
50.07903329690254
57.023727330969905
28.399220054283944
41.67322921617529
97.58696431665442
-3.984779423945014
33.04763464187769
-54.76161348903894
-57.73084637924233
21.580873031287197
8.751463586002743
-6.447926461697534
-85.27086945887292
40.882618214782525
46.638102847967616
-37.39480699016067
44.08190506765641
-95.4417076180192
20.970894748052118
69.08640919480072
-52.09389787709846
29.99482636598927
36.86225985731386
-43.73935110607401
6.9984789206754385
19.856927158298603
74.98612564778085
95.10412015398856
70.86446798672662
-84.457028396531
-85.26879440663524
-40.18067430095598
-31.14000462531999
3.3463529464978734
-96.62229997421059
-26.318162613168923
76.39849991887974
-13.223619536470693
44.12733497303617
-21.62793491725843
-90.09149828580374
36.2129866701718
-46.168881712890084
-38.34275482952159
11.289256513721966
0.38910995777369806
-51.619156457651115
-1.4839280595062547
89.2155686450364
9.516003315145397
50.432488588604144
93.37536514127706
-41.524957116772576
86.04660247533502
41.36519292033495
-68.22613913333706
-26.666564575317935
33.06981695067418
-26.429772610980407
-32.088474312485516
39.29290558908062
70.99148778280414
-38.39870402289913
17.281989330171825
-75.08727416395456
-1.7000882835848614
-88.10655032752193
72.90379553317118
11.223201470185558
43.81501502377043
47.150603493492156
-41.14794009409546
71.66482533210029
-60.387029380172244
-54.37869364181065
71.2357580799763
48.20325595223895
-45.6851103541793
-61.4095190593144
-10.521167120354065
-39.393047843685494
66.02667878719677
21.51246923708534
65.94834147338992
44.820366716712016
81.8668100561251
-36.031153540470264
0.6070562758074232
58.65444985626371
99.90057767665058
-72.80759857359283
-11.772920076629973
-57.44288355254057
-38.378377269392885
-55.50699733465074
47.54304205899186
-73.52632793178917
-56.78237131891355
-71.66953934891748
0.2106751358725205
-38.88625506570058
-16.99555917367806
-6.819976006819672
-43.505732562440215
-5.8059884268799635
-48.741145130035115
-15.27247796342553
9.352679647772845
8.969617899697568
22.357006455669364
95.90610479626957
17.58757313227784
-94.60487705189624
10.440201487116553
62.576498260497004
79.13874097383027
71.63331760757885
99.04211519711203
-18.570817635025378
-35.286690360073905
-89.32892915642161
99.5862067090209
-91.06000218379249
-96.56959679575607
92.38445159346966
22.864807424878393
18.3082234522237
-77.82434538291498
-29.147219802344935
79.49180100493493
70.64806433905238
-59.04834922716083
59.38331635862957
-19.573332038733156
6.523098786453005
7.217538429575271
49.3095475166908
59.62120477545315
-86.31197686500795
-82.69767307539738
-39.077467483201374
19.598467695927297
-7.366716607597311
-38.91730043597068
60.106428599781026
-71.95763534978259
70.1873914022874
-56.405159720756416
-42.92562844552374
-12.189741573606597
35.582652680260765
-55.35603244178995
69.13633875608639
90.53463108783117
-73.71503198584384
6.355359537472836
-23.31779857405361
-55.542539212020614
-37.69594894918198
97.72778035626538
9.89951228157473
42.415355719517834
-57.828165735978175
82.90746847211318
-68.8553230295536
92.26050736818016
-96.54995597131418
66.57035019306724
37.09206237935547
-29.488452924898994
-70.47664196006579
20.37953766380052
24.645641632142514
12.960686664141392
-89.95940859145031
21.927953315540734
-24.218419628411667
4.442644895435336
34.59592559988397
-85.93905259204718
-94.54877964342023
35.09141080096529
36.77587083853982
-12.964537351878633
51.929810006342564
39.05998964912132
-45.953267406444965
-28.3331113812946
92.77625175680086
65.209865394881
95.81137896508687
-63.21086872147583
-19.978972005964806
-98.68723930100825
-12.013499395082277
84.31864660820537
46.25655306874705
-81.94078718465299
-16.595020835510695
43.34219913495295
-0.9932604090581805
-75.752805437091
23.1800507047313
-58.53677714077501
69.45706920981905
26.681267416428
72.32954694296811
-45.73002452665011
56.82731434438958
44.26624195349578
-54.1050538175875
57.99358026888183
56.04841113765866
74.55929559455333
35.16770315534771
27.837478772588426
56.9471193950786
-41.561250720752966
34.057560723416316
82.25533699295394
-86.68204528123975
-44.74535091723906
91.84763740544594
-12.67835157481582
