40.37214627764675
-88.72721459656405
-86.79352787980304
-42.0406460636505
-38.210275475009105
74.32914326538335
-67.01968726791381
64.08795877895167
85.54725335602296
80.58739061630502
75.22471254042878
50.77136269479848
-79.29963160619435
59.557122757765256
15.709103303380772
-71.91879922320453
15.151766846891661
-97.10575915182787
-57.83166795752819
27.063326388918284
85.33263821032014
25.749271083923105
19.649749113980192
-58.10740455698693
-6.316554465334207
-42.852872180913735
-5.8024184530043925
-82.72310543590802
-31.82940872548086
18.881202825395135
-82.34443127358347
20.846975336092385
23.399151612227342
-66.79441956464723
-52.210296547604585
-31.190397738135985
-34.86750888380416
-28.622838282495437
53.99246028395547
-80.18277451188848
-92.46220737947613
11.296130159880846
-72.93962183686138
64.11879102640958
-38.844343319762544
-15.06353553287721
85.27592222239585
46.73422809470193
-2.378563533366844
76.43365762746313
-61.88632236918157
49.099262508698246
-30.074452728790007
69.74280935930551
-63.20897031079193
1.5647055307175464
3.862092160225444
-52.341039927882974
86.77683837066994
84.90606753563807
-71.4257568312259
66.59779694556423
-91.3120266810745
7.2524596764675096
-16.376645178952415
92.07373228689616
28.818751677945983
93.30577996192494
40.36401127276491
8.498558351331354
-57.61590864861454
-24.420040768767294
-74.27940039945642
-40.06796046927057
-59.76712786427068
-6.351139829308593
8.708651131816694
-37.229918377409476
-80.05415756678684
-10.194345030137299
83.56785478990255
48.229728139960656
-74.45069775111921
-50.337886005600275
-81.23864612227072
28.15035053110904
94.48538964357581
72.32334217453257
25.555842640916993
-1.6831497365411963
24.23269451164296
-19.84869670764084
99.32457496815158
-20.63794172824825
-52.13489988680591
-25.5293749510723
-47.742884875559
-75.70209724226856
94.31365322809833
-88.01756571900168
-53.70703609335345
-2.2305386145573323
6.403161000495089
-18.152864744595874
-82.94692753199143
94.92767200353362
-19.8980073068236
26.69568962043786
22.033778322752156
-17.484197952019983
-0.1004617323441721
-84.74277910637444
27.591218870792034
-54.553753593618005
-33.71074334568212
14.803615534412188
14.294898743309943
-65.01983068138696
21.492200864119667
-75.95538861378321
-8.929504776806525
16.5045870141022
-65.38218605202403
-37.39800160983873
41.8018084767329
88.20231252461332
19.093630262866853
73.86967989481803
31.227352262694325
-80.8185611113241
56.5217099649515
-1.38371267380262
11.710017722092488
-9.12774822863173
-93.48788120313117
-3.44707032681049
-95.55566004057955
-64.56292822618022
15.21020363427688
-73.65666398245563
42.653296114134235
-2.22034800602367
-71.66051521066856
39.00091812288858
-40.44712425246906
-52.91566524558793
19.207567476832082
-36.58759203966764
74.73369823052064
15.13861491647674
11.893179586509262
-57.89277148794867
-27.86157164711622
48.92308572775309
-85.10374708563977
9.976407840762278
-66.70396011574189
45.612259664795914
59.38716443867952
59.98538869908455
-85.1634624413251
44.16469101667951
61.819650400221946
-58.301272531820025
59.396216425894806
-49.40033761506353
-76.56160812200103
-8.239339319060491
-25.647973924701844
-19.37628171908497
-95.47265968184631
-86.65017229342453
2.7497577013422045
-85.32536697635389
55.84936148535431
-97.93439177227698
-90.83313752507867
-95.1691956607792
72.85835158547147
94.7743330313472
99.31604840182112
23.78697829601944
71.34519325423389
-85.81337899507753
91.36945817105118
63.65289986468014
35.661538364978355
-89.01256362174135
62.12375527193129
-0.8805145385406092
-41.025896903808516
48.54124923965145
21.257245220113347
-79.40304409543866
-88.49567834751666
3.3020685122493916
-58.68503882570113
49.560208019126094
45.38458326211159
-59.73335906102988
-31.369570833052933
72.01709426480195
-25.95324455964436
66.65607279808674
-98.43788253078091
75.25495311717657
-72.51316833701762
90.94001014366401
72.88691834444484
-34.209619033718624
-81.11936676663778
-4.646461323003905
83.44613934141864
76.31414760047957
37.80192535132153
45.778268625861216
-76.96777391846706
97.40569400084985
-86.03234243874508
-93.98167713564456
19.736499008330014
80.88219397364409
-89.31441888125372
66.93733761487846
-94.78419948557398
-97.20598463258052
-90.24160138784534
-88.86180050073607
-97.17243931443542
77.3900453976683
63.89375427189526
-46.35663188755525
-63.082257079570915
-78.31854128938483
-52.492343430883956
15.052259327579804
-74.35234318296608
60.94156275175007
-44.41202693857284
-21.50896551297339
-77.29155868614635
72.82011156312083
29.797005632166417
98.54825081140834
-58.21833845689053
97.94975017655861
-69.34717478636883
-78.22928536321525
5.396870747177957
-4.475795453924647
19.71394932802187
-57.99869406793581
41.78773331762051
40.50181409912696
-44.412818737245004
-57.40857927180494
25.676807958928464
-0.4589820932617812
-75.33136204336859
80.1103671644934
-79.18984119591235
32.74274839372947
64.72312680999775
12.145578707240517
70.08938441291136
7.1829400236780145
33.84763287996887
28.47604742884144
-46.26173667743569
-20.995660809045248
73.84163972353878
-0.7296144285673165
19.862967626329848
29.00208698755199
1.3835106962446275
27.281407335855448
15.178763210977067
-28.568267422205025
-40.058260951217804
-61.46063524812524
13.465408581052273
-20.280261674188708
-27.07923473045429
-45.021776102436874
43.25801772921628
80.69507393143206
59.82260863850041
28.466582455330126
50.54705333724644
47.44745912966593
-20.68325468179313
-86.40112034285825
58.085521905757076
20.36933419098746
52.2539669178247
77.45426384232607
41.17307413664406
-94.06621731753975
-39.64820248690213
88.233990701614
43.49704326137271
-42.288102864909646
-12.58381319844564
-2.9846784372597597
56.25189499208051
-2.4243458053312565
-64.038941908996
32.7915418308952
6.134206495861065
62.99924603777049
-73.59577509084893
-71.70272786050865
22.101489812833023
83.61495131659927
-62.876873902697895
89.46811939876648
92.96669704921453
52.746848363148644
22.62759139876154
-17.9734692092066
-28.713310664373523
-84.35315968345682
68.37259134341738
51.56688697084775
4.369808653548034
72.31510742555218
65.8514310503316
80.89870670829268
-35.13429936216768
-32.77465559231858
-51.92636437065872
30.566494918648516
-82.96717391123407
71.22851578999712
33.688079264495144
40.37222519369428
-13.595801299652592
79.388546259116
-78.0833139138478
53.36416669750787
0.3296251318793537
-80.19215601860638
-55.970896262515545
39.91276931426992
-20.21848065007559
87.95187466092506
-76.2296526923812
73.46078054053243
96.41239220327628
54.14917866380122
21.45183232841819
76.00465742724788
-16.081491545935208
49.34358229193569
15.286660654288823
81.8088882323984
30.8190773083044
-55.5234958294984
-49.22882217062457
87.35370245883487
20.41624995123368
22.061833620197334
-38.60253459268996
-48.37158204478129
82.32686518901212
-46.7587046094835
-14.574296007037276
-41.40252470380814
37.948936150729
-24.263157693373998
22.61290288520874
9.610194682369084
96.81624619799433
38.51741126560566
40.191783114684085
76.74156739528709
-53.540677984230214
67.94628218555843
13.167111860778107
-85.51979127883081
25.10385151225698
-45.69079831833378
-4.334129370585259
-63.329171906032556
38.49183211295201
76.0701607052446
-52.49210132105815
-95.50583368988103
-95.25715952050258
54.50201828164447
-55.0657184048706
-74.10936648156789
-8.436769931902987
89.6452077197348
-63.826970858060086
71.48446229358507
-52.603311825695734
-24.339754015554902
93.14993649628906
25.623261996159073
54.099324500495584
-69.31387860907367
-2.908120976462911
94.40438824574201
83.69624595110207
19.301483818512224
-29.921099173514307
74.01423984408063
42.75132720368157
-79.61036958163717
-27.181967168249585
83.97691343895528
-83.3117526428745
-25.62970623278362
53.01447999826593
-41.96593077398087
-66.08493486999282
-35.582812702044976
37.13071659880228
36.92381545477633
-89.60856178398231
72.1117567370085
91.62401953519478
20.938303564917348
-4.917866230611011
57.65583880358366
50.34865411382435
-48.321719104636294
98.2236628648973
-78.45199272853611
-70.22463670787589
-9.58614650058145
10.760838029031135
-28.66229240981677
-97.71137744049993
60.89225498727873
23.662937550093403
-14.915119347869023
13.52508520008287
19.86964139775567
81.06973139029213
76.26185198183506
70.06215955120479
-6.332284123310487
-69.75839876310934
92.52714835039302
89.52252044764677
-10.852966626014052
-24.096135439933605
-17.141889920053075
-25.32983693089288
-21.54747127654244
-32.32694413496276
-53.89712374279421
-7.35443939708253
66.99100768927565
-44.13888576795087
60.56174704346432
-5.758708321572641
55.73804091423452
-97.2123972302533
-95.06646919743953
38.436781084492196
-30.10591837393393
-37.3677864916605
-42.26304890756085
-23.50754969258051
-55.50220608008629
-3.020559655268997
55.653599685221565
39.22091833860395
-76.61023344577151
13.486123484336503
91.16019202549583
-3.4276484639514706
13.526965849591235
71.96834719448125
93.2510124745314
-73.33014390684042
-37.77814699945261
9.812901742185517
93.58584968073814
-76.43903855151304
-25.87143410610868
-57.65499760755131
63.920639132978124
-5.957840696273166
-64.29250840363213
87.65464624445966
-91.12336873672024
50.256687246902345
-24.123115795701793
-56.2099594773638
11.266047164420684
-41.291150577111594
78.11681728407865
-59.88166773314041
15.2156987550744
-54.29732897278332
69.60603991329438
21.257031163582127
-79.83746951828543
-62.12644704353134
57.65866116264792
19.302549810344487
33.89244975527981
-2.6307771883638367
80.8937072970233
18.847122110603138
32.295449282019945
-70.57093575906293
-80.74218508120299
-91.85398469395648
-5.197642367924857
55.673667457958175
27.651539883816383
57.06486212618006
-50.877922675337594
17.75324461339909
2.9174167462682448
-68.59692188218298
-12.555306989786686
37.93035190818051
-72.44112658974333
-4.212497480904048
68.38476791484237
70.5945702915557
48.78357106907248
-36.4654560043741
-49.44120734637192
-48.082927757768125
-81.40784775594219
53.797962970433446
11.671176105401628
90.25479449898953
62.37344688952163
-19.229630560011074
3.010125818092348
55.63818511008199
-57.50469308400872
66.48688482342155
-28.337214334152776
65.11734305991138
19.222204060933805
-51.94124300668599
-51.3743707290959
11.08570677898939
-33.48363472547497
-17.53476986091293
35.29803470995813
23.932935947563678
-8.043415407431581
-71.97089669353198
53.85456149374639
10.133807765322956
65.70257847195674
10.89688934399122
-34.72854130076139
-85.72617529494313
-73.42419617464604
-62.25980258532972
-39.09803253947031
-24.10221144861741
77.09963258929159
41.382403307950455
97.61000544472535
18.44240737832949
-66.72742226567559
62.71243916684446
-5.581470160468925
-36.74806419749144
96.84064397430586
-10.317578671481641
87.40358007655345
78.08010023274826
-9.833937938813847
-55.570795381618
-4.615360762197199
78.50048296515277
8.481839835689726
50.776408445273546
-36.56161278260777
21.485432118375257
-38.82627908784207
82.78647228712131
88.67376484104346
-13.873317620217023
-36.55718120694067
50.28043556906218
-8.597376386737409
49.52311002613848
-80.7454586567695
90.42301888382062
42.97168858613355
-75.51274437927171
-74.3783887292437
-86.79017734415326
49.45795505199132
-14.218786917487876
76.3339783783693
56.38659679456384
28.121428259357288
-83.11535262863525
-47.335890872653465
17.96610837560675
85.21389902380889
94.19319597903896
-35.698098662251624
52.75499117359925
35.58276541466702
-64.69917114706826
44.870140953872465
70.21567632964647
-43.581061290385236
37.994656345922635
-58.838045957231564
-54.26102188449222
-62.75567593583005
61.174298623500846
17.543361617037576
-93.7088865955077
-98.50468938172602
-1.1090124095219664
-94.03094844832849
-99.02836320754443
-29.056052388656212
-18.308797845901807
-91.47130552502136
7.215358123604744
-19.387084627200196
26.588225332822674
40.53960213779868
-67.72785431426632
-4.974328040305423
-82.7018924909977
-0.7485550451424388
-15.180364341924957
-12.206468971996046
22.861406357307317
79.4691182087576
-85.4410641860526
88.79293214481714
-21.64897180712188
-23.72834790822425
-28.34130529514924
-77.49657626466512
-94.22526699384628
-46.565135351826584
40.583691575686544
38.57239610639073
-82.06579337097459
24.4635686350329
71.62248139776491
-88.73578103777893
90.46872878010274
46.676585655320366
-25.664655617492386
-28.563058022487994
91.9498223614759
96.30425738009532
-73.74562910889438
-3.06118398235229
-73.70534598226195
73.94528524362778
92.64179365586554
-87.02899596373493
-28.114174918908105
-23.51134546256057
-44.009711464925694
-51.18164541665165
63.626311284160465
21.279201300703107
80.07580697838776
-6.531991428521792
2.176486750359018
-29.828934484565366
22.46339721365895
-84.12974847542158
-57.01457350704264
61.145063255872486
-53.24075487818367
79.40440768508222
74.97878065643263
-97.66309216881174
99.16285388699134
50.48354575154298
14.645214547356545
-59.17333822281974
-20.951093456482454
-42.00025944525023
83.54137830163887
-39.919737279058864
45.24447809849539
56.571866137861775
-21.213360410618094
31.624220009185166
-75.18918043375156
-16.427133555202317
63.94136135042726
72.73517345373597
29.430295008703666
92.01889820035558
-63.786137137900134
-55.5473100119416
5.21642940712988
99.90978355812342
-38.88450697890053
48.968874225852176
55.929470787940545
6.09093243853998
69.86970921843348
97.94072761155817
9.370720959424133
-12.93548920783796
27.888882019538073
-32.09033491740885
-35.57135396142954
15.642631231101035
29.74563698235727
21.614393394283
-49.81251154395423
0.044066219348209756
30.456077539835633
-42.52713613424057
16.524924071002673
-96.4641767831998
54.07255848097384
61.19809601857423
-80.4813113079104
-58.969614214660226
-63.03710798165045
73.09665282778096
-98.32840013812498
-68.29711522002162
28.23793109106282
-45.131066597501345
-91.0116507911593
-65.4726876655977
-33.411062466376265
79.075586533599
15.910163812865292
-6.494326999849648
57.887844895615615
-32.97019078597407
-95.32071149633433
47.84563965396566
-9.793085523458217
-93.05021573036754
86.90910323939639
-36.89333700098616
38.19630484198521
-0.07013541441179427
68.93010780198114
-63.202598515635074
-35.05888293257313
-20.928475537216528
83.47451555942234
75.9321371192024
-96.71995244651643
76.95087861556934
-63.562004236559375
86.03112647093303
96.2137173407244
-32.76081622871061
84.35080281287526
59.546972487603114
6.965944693479912
45.815824066373864
98.19147005006468
-7.957626769151219
-27.448440988869564
3.6124864072891967
-74.8977583803663
-10.327261722511992
-53.67136934143233
97.29309123371351
-66.80891760588227
-84.11800169651174
2.306032299186114
18.62756846297455
43.35120689031234
-53.85013072726361
-99.34658579186014
71.92920446545014
61.82172675290792
29.696055262759216
-93.60738385009624
-98.92190819643946
-8.170803052882647
-57.49910382658345
25.927043013596233
-42.05478613041218
-18.426937401507203
-54.946400162056634
-25.41791487099667
-40.082062024738654
14.78426681145082
72.19288408952139
-91.99764035318071
-71.46127522922443
92.64683953260888
-87.67015200709488
53.2098439737413
-33.693008019792984
96.6786850461726
77.49266600407799
-85.63230500279973
-78.23727413132639
99.63350381454066
42.48629743595441
-76.4163099069271
2.2629039901391366
4.75786376562624
9.149678002977524
-72.9286136187151
-8.708985577102894
-15.400352568138032
-19.66969885036569
-43.31205626944037
-93.58751849190612
25.38987832090899
-54.971955765172595
-67.67474036664987
-88.19981905321123
12.969269322783987
-86.33599090358261
92.66043227427522
99.65662518128971
63.57923907926599
85.9363380854551
62.66413136019963
-58.51932593349068
96.73591041608302
-82.90330057495908
-17.338604476142976
48.45036677949949
-77.9326882133126
-17.70169933539833
-29.147161584654555
-11.641290660065835
50.38253546201605
80.70352637893222
69.50457640705952
-68.03060589438195
45.8521493396687
-62.14484724871676
-66.87781796931435
9.014264287140051
-73.40457162054462
16.92313511072456
45.294822882963274
29.85749133780584
-31.4440105991539
30.607869266697776
-6.657380355522548
46.211485253769524
57.404072364456994
33.92088554031639
-22.849477266394857
-16.047157144638675
29.18208224044838
-36.39942155544116
-69.1373344346123
-30.503426662792933
69.89666389865948
-71.55412847064906
48.03834254693348
-94.66175067588046
-76.53783488522524
68.9674257378964
-26.694362159340884
-76.38135572503657
15.181784304822912
-61.78541239868183
-94.25763596759435
86.41661161456668
74.5926839497053
-19.249656507767426
-66.99188963830446
-8.85215540753083
59.56502986240508
86.19107380767335
-67.25880618337393
-42.93998549117155
-49.904876596959305
-56.02586796402844
60.16485816020412
39.902650657947646
25.701843659555678
97.47944156964903
91.23505357176111
-25.847383730067207
5.006923004906568
-53.61325268780781
-7.458855706701328
-30.493864655652487
-66.96609849408806
31.244262174060253
-90.08986979354032
-79.26566600641401
-87.06914833832751
-3.1448495136266814
-33.40437199495511
3.1830075623667398
28.418162724221702
-78.71159677327167
91.7674166660207
-15.220687946414841
-72.69710575912576
53.72513945185901
52.851148950678464
97.69413114235266
14.774410699644847
18.36643046712338
8.657565659197203
-30.50390019009255
87.45277097253006
3.99992690701292
86.77975513689515
-4.137663745722293
25.186020242637383
-81.25520367832095
2.605069387992984
4.41512918913989
11.87845282296
-86.47664567991144
-35.650258225094404
61.86991380553309
-52.82253867968887
34.485917683554504
-9.374034363826866
56.73774822314576
-84.50885044395473
-64.51245623915496
36.57545809623167
-59.489161293839274
25.266571417400428
-59.5384348794219
-86.15531814628214
39.44121205472655
-30.76516788594732
94.82907954220775
56.976533647131276
-98.16164672750303
-96.36628017265294
-82.56459610163702
-30.542886693301497
17.530633717725635
-72.43561413248732
-58.789992060463824
30.34501966687705
-27.68168590713674
50.51556358742249
-35.71948907078959
-62.14791770607944
25.702994025578334
52.00020154557404
-35.857620376736875
88.66964942968389
28.297107224588245
-13.562092930259766
88.40307812027135
-22.191238145610455
66.27240562725441
36.71403177952968
-4.720859375590521
41.82759343565667
-33.20244024557664
73.85061844361272
-68.55909502688398
47.55507916085392
94.81565609760474
-53.55050336784242
92.4552680491407
41.24415092540366
19.634619450898356
63.652293289836166
-84.25036977250993
99.4826599445243
-37.673186553853874
-26.05868144930585
22.1684379737366
-78.44184666236491
-71.38613681914504
-70.05297057294763
25.05368581381775
-83.62087833742022
-33.39418483058705
-15.054303927654473
63.615506489970954
-23.560487649922266
3.4824230076868616
-77.31939121886839
-35.862410794602
-56.011928273484976
-31.888827413565338
44.40549483977725
-26.811420879860265
7.286321415587892
-30.643657181149294
