64.17347337357202
-33.10296406721011
-88.4407399983026
-68.01104339231571
2.0849450260727878
-0.2984901526480854
-82.17683600874909
28.48617371796513
-77.4990761836283
-26.393709153165872
80.52026610332132
41.6280133451848
-68.02889097189407
-61.98305981151053
94.83851028488036
95.71527370228304
73.81898016828197
-25.822735494186546
52.1295034958965
-85.53313077262581
0.44696978290117784
14.590670236632846
82.4146072326464
-42.524375426007644
-61.22163594172616
84.68248352601745
-29.220335630263577
-84.72826219579204
-6.596637250210378
21.255897746414448
-12.489129475343546
70.87493384227574
44.93189694385012
57.681300708768106
-42.92490477972129
-82.62767770536675
-60.30920158828861
-51.82595694151952
-4.597369688197816
49.98851489196866
11.290494536711421
-0.21895188545315136
-58.04457859461629
80.81238669318807
45.03687664339694
-14.157419770485461
-47.351247815396235
17.794068513185394
75.32452319419275
-5.248730802713396
29.65244072966675
6.832817124574177
-96.62490291906587
-62.24998006190481
23.811396561711362
44.04494878634685
76.0074084608639
-59.82671985536059
-16.593709572244904
78.3986559379328
-78.07071802757693
-11.145479828292991
-5.061971931005786
-39.84837809266351
-53.76914946785851
-98.7248336215375
-21.170316966244698
23.715850313030785
-39.64613894167406
27.06831311575435
-34.39461376611696
-73.47440926374631
-22.741415965657268
-30.421567871248726
67.82899294865564
99.32256551758465
-11.07972461076045
90.53961871870393
-3.8311016939087494
-35.35136192826434
-39.47501400686298
-56.60469736160114
-28.290731324803858
-83.98639455719498
90.52960600475836
-3.282926097874622
21.057569317154034
54.01096358261083
-73.80820012683806
-92.11915709904433
58.99526764197202
11.418843201518854
67.58448374059495
44.389645894093775
-2.548164617123419
-17.178977670443913
46.356352911028324
-32.010666015377694
-28.910549680332792
-81.46669330045182
96.73903431315546
17.3539716726076
-65.03297316878118
67.56739473284745
62.33144908060575
-15.677286286867286
90.358596476213
-90.96672944585991
78.77663341690763
17.102422970665216
79.86690160471917
38.172880475913416
24.721223786489134
-82.2989635039059
-54.61605165039521
66.3237861338776
58.56922582765327
58.790272343278986
10.583231232468094
48.43535091151395
-84.1507701482328
74.28924550771836
12.892117328826245
-82.25716743407983
-48.92988871567372
32.787141808681895
-50.376222383943905
72.27241947651066
71.21203167329156
46.52798628538767
20.916967171203197
74.43480661900875
-33.99349380064176
-31.60135659213003
-57.52032085394676
-15.36314381668042
-21.585666567072906
23.448892971958585
-24.652862241302472
93.61506853862733
98.55959448536078
-63.98200780425343
-21.324823010483414
-16.636097415082077
-35.53233328237384
16.323601038775237
-73.7972703390162
56.85852750097706
10.2764909526947
-56.92307914597379
11.11772824485709
-7.101707616120592
-51.633203339721234
-0.9075766949556652
13.469520036519825
51.179208955190745
80.89159474311955
49.19124192293279
-34.24257884157859
-90.47465410168323
85.34603427006951
-89.44059100012231
46.524697672529356
-36.28263247093826
-85.20935813927464
-82.51319459402897
-38.16897311899541
-2.5838809864253847
22.59969794340786
21.257033806935027
-83.33500455682989
17.09267770584249
29.604901851977075
-22.902604321088575
62.57129121299536
-31.760310339754596
-90.33615798629953
33.24678005084684
93.02260938937417
-64.87964212479883
-35.39179720823353
-2.75291708868572
-59.43592988934752
-71.99806527585604
-48.705888290856315
15.153786726216751
99.49631628764746
-78.70594998592999
-49.342843167363036
-5.206785041449464
84.58175641241274
46.66937266670993
-36.431093562641045
-94.7677374344406
99.36925694513621
27.81518331687711
94.81475852491948
-94.70477328287308
58.93176910474301
-33.46381884786493
-73.42336165698546
42.13834839534911
39.94872127207091
43.14740400737239
1.5086811536237974
96.28171646359229
-95.49086726165395
67.56166572061491
-25.164324397058763
-67.71355269396508
-97.02264447488824
-51.71254451755447
64.24081767622897
42.65592499973258
49.6059427204998
-84.69045635879549
26.117916756103284
-53.90191920887519
85.9163594849042
93.75106957106809
-94.40584467870951
99.90474946430317
-38.8422464540451
65.89287823739568
-50.34884103517536
14.5009833148318
-77.8487316371677
-28.07098502053333
-87.90538956709055
-55.71056822225378
-0.866806845936722
82.43033547447695
-55.23378725638794
22.057847518934466
-16.584981344392148
-27.198782714579323
64.37734771765363
-26.76097986003805
64.06725354454574
27.634251346048316
63.9523248020771
1.1936217116194143
22.323467604051302
94.61691029228479
-78.92152085312254
92.95890005593427
-20.613496079952952
35.03980972848004
73.40279702988954
26.483976547224316
34.448070823536625
26.35066958616683
71.6903505734737
15.591559811595857
0.19850306211768043
-75.12420003556585
11.693453467314853
71.11715976367472
-94.66593085443797
-81.68978218562108
34.114044386307285
-57.035044188862315
-39.69324269140881
39.99575742615832
8.109168613730418
-22.765884464833675
57.461606750913575
24.949574712896165
-94.12667208640445
-7.838654149072298
-59.24585985335773
57.024068345768086
-39.60753396424581
15.584537195667878
-61.456443403747144
76.74816146247824
-80.1708102723991
-99.54573052917127
9.365616737867597
77.94849225859431
32.14323418053638
-48.22390589428973
-45.641275226039
34.91336502195688
-80.08084867895067
50.80999458610907
-74.59238566634674
-17.39106692803469
-76.61326511678175
-90.81693660647458
-38.916887035156876
-19.50770698372554
-9.163060907227432
39.99493618018812
-15.29547070871466
81.23572625437774
73.1434487432123
52.995015925911645
-9.483554078492944
-10.581254820961789
43.65140497480115
-51.36400548053626
41.97108507922587
-98.09227908813062
-17.634732112212575
-11.631263374214114
76.06248989557238
85.45269485301421
-1.1745502725744217
-3.5771154002646597
25.898835095414967
10.012055490312193
86.69125211320849
-28.939205507702496
77.69737762341197
-5.709762648793969
-26.657136751299618
53.142861553228926
71.10750066648481
58.743868840489455
-98.62815626822781
-7.0461200069915435
7.531266012817909
-38.80582941380957
83.89185930908582
60.88599774277955
-38.21218547371008
-95.76686452880656
58.357863888761244
49.88621065617741
-31.79617038163451
-2.6355070160884964
-88.66920721081635
-44.85540898655904
-19.469588533728327
80.80143497987618
-13.262029759276416
17.09671083551372
-37.21013581829267
-77.6322052156157
1.9272937719129004
60.206199742887804
7.630550372416252
96.88365852115089
67.82558909756665
44.80147246820465
-7.387271715947392
-21.62507657810957
43.689169465193345
31.874588227996384
-66.93560222445856
-20.77350378562454
-41.42408583849093
-36.33489163897134
71.25819861035035
-61.43399823839921
-82.53286313851483
99.73051134151362
64.65163069051698
-47.38063549540663
-42.05520764494282
-41.17212275206943
-35.46259039969215
89.68178140492338
-28.2894314414782
-65.33001152412379
41.29658212269928
-41.41067328706831
-5.399081426488237
42.76921019743949
-7.4547408383158285
-50.89277630104752
-67.49017553216714
-89.84253677516149
-51.59171709125874
86.6864315413493
26.098831029248927
-47.06175915524191
13.123248563428106
-80.75333736697108
36.39566605462693
37.18436015772798
15.698081795400682
-61.998524482672956
54.15782974192717
51.31390473009526
38.577967448398596
-49.675905191408546
-96.18900987241712
7.895256985028553
22.998745786801152
-78.57842964116671
-80.36821920454322
-80.47016475259201
-61.92729698479458
93.77992184498729
-37.725712797541114
80.59698559561116
-4.539525242426706
7.76548300178392
-18.244784729680518
-70.80500854783969
-98.28075433492577
33.21427448682388
54.06348921589887
-95.59671634331737
-33.592196354355636
57.52692020682596
20.77173579342508
-20.09995295815304
72.15396627311068
23.846825440728225
-97.27227302162828
49.488189570323925
-13.033230827294332
-31.095875472597996
50.04091994280401
8.37891359774008
-92.18269047801722
89.30945279099862
68.87991009753239
63.32536742115036
76.02576209632176
-65.8498444063673
-98.72455602386
89.59864570290745
-99.86232801638677
-46.841824147036014
-5.685096136709106
-80.79232443046934
94.49600271092652
68.5878656928079
10.031805748658655
72.70626503314179
-67.1334475175251
86.45213408130496
12.05333301427332
-72.18874249853506
11.308361593272181
22.06511289030027
-17.267779383842694
-51.46561932541436
-92.60668287209472
55.442957700331675
-37.52488788069079
-95.75712870098565
-63.46466603819201
87.87301619351317
-14.883367834684364
-56.14518580810872
62.35329505613163
-61.69828820858789
-64.73351810243963
-58.54643507487069
-61.2306904411184
-68.66050791169408
-1.8234212830741399
27.01251584576312
-63.446337756776884
68.79061365981858
-51.55358407260218
-3.5952256896042485
-75.55831954319197
-42.60179659630188
87.87075414438502
69.81257674055229
22.487532287284637
34.9057372678987
25.300662712250073
64.90179755827037
-4.275359280039552
-28.577384758329586
-91.47095902291538
46.72808328168233
9.312277711754561
-50.25573895670177
-71.04342640431742
-65.65806665396147
1.0573259159037036
-38.733464667213724
-63.914457771806354
33.4574777313662
-50.7530258963701
-84.06534468562103
-72.94367628098809
-29.564634987848677
83.42225050577113
51.84224137665058
87.62835817349855
79.38680107145919
44.233545350489976
76.5888889837588
59.37960877404117
-70.16653697965378
-96.6765801231827
49.27198331983328
61.40164066543494
-63.70901466998289
15.993180529641421
-84.72818824208403
-42.364174024473364
-68.6086714161375
-16.259478171315763
73.11959482072007
20.1699414396693
-58.836583532084006
-53.20407625023269
83.67832086612236
-62.435847614178776
-24.38762839722564
70.15546032118002
71.59538947705082
-22.125006241090176
0.7266779065243867
71.16666152366099
9.324217863354889
-91.25261414642725
-95.25527891097181
-43.18167557015782
-35.642284104975474
-3.258490621377547
-16.87108946747142
9.162774714768076
-19.598506365225617
-62.89934826782455
19.516466743404564
71.24395023108056
37.38658754645661
1.664174601485115
62.06446936026887
28.946420333635103
20.478431569430924
-27.679388613379203
-38.18231123936655
91.49981622925938
27.28559624385798
59.86965540947898
-64.76743579140333
-15.745840709002408
-76.11840472539883
74.57477216729518
11.256146587773898
-8.707513604444145
25.514353639806032
82.53223469629256
-95.11613290683879
-19.796052261967077
41.55118082147675
17.094017540571315
80.54768497162385
-0.6539689312567702
-55.857425691672866
67.9736206889664
16.394549508238512
99.72463727860571
-85.56923638705189
-72.07381012594831
-62.61091021135891
14.78963041108598
46.97205030757087
22.822793955718666
-26.79811041461953
5.279060302045835
69.89220185697195
-13.111741664833687
48.9613640873404
-31.80362535156813
64.77572296177763
22.434644544660358
-99.83158627671689
51.579086385800906
37.701880043810746
-5.191152589146924
0.21747023455378667
86.10524167819199
-88.34240967518396
13.75810152791712
-98.87956574029832
-94.33184428287792
52.19926397277101
71.59107728864831
39.570936317418244
-38.98237097895885
70.2588354843221
-52.254346483143664
-12.765451766027297
-25.38610094446257
58.17350230814867
7.16134300995148
3.184699035022959
31.531328665149346
-6.766038547643333
-12.402009553911796
54.21221371162045
59.07042897937427
29.510582067405835
60.84835012240106
90.66192893579517
-45.72370161443571
88.47133811085484
73.94020865385062
-26.347363799285972
11.826793806672072
96.49222007445931
-65.921776194079
74.01259512246403
-69.3552649723658
-0.7082508563398733
-16.414839074191676
71.98294455425602
-24.09467867633792
-15.70606382095822
64.29801477030108
32.439072742505516
64.79009903247135
28.28165781725363
85.88870872082734
-69.27340224257254
-77.7030777658178
9.583830212354655
-93.4577877662171
-78.5915961381783
29.87909397665041
52.65704831378687
19.617140161437405
52.63721420958521
52.23799838221066
-89.34083806487463
-55.51137679710485
40.7942773960427
56.69214669043427
-13.74070124863411
-94.29055573935973
-32.566193666420816
48.91972102447414
-5.616527677377746
-51.426883818964384
-92.35401779689447
6.155406355026429
88.85180148143982
-82.6068331292112
81.53992446071072
97.43596393840818
-50.23725071115508
18.58837815965488
-58.37867180781993
58.986725907671854
-29.819382560184863
-76.35200540185656
48.95105192743202
-42.501618796718276
-35.84382198646401
-29.926830608086476
-61.462598236113934
15.2381207447567
87.85006391068382
61.81514385020074
86.61723487112326
-52.45790000709214
61.06957683777608
48.48273206409945
1.8528112352263832
37.484635104762106
-54.25894570796657
-23.529139776647185
-85.67942259002028
46.88487624804688
92.21788669938314
-25.082250841108376
-27.059724561238397
74.42295711277316
64.44673180298247
48.65333382323294
56.91887427168356
12.95039402511513
-75.50614090141295
-78.4562798060316
-44.18366293200469
56.244505154431835
-21.24930091729233
-74.0349693501278
-98.01071424030819
53.02378712151011
71.5914472999138
-81.43952410059887
38.01447990661467
69.76792157767235
-79.10204192650833
-14.227801171504822
-59.36823221663936
-51.012676350159225
-30.753549723372345
34.02407264819834
-48.18609958635225
-81.60249680761953
-58.522114169459186
-98.35663168758131
32.45994406720018
-9.047332091690777
-44.79662128271522
-91.7267473950006
-84.54984253647004
92.33507637972102
24.926536044014554
69.54549848016248
72.69216308461037
70.22592410987073
84.02109643399788
-49.91631064097501
-48.16900846454561
58.170600048587374
95.70728333013119
81.03999896068746
43.358283854849674
45.03745616868534
97.2347103646571
-41.50621709126696
-54.38456967855936
-68.42808851911342
-67.68283280624058
-68.66175634569996
96.63110591810505
70.68970956113071
27.906852540635853
65.46427275998312
-41.332440402369585
67.80762540915586
5.714699937558549
-83.97449550840398
-78.59345735220056
5.510224322582701
65.22358870474122
40.320094447578185
5.672575612940946
-85.46968674643311
95.24110266876184
96.16330981946601
74.69110001528415
90.59709637306204
29.31709000062324
76.90060926645512
-91.21421034318968
17.41288407672357
-58.00151771500448
35.47806955818359
-34.92311727259376
75.62538721375893
25.123142012272638
-54.72780069831848
45.16085099323328
-43.3604612641735
-99.75652460067292
-61.93894773556441
43.36154415368077
-47.134341572258506
55.78013050732099
-27.873758101652086
82.44811523540926
33.3195339425543
73.53605385483513
94.93221174545562
-89.45325922556631
96.97524543796106
-12.159806988087936
94.36254497788028
11.528378700451043
75.3505001415981
-79.14066361170441
50.08628204732747
89.79120300592328
80.08983730971482
-93.63377309834546
65.00980997656205
-56.59946017452104
-46.62859735317624
-8.029859815405999
20.180381317482983
97.39136393805154
-42.867458764600585
71.69709669881564
-10.018311291607489
25.96464578912881
-74.71266991973731
-38.69137921406383
-55.89472177411328
-56.47587603839228
-89.55758138210703
-91.64314433273164
41.020734675692125
98.03847252825472
-29.252998916376498
-98.6014835008069
81.5620519448052
93.1903339615395
92.98571479800097
98.07981856802667
73.53137971026229
-17.0057874898349
-1.6801917647057962
-64.26295335511483
81.54855833610642
53.02533162989508
46.742504257140496
-73.15512803326283
47.68577799839278
-42.764169052723865
71.45928663717353
-23.068657398011496
-78.91658188602455
-84.0852333517868
58.236749692570726
-17.796295529499616
-71.14350094181347
-83.76520109811494
55.82578922321426
-57.44141799356528
77.51149134426038
-80.35247937243066
-93.18562819026361
-36.53297116260088
44.692500058406864
-80.95967854764825
-21.37967278327399
69.40303611474994
-42.28203390967744
-81.00042610087678
-96.65669932317407
-56.67156720490843
-19.011673492012804
-51.72531091100032
4.8802784993072805
-89.38865727771378
82.17560853798412
-36.3341576815027
22.89960798844632
13.126749278319721
99.1073776050439
31.967159473210728
-5.453158349471636
60.94719093925718
-96.48199186001456
15.900132976287566
45.17856322556554
-9.923655688678437
58.28464643211018
-78.87775223294034
55.23911594088551
62.115082831108765
76.1308961131547
49.52524188296513
30.40621234890716
-72.92684558321363
-22.48635935086331
-78.81439550480883
8.562748953707455
66.9673097842761
61.8606795255227
-90.97729812954813
-62.87370509153474
-72.0685947093896
6.677782917484137
-51.47298635438338
-76.77609904302827
51.721843693094456
-2.24253393108404
-42.87632559836678
-8.971048471172878
-48.489841905946854
74.65718491202301
16.206613979295454
40.879185979195995
-89.87421366357582
82.27100152257626
21.353881148671434
-64.92332968971743
47.89429137888612
-96.23038656675871
-56.09934767075393
48.15243139825796
33.84559090311973
47.01048375484419
-50.81343716327555
13.174616371587916
15.579526213526833
68.41904621185947
59.72737982742464
-59.843161736520976
-30.032476429101536
81.19493876141848
96.35204305569073
30.848811060355644
21.957335672405293
99.01163086144612
84.34202929765499
34.65743019814428
74.02464628034065
-6.165581123189284
-40.650220602465104
82.96670043756714
-32.45012141689013
-20.212731339311958
72.46911003087575
-26.735242492952466
-5.338126964503019
76.54842283654395
61.33319882882523
54.97724818509411
-66.00511335490927
47.753801701077805
-46.73608031872769
88.87519208727073
54.31372609642955
-85.60902386950883
88.73510798006149
52.70245438314507
-71.84413441311324
52.98605018142791
-99.8073781974855
-38.67290034275357
-99.14136634197273
-0.8714160725631359
-50.580639651441416
76.21059930185723
-57.10799572815621
24.403172218745823
-97.5819955703366
33.2755484856863
-56.66769649363028
-57.931314155132
-25.41003530123463
49.75639506414589
-67.4268110183634
-13.479586609810454
80.5787280477212
-64.62604421172045
77.87667850804479
35.772797117047844
-99.6283070250335
-10.233673545502555
-47.60309204354029
-2.502048903515444
3.0819433740914945
7.179566106142971
-37.919567374663686
68.31049023051852
15.811134849888717
51.58269302681978
-34.69748548532161
-94.90836335643596
-99.4862694586895
-86.44265514387448
16.619593115550686
29.459356426709462
63.683248100096165
-96.2442247426901
-81.52148525214493
-81.47165730962416
90.3979190392999
96.95328720674911
58.25292761515507
-61.10332314792271
29.249932676991847
-6.459070365711568
-5.602984020654958
-3.2297357406639264
75.06270416934015
75.83763655872906
70.1928699575019
-5.454101094732252
-91.16220558792992
64.22300311350989
12.286329920229377
-82.8481186613168
61.369558439181674
58.49904472884691
25.104932152612577
-57.262896851098134
-39.68035721386733
88.4710621602236
87.79248256088712
-60.28096367400344
96.56720302008122
-62.91056849643615
-89.3951000591832
36.06101922545963
-61.73515121592743
-31.308373388736996
3.6054713919029098
54.5536125097031
25.013147536629887
85.73572943170808
-11.42199150864684
-43.00612319729784
-99.10689028982844
57.26415549244484
9.147444916423936
52.569025472570445
89.13365793037485
-77.86017434059588
-96.85938039693616
