-79.45600595697783
-32.590829589253076
-62.579281024507694
-88.73585226106273
-40.42709400827218
79.47974616070297
0.9817395103791853
64.71112334163877
22.506276236619044
-65.78370258543302
90.85174946049517
16.87877316451751
-80.33668931048655
26.850434659230118
58.58570508521174
-21.71674512552491
98.47114538682771
67.98212900421709
6.201429041014265
59.83838444266439
84.24327225045539
37.2267848119281
-15.803715362168091
-44.4601795698375
-69.7846281487486
9.334914166701807
-96.1306538883631
88.30749400516319
0.36589873689511876
-47.55719174522508
-83.84284492396446
-83.39276710768885
-45.8155759453625
72.89057583651825
-86.44527272407565
-37.9833336310164
-66.7490106463747
60.99616452506979
10.734588316261792
-70.17090373671186
-53.08914646662126
5.9082778522182196
94.20801785223995
-81.09084615911588
83.81316487531831
-39.25095603978408
59.655167904368255
67.38733452156177
51.26985211002429
-0.19673728866102635
28.41674850331819
-50.31332998886238
16.689713366510887
60.0191472281719
81.88711699458148
-97.9992429242279
92.97985398065745
-44.882232574706805
-2.2522689133771507
22.389248353858406
-22.02252808169105
-59.49262975077345
-41.85863261711129
27.939500504438143
-10.43725871392273
35.54389665221038
-81.24751513803594
54.40399058291433
-26.147949844368682
-43.6086720214226
-74.20336002359984
96.46999983007998
-41.55486156088055
10.393450573966987
-78.62024259178298
43.266101841039614
84.974381192403
-44.93464837312631
3.1460974177155663
-54.28330800238679
12.078630714134846
65.06952425715022
39.088296664225055
20.253531431442127
72.49260252467715
-73.14712007895996
76.00785920351024
38.625736379324024
-62.5093513874482
-71.62983936414935
86.33839951074751
-81.29596655366377
36.742038534980736
-3.68501475704484
-62.35160366894475
64.09428347723528
94.265047848921
42.76960340955671
40.4307468789722
-10.971364264078758
48.006891628258046
50.48793081947741
17.533136008330885
65.82998663485239
-91.73514074974092
-67.84503973368223
67.27046013273116
14.869144987760691
81.16110315259871
-24.251816719270124
78.21910611881825
-94.40427302891554
-87.16917993547648
9.507287586628777
58.621660879807905
-97.75760403403768
-62.68587432110164
-0.39699997816443044
-66.66856643227447
-36.206395944399006
64.76037324358253
-36.97774093276804
-31.570651791866382
51.6372926853104
-88.00207753946046
-99.22831480549476
-82.28068360171503
-83.83101857128321
-48.66972924035762
59.397270535082555
-68.34010107324609
68.3073892183885
-71.79634480142204
4.906827434946393
92.95098957947056
10.845388545929112
77.08840590288659
-33.9752538144656
77.99746038198066
-35.13327228847049
-42.6355425187559
-84.06059102107952
53.64636405557971
88.32247141249877
34.72648203100809
23.85746030314951
61.55483360134434
98.064886861053
89.15712364643787
27.389066647043478
98.17520848995898
-81.96221597718889
-3.6306478514327694
16.210489039903095
91.86951946211718
79.39682810253942
-48.730390040151846
83.28673006324331
-26.8393508655967
-78.16788743938005
-69.2395831695624
0.9362376248559912
41.184217300017025
-63.65390507655624
67.12611767121032
98.45955264796379
67.76564552481784
87.44128089981399
94.76253929397271
72.0287200260127
-51.88674862679168
-64.22553114477982
35.907425224440146
-14.271168261479602
-14.480903172338927
5.040504478991622
-3.775992475557615
17.678335987855377
-52.696724818941206
-4.052350690027069
-70.77097906706327
-92.57394303623707
-58.09376537230162
66.36225032114399
-38.867132673358974
-55.11408069701238
-36.90484071361402
-57.56724021372881
-20.341782099336143
10.47557301698501
-62.992104108071835
-35.57517382414959
-16.094428626940086
38.535231525764004
9.383321914337571
21.024677186028143
52.43761096011724
7.887755867349782
-28.400320026801168
-64.1311376229792
-94.37270811013076
-86.39115114496508
-80.67615236062953
46.93516132648216
81.85622482112407
48.23388856771845
80.13137672054359
38.13627097762728
16.667508781911806
-36.12146418104673
-90.36212657659794
35.18936856865119
-97.65387831278733
-6.293128945198262
47.44263907536222
-15.550473105247619
-15.142195648156019
90.7672701919976
91.47046763002541
-26.186253967599043
47.308914312637484
0.7454211785653939
54.31856843398495
38.71950300301526
-33.825879841745675
-58.588515344140156
93.19315623083122
7.505923409872125
81.41077490579204
-26.235002432802034
11.052549410639216
20.28517666074896
-30.96659942621585
13.954154914507626
-84.14396999481741
-2.496914500564685
-48.1343093770884
-95.32545156971094
31.074935786787364
32.89825349969948
-10.189333676054062
95.71122380903546
-23.259596727442315
53.32207145537936
61.27066388099385
34.871360591919654
-63.39279557864978
50.66363282276879
48.3844995573005
-65.82055981400117
28.180793602719177
-33.07501716327704
-11.684197928756703
14.212114678039327
24.462456283469052
-34.71337430440657
83.51028362971152
49.42649343667563
-88.60215191377634
-80.02197541642364
-19.320477658635497
-0.8352724957640874
-3.07025513650008
93.21680851967596
-19.738790897389478
-93.23084209659469
-1.52370541216753
79.50411337226225
90.16138202832502
-6.957641598749149
88.0311423665008
35.20120489137983
93.18985590018133
81.58943931242791
85.35859708323954
72.69181974634623
29.909786790092937
58.62264635974216
29.106203923571854
53.78172998772342
-45.08402021162803
-87.8082845789231
30.98989132585089
-26.952866692435663
92.06367725895586
53.15835054248316
55.68468673344813
95.15341964018245
7.912531031504756
-0.9172162353886932
-52.13629254000409
28.823731475049044
-90.13846296209167
75.39803751438419
-32.64370469000619
2.454362470165023
-29.994590074895513
20.444200450870184
-47.42284756923261
-31.930456219232767
85.340985905233
54.64197854713234
39.813768629532376
-98.5142374237577
-93.78653785584068
57.181481936003905
70.13574436575388
61.484452065426126
95.74850891081854
2.651230830227121
-37.48615959605559
69.60586701357704
-96.734161742774
7.100479045192756
33.83955857545445
-97.52166968508946
81.34988841616189
-89.65117375868559
-13.738635674963248
-87.17994104199329
-41.47167405203482
78.09108442128397
74.36258655037483
88.47357609846858
8.266065763781683
81.98072367395383
-21.50955818160473
-38.15525778168312
49.46737603415636
-29.34334617322864
-42.12060290020456
-23.589951307686448
-54.11311578000806
47.713974000850214
-44.146997564599765
-2.293808164183318
62.18115692564675
79.85069001725688
89.26312960853383
98.74351215983523
-13.358843467244014
-78.42252378350088
36.301901483043565
71.42982034544403
-72.26917301011846
-5.474676660518668
-23.823216156565422
-62.889876236812945
-65.24899496585859
-17.711593149687914
60.198551398207684
13.332250141150354
19.06539811019283
-57.13869456564391
-86.42858511012761
8.393393766412842
89.17755850940773
-21.79169544714439
-19.35676727171476
2.155646416769571
-90.88283547571501
58.404009943994424
4.7894852424494445
-3.961692869968502
-57.15951892925793
-37.011323359488756
47.52411835817642
17.762472022788884
36.89164265587496
74.60411094040055
19.770624010989152
51.565385682055364
-18.42375251639983
23.304042573376748
-97.61648890311217
-57.22837059823589
30.719694602378866
7.12910959151823
29.176317508989627
41.238387935804894
-76.93743970968285
-47.827850214253445
53.62566989795755
-4.104703006310473
59.118047481335395
30.180622288986996
93.97393168822933
-2.2294626173430743
8.089336792159756
-32.309113330498846
70.1092297265746
81.31167586715955
-39.790269156894674
-10.717836934588405
-18.671732333015115
45.296794391713235
-19.12742048783889
36.046329246502495
-9.101576571128305
-56.58639658000266
-4.165025057660429
6.58264732024972
-20.679989853381258
-57.868747601201555
73.58674426664328
84.29654324993695
13.978315463067588
9.947004681462374
32.06434719027163
-21.362631341744233
88.03403706053359
95.32236760801476
59.51981163670848
51.00489049437468
-66.59405666302129
-70.62942421102944
97.77286488224397
-59.36352609702822
49.480363301970954
-24.170725403699933
27.316043756346005
-13.325227887895366
32.33885869444225
-19.773222964706477
-7.638108008331983
72.9982034697725
-94.77986828259701
77.99778149168986
-63.42752004072463
-61.265406356735454
73.65588008447648
-3.9571639196965833
-73.7960293964454
86.46917120813922
64.9748807522106
-30.864944275023092
52.70062391280297
18.772715182064402
11.079083909298333
34.11859191906083
-59.56819927445256
-72.5745751044385
-47.92212048474986
-65.53451727688176
30.284084810835623
-79.6432343924301
-45.53011136151621
-47.61727489089515
-30.742709015955455
0.790216515246243
55.38245083043978
-39.37173997859404
-39.3969102649951
-61.51705336369717
-37.92449776503557
69.75334360807523
-10.542254596256683
-42.45126165040445
-72.65868282573831
13.00281592319972
94.8288245712499
57.606947241059004
0.9922589983636669
-38.24709275339464
80.2673609368619
91.27018499390113
47.55710570058966
96.30974407123287
-54.500666740512635
28.40798185044136
-22.094771206742678
-86.90538887482191
-40.623824283930055
60.09003724683754
82.26033017574883
13.081170771914927
74.56833466092718
-4.686449046450349
67.28012733828999
-28.455598982968567
0.23029648016500914
-45.83188364710613
-58.468108563918044
75.39598655126304
-81.57556292671765
29.05486526459552
46.08529916383219
-59.866689592457845
-0.8935919440913551
1.949951827245627
-30.67265449995263
7.687344916859516
-70.09682425601775
-56.92603853474096
28.229837940511572
44.24684357721432
-83.46292904088062
-73.24107216725324
-88.95240356492397
82.47738540266286
-36.25748474413528
90.76375527315429
-4.859877304365895
-29.814894512175357
58.28176753714081
-17.870518807365627
61.52814386675644
-71.4722726819744
59.103004333321564
86.79592975291618
63.17212475105666
84.9782477836327
-83.90452291156032
-86.83966837974535
4.712530384070291
-27.184582535608087
52.93439605654339
79.62978718491175
22.0944117873985
-45.091471950525715
34.137686634611356
55.41398001363973
-36.56826877219932
21.560784946460004
40.20763936835948
29.01402806261683
-0.7669354863834315
14.411775178287485
51.11254488233868
91.71399697544922
77.41909836876408
-2.7666355172091244
15.06143602160705
-39.46693337767542
-88.56746495519094
10.072257302678139
-55.69470110491454
-43.823813644706554
-2.2291877726928107
16.055851157562145
24.29676137690832
-9.174323041199102
-76.46901557160899
-65.44159667197944
88.40454753585718
-45.59964453730807
88.33987599526216
-31.03537604074731
-81.53204288237023
-6.115020541145853
-65.88464620706222
-39.10439992883112
-81.64164709917043
-98.75219842638705
-48.918103496991485
-98.77611028138173
-53.447128217639374
-31.366279092723275
90.83721866078162
86.56206930989691
-11.247540611349606
9.074411552719468
-49.77551487712253
43.948814550391205
-81.96764966110649
-98.94919919296427
-29.250335901675854
-28.756926639364735
-15.491712465099397
92.95632137902001
80.21025522024564
-35.42298693880103
7.102616615671991
-64.80370415497774
43.53561465886159
68.11030670507293
-95.32933316497945
-95.45412203194851
-81.683125143901
-25.14106348011218
-45.86253326980072
72.75732105416245
-28.821320430206924
11.578218502155877
-1.4455918971787867
91.98409413745367
-32.074921517678504
86.7388916729673
36.301990615062635
90.1734915777835
71.34405560855822
6.989967164747128
74.35193523190188
34.787610360770685
64.56266537686955
-18.532185265784534
50.45633538705562
66.36298670465973
-30.536838568541185
62.7209207595744
0.5680725271975717
95.94360161560638
-32.656642469729576
-94.56478235475501
-32.75608149452643
-38.43946845695949
12.93227105002967
-14.08941004536814
65.5490955233779
47.11426308759678
-15.509513626127557
-70.5082036499526
27.06120038483901
28.916152075976214
50.99678021681686
4.275140456662157
25.645460564512106
-46.8551347424135
-86.9250603580125
-36.31320237424438
-71.43407260753132
7.050320166307515
24.4235525927307
54.13680442166739
8.033265467094736
-83.64995045974916
90.99263457585715
-47.58982384091339
69.028370098343
-44.20645289260994
48.389632906681896
84.24530810075763
13.022470395939308
73.74249249347383
3.716641390451315
38.0427512398783
68.65033120771312
-20.69163608980493
33.95780688728402
83.5532000769158
-39.37867413249781
37.85586594779144
95.2566583618453
-51.56710523822969
-47.00143060005091
37.40819161693307
89.77525549957338
22.60845738086985
74.18599268721243
-92.54520949146136
-89.66130058885405
13.458820120976895
-95.18532490233645
-48.39292983941312
-6.576234955343381
-64.85358125949313
-53.10748762144144
-60.64873195180294
-44.55733855194681
-10.779620436241899
-84.61891435656324
-32.86667509369579
40.69164026467732
-88.70122410194452
-31.980008667134
-90.07687664040797
-94.64032102964207
-99.16140819103025
10.478615027699334
-49.36655248742117
-77.85907406707817
-88.70891773655916
4.223895421548946
-50.63217645860889
-73.94908037840749
96.22492096782335
63.70151861959371
96.88574451985633
29.989258079877885
84.52115527360769
65.43154186168186
66.10771096182765
-12.126826970022876
91.78468910425349
49.483209259801924
62.65253014977168
-44.96692840373271
-56.05977635536201
-80.12818648599091
31.315007620787725
77.20052053617778
28.964649179250785
60.857837932065365
0.26643065823999734
80.2742883972463
96.35706456501208
59.57271030971319
81.57804891784858
-64.06165303962914
76.78458645764329
-25.46890707306136
-90.8994109458229
80.96056015984544
84.44593866143512
-17.056379855840987
-83.0629890263719
51.29230974696995
-24.38797692796173
-47.845849176096664
63.085441703357844
13.94159007433906
-35.01363015525696
-90.6484909112158
-37.2344504420965
-23.860727134324094
-99.16052135600368
-65.96593787657812
-47.5066949762424
-87.90504058491702
67.26067795660214
26.353390595803177
-87.40335261679049
-95.65791760952418
-68.4512642138176
44.39104416986831
22.394332875110877
-28.0639325945522
-4.487813032481512
65.32246616378575
52.818120125454186
-84.2519225493465
8.050332837916855
13.03355299520446
-38.11488046771701
-8.943566341407163
-6.3860815068994725
7.676977645238253
3.9946921650787885
67.93375121764282
98.21276293872663
94.799789349484
99.0676112791345
30.57605245486414
-88.2038163891176
99.58659249167096
58.23314035045482
81.52212085548805
85.24623833581467
62.0969772157147
20.84009211755324
4.719672194509485
-13.063385498694345
69.03491296074435
56.52485375366513
40.09041123238504
83.92854292999743
52.68386164208064
29.93069006989012
15.572114042632819
7.467709479039826
72.24881723104576
32.97205837085929
-21.989682576089848
-40.16749831449062
31.414012395238558
-93.50758794352238
1.2375626779464568
-83.81195640023007
94.695603144946
13.805001006230924
33.14233824317796
-3.490984643952274
-96.49391840253423
99.66011181632851
-1.171404246849363
49.25893254374898
-63.146865133118204
-22.25481506275402
17.378532155572103
20.93524585391289
66.41800606462422
-64.57940718168183
74.14797764012346
-98.1542936342875
-32.922280668640624
17.43943274722632
89.25785924195927
-91.10150410328568
-63.95191623526468
-20.476983623414753
92.50663234049603
-59.64985498632207
34.89651160818255
47.42779454515647
-15.782698227469027
-55.188820255492274
-97.53131778592909
-65.91330583542867
-11.597587310657715
73.27213115028746
-37.41305158518444
-1.7886287291196084
70.62593330220975
-30.29779663522436
-0.8597639949985876
7.103121159469765
49.38612217063459
82.97249014718261
-53.1474466538574
-41.93935947207841
-15.38126651945953
58.157205159106496
-64.79997582815932
91.32655146852912
64.45297970821525
-79.19689516278879
84.90311075062968
-26.871201764637092
48.21822545523344
57.644242496151264
72.18879538528932
-68.11307556025295
54.22366623051133
-46.530105879129046
62.69412267216947
88.86446906968985
-37.97635973512337
-36.016456615775795
-66.0546039565576
11.222748769490849
-61.80110050525032
-54.48370301495666
-8.139633630884546
43.99762750068507
77.49685796460969
69.2287143627934
-7.778186246635087
41.725010166782
-16.929288340942676
-57.76331394290764
51.74822759233305
-69.82828653311559
-55.54883604198122
21.564747901080878
-99.412448298051
-72.46944415989537
-84.6868148955499
53.874046411258206
82.89571155560333
-91.40684850205633
-1.1939140225215823
-88.49244353939048
-6.419319488142833
88.44106971123847
18.853568774469238
79.13533724397891
-85.64386077314181
8.350819267943407
58.30899834721359
88.89049470261594
-28.095293046941876
-58.52106963596155
-82.78073674405518
36.01095842136172
-51.8455596512335
-28.90483342297958
86.18628056733678
-43.38924576673793
-10.890804315963805
3.06775529002563
15.844178033070236
-36.796803433317706
3.8378544147935685
89.23521904794117
30.19995929468172
77.01445465818733
41.27083351837544
43.299909094174154
-88.33215853446892
-48.381621409230476
-36.4447408163473
48.266723919125724
-47.24022391799701
-30.46954068505289
42.814588672023234
99.86038170108017
34.07475289605458
61.58839630827438
-94.41847650907407
-48.00536399104007
-42.156154813481564
-52.5708554132627
-94.83610749587194
28.758853341077213
-50.606603868216204
-30.577483217743875
15.382094444536307
20.721499649986512
-98.71020890739382
74.44047943684524
-20.989158237031916
33.975247479941146
65.39381963230264
28.23057261821296
-65.8909457766382
50.34967638937414
-52.79808715868448
65.19346835540759
-98.26392329457892
76.5191234745273
68.10427832398719
-87.79620438008683
-18.58648446350925
82.79699271157031
8.33664203204485
95.65181403845423
-22.771459235759565
58.245887934368454
4.5819933051139685
-30.856891432846083
-18.128538791643194
-48.43619755762598
-44.01738901236245
80.8097291862523
-3.0895588624821073
77.94642171009554
-31.072882160653293
13.343638184293312
21.41774247004477
50.145573438966295
-42.21557662090203
9.83866506730537
83.68827060179893
88.896533772119
-29.31663388103911
-84.85179020411368
63.662525709486374
37.16366455670101
-37.80371455855067
-9.089829561324507
50.19371885591323
43.67417950560488
5.353106062664793
75.32203760560776
40.821192342953594
-56.08722890869362
-97.80859263727204
-63.178609096520866
-88.39599015411419
-45.12739047860925
33.72751355823215
-49.42780051177094
21.22447870692004
-60.69505091569911
8.956308195900476
57.96155645263633
33.54828409801581
-59.93916170169802
64.1661120790263
0.11441823897261827
30.72196581689954
44.36288034205387
-72.41234406195873
87.65151687817846
-37.962665581935
84.04025418944542
-90.18179188458022
5.538460191878286
42.89912739661824
-6.048864541695423
46.78326235448432
34.979330772754594
-19.82068419032339
-25.206304669430963
-26.017207975369132
-94.88281182408743
65.3574858737818
-45.78327944253815
-49.746796853217965
-20.33982936146623
31.125257770676257
-70.30813480403417
56.29869567283782
-22.229974136947718
-54.332800185464805
26.102376831982397
-31.190323950506624
97.56933278056624
-74.90020789473712
-66.84150883118407
21.969927143525396
-27.911439785829955
-57.563930188806545
-41.06452924384243
77.0377881291742
27.406921640560398
-12.083744268993769
81.46449353631633
77.76073502465147
-85.2408650190529
