-88.84989246902848
27.407016507389457
-62.61705715885337
-99.63766874900006
48.71733418222664
21.567733130890176
-10.9894107049425
-27.35690547210919
14.19605091934686
-48.4516209999988
56.7394761687581
-79.04798441270684
-50.24070070136355
-85.21796102697101
-36.85057502540761
85.44765834468299
-30.94472467525435
-16.93480021899532
-61.435886315121934
25.401383798690432
-32.19477136132953
-94.33567634624835
-73.31225386659696
-83.27453414906476
95.68933758572558
-11.898467242624548
-14.21463537080298
-18.33919873506393
29.752388276319806
18.15203865485043
-22.12467640813587
-30.066715573667253
29.780469034603442
89.2802975345721
-83.73619819867208
-71.16604081220588
4.359610556338978
-51.54186965784613
72.44440378256388
-73.44405102032765
-99.43996239087616
5.747065407622728
87.61129482868216
70.68635005314724
57.35322551377473
-85.42978873654867
-25.001963955702507
-61.820359190993244
18.453452333918463
69.85019960868101
-42.00500609254003
51.323348941662914
12.276628991324174
76.7846571813997
-25.031884747525794
-76.96394098231761
-43.500899436167884
38.71074041952377
59.66765187216052
9.543764780002945
-13.742619304192132
38.78755548390686
-39.10951453747779
-52.94183605287175
25.644125870673662
51.35252561850507
-96.1832601165789
-51.6674585068079
-7.289611479676978
87.58146725814825
15.822854051571994
36.405015341239334
94.93724360338081
63.98162456772917
-27.199740052130664
-81.61967358669962
65.64913662207297
35.67766100467907
-95.2487662258635
-76.95816507579143
-60.84847084293688
93.2023592386465
-9.64324374392416
-57.320360061129485
-31.799451648542615
-30.56265329489125
-69.6137349740622
28.280927146575294
61.87959289745214
1.0170708577019525
66.66667719936203
2.282497836281408
-23.315506346734466
70.73342554417269
-11.95620949546199
-27.706959072754003
-37.59540717011802
-60.84309028838808
-96.66816408109405
-97.784430722618
-99.889812404526
29.29942104352125
76.19757149164508
96.36028330932498
-99.65283288379992
8.438072664197293
72.32528885427979
-34.53049898706185
-9.47376215160925
61.42543888334737
35.75943384259023
73.80742880483285
46.10361257745248
26.245577681574986
-50.70080893836382
-1.5728801309647338
87.45800124524177
-28.304266850507773
17.60594011658705
-67.78878811793109
-71.66762838984538
91.60749506182154
29.734308139417493
68.62259667062145
-60.65149954220557
8.053596612924267
73.27456103683403
-39.47049984708584
-71.66849579482026
6.327126342338758
-35.975177735861806
-31.06361989475606
70.30699754087337
85.75341887309258
-78.2670153876769
-47.23517290523471
73.74528109316157
-6.519237650524161
-49.427761121812466
4.7244693640954125
63.363803734749695
33.8559722619392
-59.65826659039188
69.39636526883834
43.35697038308467
7.089556421295185
-81.05452011862968
-6.990652826832843
-0.7421869166184081
61.20507102000684
-27.479431282388944
93.15347889681834
91.88516761903611
84.90956559547803
-61.24929710447613
-53.1932091841224
-42.574905674855756
-99.66149188283919
76.03644266159517
-43.848099142741546
-67.54125327770355
-80.67154111486774
-76.28497091188706
82.1191461270545
97.59908311715404
-23.612171611719404
57.05564900858184
4.633104857311139
34.9228755658923
-68.1336839581536
-10.625771025117103
-30.901054959515363
25.65880507390355
-82.90178635706147
55.88186435913343
79.26414922706826
77.62995910277411
82.62917695254512
21.31647558406094
87.22605436821567
51.3716427668995
40.06622873312449
-87.55277978679872
-14.651712005805663
-46.427753498413416
65.8963384910534
-98.9897431680398
-47.3648457900121
33.06847174879593
-16.389844634794358
-74.99058319471688
-64.46560300827554
39.14310451568488
21.667397467498134
28.489463089487828
-3.176824467053123
-89.25258918590133
53.441256823308436
-65.99552616575717
14.558207549584594
-14.789461305359495
-65.15441504287568
-99.80151921918561
32.824001569527894
55.58990187019418
6.45146670028511
24.641309174502894
59.44124438083216
61.332820816176735
-59.53826857283906
12.185726821177823
-47.50663639071122
-71.87740777835432
98.06166041452437
-91.16889407625568
-36.79197400089087
-33.578953068776144
-67.81247561466306
15.938520855479027
72.30283536128928
55.33432220698086
86.59446258366458
-78.18839677159406
47.26635140025161
-50.63658044230293
85.3792701905814
72.14213820711973
91.70771599181523
-30.743540837452898
0.5040590321761158
60.32057792569577
55.89582919898979
48.86882926305273
51.61209216611417
-61.30587345073615
-66.40688990817884
-49.84005011429922
-90.51239029242394
-54.3716239092723
74.36078908872182
-88.51490209551844
-38.467808816888116
-12.66198289043929
52.1702734030728
29.34868983409831
71.84856760560973
-61.63530274825324
32.13158326012879
64.57861050239455
74.2483078151185
49.992092998004466
-13.662962365618327
-31.569583222451996
80.00010728706962
79.94855368268233
4.573132844560291
70.61722141178146
58.56309084197159
91.30798911090693
-15.904182098065561
-82.41630862668305
-8.530576851504065
77.22288014478619
27.393851873608426
61.171315443606005
58.207062768192316
-10.939085794831868
60.188788707972776
20.324755797497332
35.35588100294095
-8.81111675415356
-81.60582728345595
-0.6333654138884981
4.979177415617485
66.53935813011171
1.842240758699461
32.142823286150644
-30.148508986972118
39.892696993559525
80.82426018063822
28.860375576761612
-52.98359035970803
42.98256715539773
82.56478710634025
33.85784492947877
-38.89874777868849
-85.01337592181099
31.43860076910792
47.629001118014344
21.19712262265338
-3.45556826400437
65.4239975410471
-34.00176438229265
-39.88371259610166
-50.74419350171979
24.09276074133946
50.54688184216661
-51.7416780166962
22.79907462879362
68.05669605557324
62.9654061735682
44.070562087664854
-50.83718080863724
29.03667177753536
-3.7227047834057316
-10.992743162258819
32.41265588712773
-87.7864914631773
-9.899689108712465
57.05718211555481
-71.99850971208737
7.161149160087504
-59.61428096828214
-58.20953988224207
-70.12937197499872
97.8940486931036
-72.9543577190118
-44.02822265566635
-73.4671050027733
-88.22300170113213
6.780236125576678
21.143743381450932
85.05367716512765
32.91325190864043
-79.96052028155354
45.63957974343708
6.742617503515348
-15.223275133897076
-73.09829956836593
-26.784945749035998
-57.535238355176624
30.696271130563844
25.03844839796332
-94.42170106396253
37.894273737949874
48.82012588632685
-84.53215819043929
1.6301199366744328
3.312271149531526
-39.597015468712236
-86.0247755595048
53.41336197009886
-74.3270505912393
37.19484600268024
-27.26489659529446
-93.92541495149696
-72.80212648030022
48.81950580800813
-18.409379156333856
-6.958780641281038
-90.32750374194063
18.181338637535504
-79.42942480675148
27.39470578070609
57.14810756347504
42.03511020176481
-47.74088664667764
50.38392078774194
56.660612544436844
-56.56235050325489
68.06955073063696
89.04557022509033
-46.65875158762995
-68.94950000202225
40.410862514095015
10.284269979032203
21.261612548432936
11.17423563858722
-2.183375354871785
-23.765099705293906
-60.21755943123441
32.069449121590225
41.01541909297265
-85.84062910758676
-64.18666666290443
94.26953387727667
99.88321967561802
-56.404835954437175
-57.45715240145053
72.40018740442306
89.24342537837734
-48.58558236737025
31.023389758713307
83.40320129350795
-7.18879361921816
-89.93875424851919
-68.14752096281971
-51.82887896127883
92.91452318268867
-32.309305979385215
72.71151186462035
-73.88328351963631
-58.10798543314824
72.23811112203563
-36.068368754132216
-19.646519445788883
8.219452925244354
53.341874757057894
66.96999524946426
-11.761905646130373
31.20342630787394
54.66456157514793
-80.77116790151419
65.53159923632293
0.8906420166423743
-92.18904735483466
-1.2216338933431103
81.03306059843368
93.97913813103483
-32.88041980221567
98.42818858740159
-73.39934484681261
-38.62678115043698
-33.33932838906637
-22.619744581207726
65.62301211952843
6.202575088509278
55.20703143510514
40.584426996065815
49.11848091648011
77.4060150416303
91.88935487453364
39.65730445741298
53.10906363154885
-57.49794426597623
28.133128955362622
14.15053734080422
94.2738225876488
-85.39775281086033
40.30557722087531
-43.909518135154244
79.5867438153798
-60.1338802811801
93.22711394585681
99.25002390641959
-49.979257474595954
81.08223669620821
-78.02727996008663
71.32807929311397
-30.21421656556032
80.19152647158751
30.615073900241697
-47.18398773085819
-57.46682355991566
15.414413174262151
43.00718923705355
-1.0028611050349099
70.96367892990952
-25.153063593869035
21.12134667621868
57.55646921254288
44.55358729125038
-90.1875364020442
46.93396520295988
-78.15936841647863
17.284746623801084
-15.242496815088046
66.00154783773266
-37.481109221036355
93.55317974939476
92.20637817268465
92.52099646794571
-54.511954306405094
24.91086631484056
65.3386934322391
-95.08559003375908
3.5348850994143817
-17.960090743400187
-40.209358531576875
-14.553927607156808
47.132831103964264
-11.86885652653551
72.19453890348754
-29.11371143607016
-99.56292432162532
76.53025220722813
-82.16403865861929
21.851693671301177
-53.95220269806307
-12.273137640366258
29.587519712078034
-60.52161863037475
-73.11789059156195
64.67641971441634
-60.28357793937995
25.946480234824847
-32.67288748415179
-89.06446780551056
14.760844096812306
-91.42052587686484
-68.22658439281608
-3.4416028476313727
-41.391046725366174
-16.97908194792916
-33.289488268843016
-31.80166050060113
-59.390301496300914
41.232730235087985
-57.51461816038008
23.73114839248116
64.42660833451913
27.130646822189092
-58.098978869652605
56.903308203945556
27.716355763223333
-87.38060171800728
56.102496796045386
7.232855443779002
78.38901129860056
-82.1077983500778
-89.0646454915488
81.51292002737432
-54.27522768284065
-23.4364190053916
28.58893873107121
91.58735255865287
2.2709410757730097
67.55739417095276
-29.483311360144526
-58.90551713461281
-16.248819298500322
-33.255078906611345
28.148834246350418
6.27344334731346
81.10518357992339
-65.55613843486456
-78.37097401138766
-89.26670194832124
26.601432110708572
34.654429193474584
-35.891683247452576
-87.8537866556258
38.460329122876146
18.99923766265215
75.87452668951497
47.594603825368495
-19.94585402080871
81.4149640043104
69.31540653166968
-51.10976550453912
0.7024477484648202
26.00646709705798
-75.95946561389786
-84.02977604969874
2.043559458340141
-36.41606438618845
-2.2427379728302554
98.81613655276033
93.05937767153407
87.48062445285231
17.281809275603564
-30.512304140770794
31.674890960304026
-72.47038617694426
-36.74834600178254
2.6203159579381463
17.732589911726777
24.74848430796888
65.9800675950494
-74.13554008166724
61.17900438576825
63.56919791853187
-63.91703718115191
-12.35408172295908
-63.91354885948832
-48.670911727436895
73.77047457124982
-65.65233793673664
-48.36474710525398
40.52929380669278
-35.203667613269445
-32.6239867212184
-42.02921576782099
-73.21224588668336
14.514194489849203
-21.554703727015195
66.43351055860316
-62.84808335493592
-90.08789992176649
-83.84921562138273
17.02597977508009
74.63827136144872
12.884049633741085
-97.9155401936999
56.059270838863654
79.94110598023195
55.681838200502625
-58.90238512547003
-21.87345132777969
-17.124494381397312
-93.9611730754733
-79.25762614550925
-44.9270418576994
-4.094476529245
-92.6860915062465
12.642715214830758
81.91444926564378
24.5349136230584
-17.410558175813094
30.8860074007805
43.569265355702925
98.1715456087937
-74.4863388147393
-66.21021822469599
11.528630941054033
-34.88372778914774
64.83935503185742
2.207853594736136
94.070629712482
-54.87818109143268
19.967102869844396
-56.28314358596833
39.865133213621306
51.44950206493323
-67.72307425024123
-92.38569099600149
-92.72658084554801
-47.6039445609173
65.68914463721057
31.620036858111376
63.12917865170027
81.98736895412767
21.593066332469803
-23.74257889691704
1.6578348877358309
-49.775066069242534
-80.53823626812455
-38.38204344299092
63.14003189082251
-54.76745783687682
96.85474437624154
-67.49932326969235
14.557849950653676
4.784561744138145
-69.8520501311521
-33.258190443183594
98.89205838995386
74.67753842003535
67.5351871667688
-62.889681053887195
-50.99059089203346
7.921368644221175
43.09667032087066
95.64043373636156
-84.27092152161998
-39.18039510360567
-82.99487442855813
-87.90944138277115
-83.09502432603375
69.95443521233236
66.80034596805237
37.22958048997049
-87.51048525583384
59.36767325724651
4.288845479408778
85.72289554212574
15.821197402291375
75.73097387056822
-51.90420677525094
-35.73623304438256
-72.52817068657006
-66.36818480572329
52.63016807351676
41.91497231369155
95.13842292599253
-19.99610172383595
61.11489697499724
55.99701679556267
-3.0758293305108992
-97.28821677017609
-61.18564203383752
13.16150309669375
64.7567254598448
-78.34675582085369
28.616357744286006
-51.94572519646261
-62.80819241053723
-2.5229262141271533
67.85767457440514
-99.81546936982342
-91.46863594561702
-35.82072355468253
-90.01791303705974
-63.65757737067233
-99.01839829460421
97.8145708084825
23.203545300672744
38.24750744684138
-15.673172229702416
-32.61577731674852
24.10648251950201
-56.648166630456906
-36.64026377240894
68.82753010139493
-90.15559378681218
7.41836334574451
-52.54519420325827
-71.46982225352978
16.349363635958895
-48.444678989195
-66.88868468510958
12.818743458494609
-60.35888361570076
-91.23795202276884
-13.573967401122474
24.755135105563994
-67.74193744309294
-81.0427420521286
-61.620050050261675
-56.76618605221555
-40.33095329155494
83.05524333037249
-40.21371183174458
94.59864450737103
36.718177695448816
63.178837317274684
14.190854738479302
72.81336243365183
99.10610323683639
46.70861865800768
73.98465769967652
41.81633413561045
24.49562614167391
5.939764949764964
63.536388424287566
-27.512754921573674
51.984264521564995
-15.620223274725916
59.38806092353357
55.70189254613106
-36.773828558558506
84.52528311591877
-35.7011100391112
-31.034958957117453
-87.03936975931579
56.345674422222345
-21.61726196866904
-26.416472190934797
2.5315341635672866
61.18518335829813
-71.7757371247548
-80.56337836131303
-43.10266025978353
0.4739295615953125
0.3116359594909568
77.47499868006344
-41.59671134438072
29.09100528022975
-78.8135061713119
-43.11196825573151
-95.54105111536808
-33.963447348307625
58.97520890862393
-37.59286092303951
-33.456114726780655
87.8089932789101
-86.05090791227784
41.25884436783309
-50.6660767832783
-61.537981776981844
33.82755746666382
45.6191195411177
-91.98797073691989
96.03910929032338
-55.847791564050354
15.909943499306053
-64.37473834467761
-0.06230399168327949
36.3985817939502
-58.81334077024647
-89.9458011975299
72.05204109966559
-88.3245123918953
87.94895011256654
-82.13172563833868
41.331654890956145
-44.555602092763344
-41.2539259099531
-17.458970827078815
-62.25111198981459
-4.648375786584765
-27.56056816898804
-43.423068114973205
30.413851194509732
90.59883239422052
-79.8573524597211
-72.23675434981796
-29.886330228389028
-63.49528546485694
29.684081753321323
-67.80056851801741
52.725583897789505
2.858102640165214
29.040598051052115
17.01546968912257
-39.4546879543701
32.88826921567113
68.96392421728353
-1.7759143420746852
57.1750150601367
-43.132875252186544
-47.68422855064791
-41.954076369304886
-51.008391251639296
75.89411882345141
-32.13006723623428
-1.729680221702651
66.42812720751121
-69.05318185968652
-52.42565760209948
5.37948174351645
3.6000811495032536
11.775403562550423
17.353389938572136
73.79542032629467
48.971248307333184
-68.48050765775464
-49.8761468340142
-68.81986675503649
19.481069592582372
1.242125443451016
83.53885167338598
-75.59056129981684
16.966353026201844
-86.76918850352288
-55.59953145513254
-47.702220399958016
-47.65137416843175
32.73566697280927
1.970566141120031
14.414716404971557
72.8837242937112
-99.47226724826149
65.4885263706455
22.191548508097767
44.994355821110986
18.689882953261176
-19.657065165023994
-55.27141126893742
14.207881486203718
-5.980354190663135
24.482018710943535
-12.353921322866569
-75.77842916603619
-25.222089867030988
1.5397087253395796
41.66735334281233
-0.44905468508711976
-36.46860279386017
-35.57633665797633
27.488167767918952
80.51999561391779
10.81809433788132
0.27691172026807465
-75.51235265514948
29.493599568807298
-19.775337158729982
62.237553079226274
-25.282437772274193
5.086133646911037
49.12698329951888
-4.048146422183535
-96.14377253576905
33.88439733238329
-1.7995252063853826
49.27479283720453
-59.778428839715225
90.50804607648524
72.89790974594669
-5.717961555755721
-64.3755842378554
-97.43543469313896
-19.333918390247717
58.01189921101201
66.65225064613045
-0.898805464780537
98.78533505871124
-97.3969411004106
-66.18378362654565
86.11990822490404
-95.40617450553344
92.62664865830018
-6.684238515639279
-54.3949724412452
-66.08239622600126
25.63621250119725
76.73954235115139
-57.024860224439664
48.53683498381673
-82.39934536506706
-53.438802130332455
68.53693273990774
58.11691588309455
94.23904908789584
-49.178546570466565
-32.154524725835515
23.381138210125172
30.181720115450275
-94.3686532943259
70.12503513292108
17.331009909317856
29.6829885964045
39.47303607238581
53.86523839617118
43.897170376408184
-44.78590194390666
-96.15552940715185
-58.580017397669806
73.21351456713242
24.153645929560682
78.66039321699759
-99.23505156371529
-29.241410971573757
36.562743144889595
42.66648797729607
87.89632378392153
55.981231751546005
49.63064705700293
93.33355019489801
41.47114444898256
87.0365388920138
-46.930008771472956
-19.517502653786067
51.30379058222442
-62.76076762857139
-83.22495093041715
-24.888417450166273
-35.20666398755759
18.867012482386357
87.00485670978435
-36.590782144705614
89.6908291589074
-55.75444353567762
39.09699517233577
-27.51842785130529
86.45588477690009
68.66319594147473
1.7675531569558984
-22.705620138483454
-34.431937354004674
-44.48817970559116
-17.068059539528434
-57.73129838260682
45.781602797598225
-60.408423769471554
39.411362389557866
95.97157910425383
-57.18423668512984
63.5381442235695
-88.79008599758329
-51.605833734200246
97.14508736626388
87.56015063869557
40.0231597930038
-94.60624815042928
-46.637533284812015
60.02220003697906
-81.47903078144651
-77.34286928067742
99.68915313831087
-56.746910971860245
-18.72177241692829
40.23781922681417
-33.126408257281795
-64.22101831621099
-37.258080188049725
-64.73829733266258
26.79548967513044
-48.16403184403002
-20.32913842671924
-65.76705639302851
31.566265680490176
73.47244503600535
10.20319274291299
61.172949304835015
5.118216796593316
-50.73727794665395
4.478285910192241
77.01624732425728
-13.890532058879828
72.28796534203062
61.57479220078821
-80.23293219871107
54.49195080581325
8.322038456563561
-22.08094798521492
-9.344336074808595
-98.8043578353982
-17.637251810146637
82.71597764449933
33.831572293644854
91.45313946426282
-72.90613947292306
-89.43291058255174
-4.134641131930721
95.91796318864806
-15.992915103318111
57.42398560905755
-13.730060573459895
-0.3510552916232541
