-5.140196106903261
-56.9655604668984
86.45977173899922
-34.41588765855769
56.708736185000305
-7.731446407559673
82.55946367593404
-69.75427642423075
-79.66662165538365
81.7682890117049
48.069371991180475
-41.41742899386796
36.96049493225041
-95.7160392505096
-48.914866798232936
27.48980283362532
15.12206111228383
-91.8657824211059
-51.06932832301665
-93.16388848993103
-38.412985951343124
65.36612348194885
-22.21607796677681
22.97961963389359
5.602203373095605
51.4269957475708
88.90239329696749
-8.851003520317619
-76.48533717935946
23.470542240168598
37.22589508679138
25.130229439646584
25.849294167277364
98.01131044867358
69.53569073180853
16.4337243148843
-10.528631732982689
25.868905485863564
-40.41074336198307
-54.87630873125964
-78.1103164048965
74.35474080589702
28.21395578380384
57.80736207167925
-73.61351615637747
96.814600354807
33.48078606729018
-97.46604391626408
-21.642581373547472
-50.55011138884713
46.82770511343216
-18.00688327436832
51.364736548329006
62.63670799829529
9.63271361899767
99.33406640702756
-66.69065644865768
82.9981298485709
-55.00108624954056
-75.4303508108925
76.94783961074785
-68.49242058980494
-62.83116469027765
-90.11865584916768
78.66562116556918
-63.45680770698978
48.53490462153192
-76.63846305045453
83.13958599987942
-23.687247406249128
45.818711795735965
-62.563207412555656
71.29268454394895
-75.48771279519444
-77.57838305657589
63.36173180477792
43.15011804352878
-6.218599687394558
34.15108385672886
45.53235835903905
-14.159010497546888
7.101565872323405
-24.49604242355423
-72.16787309007856
-0.0762405828795778
62.998546676172225
-37.08100277422166
90.60046775533516
50.51399463220935
23.11561355424523
5.38836758779118
-8.35032880734623
99.73098701955763
-89.08841846390735
-21.054674136447147
84.04034357493981
38.446953341618695
54.832874581162685
49.52595314198081
-41.399798195150694
11.279351464768055
-54.81934885989996
69.56410657829707
-20.246739509370926
68.2563736085441
-50.24648976688171
-51.20119289167564
-19.487052851410525
91.65426295469433
-19.464043935993743
66.2489399367521
-6.862172580922589
38.20625263644186
47.87140377492349
72.06022430083027
43.57611427818733
61.7828343831398
-81.42392084905961
-22.20912470225403
-11.77935370693919
-22.301350701211646
49.91187404182887
-4.9661300045799095
35.81814353749445
41.62406534138313
-68.5814057915382
67.61503352577887
11.445586493324782
62.890269614315486
-62.53790822004126
-29.18509418572937
-69.25144964765161
-61.53956071769382
-66.93020178237614
-68.15262962720169
-83.1202425799062
-29.73854155554021
9.046237569697112
-9.630441653919902
-0.708273117682495
-21.725832988251923
-7.914629671872149
-77.03578636980528
-47.97025957427976
72.9489098983959
99.024591540302
32.19120074563037
5.606701890757677
43.90187790959291
-30.397796474121634
29.75025001077873
19.06661187529855
-80.86735089509078
-93.2515980728919
19.295962846531296
-34.944193450660975
-0.40479098595650953
-59.5961087264536
17.62594728605484
46.17837750573253
51.59857870406245
12.465947683094598
94.04227763363494
-52.92160691970591
58.26297013348287
-54.34991258844055
39.80567015558856
54.23496522748627
-49.34862209731963
45.29647870704338
-82.23665015175897
-6.762438631690287
85.65870513906196
13.1714889729368
-62.588659170410345
87.02123210202663
-92.59288630853592
-89.25479742589278
30.453530052548956
73.56536777418651
-18.657320034592615
50.40504228150505
94.20759607741064
48.88928485135628
-91.90395525720068
13.934558982382427
-6.433405756056445
33.423992888418184
62.641215487809944
63.24446561716198
-96.07925880166977
54.2154593131913
-59.38071534654161
-10.529500257916553
97.58381328982367
51.3724635957027
62.16637262270709
74.02072730449925
82.26022967594272
-50.05165762343995
-81.12748613267769
23.15103147705493
-15.05569290586915
64.55800308636202
19.225502167467084
-84.37851819903715
-9.201915850803587
71.53283708040138
45.038444829479175
71.49441333674523
64.3200628161423
8.165130517743478
-14.75229833813097
36.461485465202884
4.992139519874343
-89.32011022754516
-65.49369222670967
93.17666928118683
-79.5351731355255
97.83582570132242
44.43091826476774
72.00658857120928
76.25355980662619
-65.60520564375976
-4.74553324768641
-98.51720881557664
15.81105895529646
59.168108341691294
-64.5627189543919
68.60329130267795
-88.1544180843955
-37.14971366370698
-69.34471309416301
50.48235409651713
73.20205896746475
61.41956731326647
-32.75722187008647
99.75949534762535
26.382119720543145
44.05681786365591
60.637719300351876
-40.88911114497065
-22.025730400172705
-87.60848879114671
34.23248444710677
87.7163597285743
-94.03298159921304
-74.17677168601189
48.614342834648056
-32.561668949940255
-63.96891707959313
-35.83325650323752
-71.21175365291347
3.137473717289623
-34.60475198063445
2.8679612984530394
-55.64650432991809
-41.34910369457394
-6.9402347940787905
74.24245425651654
59.901368259425055
-18.552065495755855
53.626388876961755
-21.34049384747705
-59.70783761821827
-72.96475157027197
80.36307925329572
25.45450350525141
76.13170401136767
-58.65984055808886
-6.271040124486717
-31.926039475580055
18.712577692039105
-51.930251888991855
54.46299134986043
-85.93055759585093
-68.80036166401027
85.2272293626302
56.353750436080645
-55.037864022726566
46.303311484306164
49.874248902398705
75.94903322859102
91.66406886793698
92.885366441521
-93.84324212763755
-74.64500918799871
11.25874962661473
-90.7568940812863
-92.1283396694791
-21.594698722894307
87.18426052768848
26.5005237179967
-32.52042587773521
13.981045649516005
-92.67050227939717
17.39866488232677
0.48668712571672756
-84.62656195395661
-34.11075869116864
-14.9895911257031
31.465816151692593
-75.53077799333714
67.07034645404883
40.14533068747704
95.7991403944049
37.62366037541506
-81.8321859119014
-75.26087426744104
-91.57955110987277
-17.823204326274137
-25.752946568231124
17.43428025912108
-11.963790235916804
39.59079123781834
-14.537384151168126
34.037758112707536
-83.31786591614161
-19.99146983893209
-33.05150146673708
-81.22627498995843
-20.28769113847973
74.69556580075079
-75.666473889896
75.56204488660191
-74.47048405189626
75.82777404186533
-72.19046051472276
-76.0809486468758
-44.13642287990338
73.57534510967838
70.4275502551937
-91.23939580058011
35.34502285297617
-80.2872602262234
56.228729754944254
21.149067253446134
-48.590669049271455
31.287064898388564
-1.280296799133481
70.71702953861836
-67.53951007607735
-53.78009183651642
-69.77237431510753
-10.995610660013597
-55.49090429248034
90.45060280323023
-9.120764778802211
-35.45796243591175
19.950859373233413
87.29070576353632
74.22405568655265
-50.584032152185124
-94.57245320790778
43.421872009583154
64.73902752521792
64.12970596319968
-74.17242614547902
-89.76222097102631
78.70739905319763
-45.312116965970326
19.748639752954873
-11.390284700593384
50.88132389225359
57.49287098992906
84.09094018472362
33.702188404459065
71.44707249797196
-48.51306635764634
84.5826117847634
91.19247796672326
-7.6253700479174995
-82.27843653015336
80.91279935584004
-72.3624330860704
77.3263759797475
69.53251818592474
-65.22216635993654
-80.59110557076801
83.42254635191733
35.95890385728805
94.94246545886733
-12.171697453206278
13.087511543293857
-72.59285567516571
79.71182657829934
-98.25390661423523
-26.491605827587733
24.426501602698863
2.895467335611528
-34.12657549326423
53.0989410779583
3.5743092562252343
71.92267383524242
52.34135208696097
64.9002529906706
65.6944213333262
-33.34795080793185
70.66819501073309
75.42674695149068
36.45118899734433
53.463643881810725
-2.4129627918136833
21.579698935695646
-58.10266164943177
-86.69694164286935
58.57686102725114
-69.85199210086203
3.8537881937546388
-31.477806892365862
19.911309876649568
45.051927971032626
-19.51748574375904
22.63726765774446
34.858376743980756
1.5279074487325062
-8.39294619767142
-52.614008224652586
-14.843999055748228
-94.3638850819645
98.20836941698843
-62.66983943103854
-73.25095727011069
-61.04626070609702
16.539599339199683
91.40207607596352
37.466898047911826
93.0924396585319
74.29509574575764
12.600141313357668
-27.758746667441187
76.42960074858118
-96.12126050787938
28.785528979065617
-50.49611467700925
-91.28203517544887
-4.0355479877876235
-49.131008688405565
46.98116878463975
17.412282464603052
37.77253940139019
-56.8520515273693
92.39965770508138
-17.28558851138841
-20.06376820617713
87.4510696051853
-89.59909441595752
35.26313744952813
-37.13131222597683
46.22470353324789
34.286825454587444
44.21045330783721
-55.480570071666754
-57.41025441716061
-80.60235942052978
-29.71306520967441
-58.988429930440134
35.118711306140796
27.891926125796942
26.594802773340035
74.75371916378248
10.343260297613682
67.6562483135497
-20.031527364743937
-13.270989187367661
-36.3523445321527
-8.483779527639811
48.78172542469176
-1.0092386259734667
76.55763275788578
-56.401059000842245
82.36716469038069
33.73232969041359
-39.69492570544888
-18.48511661267709
63.59806016113387
-51.13914085141764
-65.4667394830966
-71.03800460316509
-42.38942346200023
89.37482308673347
22.586632226409264
9.403898515410148
44.42060634007768
60.82199371709589
-47.35398462280684
12.204881445148573
-8.961081090124708
10.888486562261363
-0.45970594747026894
35.762379579241724
-55.706515272758516
6.489523297569576
24.317006793200818
-97.43602004798618
-28.3882882704263
-7.26839933129159
47.16587172611787
45.48370708153925
68.56861421513
28.959456460236026
11.728902087624789
-95.98327808339906
71.24607846277954
20.410359577455253
-36.43389583091441
73.64133144086017
-23.212914984458763
-90.69907675662903
20.533566985454144
60.66808631102478
73.7327646690149
21.259996056963743
90.41505589978826
51.94963530494877
-54.27331875065708
62.07039380279926
-99.49293926326047
75.06478524643106
-66.72862014633117
-24.455164445688652
40.654787027037344
-77.64964136625338
-5.700108880471873
-47.245334867868706
-65.08984304103865
63.77512784098849
-94.5621967607736
17.12616441840366
90.87338415903938
80.40502489857471
15.877801375972695
-54.50739458174476
97.43895098714833
79.92966055066518
50.322702717818316
-5.403205393482978
82.26005127033079
-98.18508572567237
-69.4725061578252
-38.30786270342736
-35.182698002180274
22.33272940594331
-5.037285318062132
66.11610362989333
-46.88445422257863
24.387783243790025
-86.00460964151613
-27.63902048307196
-48.49794849628981
-11.832295277028763
-59.93542340155997
22.781094777952475
-13.324772476321172
-84.01137504000744
87.41423089601986
-76.84210925708706
-97.87521703201212
79.96603739626019
25.78987420805541
-76.00942097646842
-56.4578995749138
-30.579538822844583
57.86110009568404
-56.92231340889238
-77.01652885636506
-59.42190171906725
89.58167082996772
-4.749611869685239
53.49903181109343
-69.77223986957137
-0.28833774119654265
71.50588271707511
-68.5143752994783
-67.23221149672891
-34.03264025881336
58.623645632180484
-6.046599771776613
-10.296842485681083
97.3300162275678
-69.50500715626649
-30.125692184285782
17.002755548613592
-78.97020400778369
17.307395616464376
38.50948823164666
93.47936218132173
-63.00804226303649
56.17903408808894
-61.87079599658154
-58.76780951407461
65.4480775900658
74.76183551395084
-37.91846826255105
53.4344485088472
19.80663764945794
-51.1358055983133
54.89876646793246
-89.54763481906276
50.024968630632
48.00801822773698
25.47181664799119
93.69218314398356
10.447040544292179
-84.65765994080179
63.7666331146022
-44.12424364946111
-12.39259177981505
57.83219040270592
48.95531913157302
-32.75778644862173
44.744816740894436
56.20035766440651
14.927253325286998
-87.57636006332135
33.4332376398734
-44.66499400667821
30.608188553065133
-79.86070339248823
-92.24450160633717
77.37230193802392
-79.40129238257174
13.015085189307342
80.02481213547884
40.527482372635376
55.937971080290225
34.94858727049157
-56.67516086228475
72.69775712630161
66.33069987887112
-77.72371979783495
-20.695896422691405
54.26711884298655
63.45344477046751
-52.24256961052245
63.453111637077
41.191334225696124
-32.30879390682246
38.01307827508066
99.75878510392394
-97.74862037147179
-96.23597545995473
32.36140707167493
-3.354919892338586
-84.51563731944609
86.9354364688516
-32.43899411544395
-69.02260632233796
-48.929000595033514
2.579205055529883
30.960914815057464
-75.11352414558522
-94.43824311649148
-9.590075495981054
-8.01063582350416
56.567708113765036
-72.40770989356747
-97.428049406873
77.53206450570264
86.4096138785998
33.16831352496658
71.25875742188498
20.664335868449
-26.177737455862086
-28.010109102539246
73.02482091000584
-60.53541474184583
-9.465034202993095
-65.53527600753591
28.112027247149143
-24.962584949329056
-11.105297489897453
17.12684066589543
9.806001903878396
35.62433326227742
43.44764222122967
-27.729888095837225
-70.55546009663856
0.25441234736096874
75.97094269009881
91.98020877167431
50.248755859287115
51.317661726463655
22.045273943515767
-76.91261685614911
-70.48316850671985
-49.57937771841636
-68.16959952128248
64.45260215338422
50.78880294065249
84.1178101776556
82.68424154458307
-46.367329894587094
-85.27611002895662
92.44927883367367
66.43292448241931
33.01361263480197
84.03687354088441
-11.65778452292055
-52.08655031165996
-90.51409514342316
-99.2303303381314
11.178044302905917
43.47392314074972
79.24109096181752
-68.91776865912513
-18.9923954104396
-64.89642657636978
-17.641284074548167
43.63774822022893
-94.87034577371179
-24.087957848019514
64.47485841019139
-34.13377907203706
-28.081448356240358
-92.62468139189504
-0.3863415455406738
-56.5999028115183
42.15150413715483
26.566102048676925
-90.80228476177719
-60.18348356470713
-58.73524048373344
40.81645860085402
-29.39427634294273
-73.22827683817306
-0.17079976967539778
-48.63553711758624
73.98794828814164
-66.96406229882028
-68.99395512730337
-65.63503222904814
-63.52131027636101
-48.8299285809054
41.592381929507724
-85.44180947140808
23.411885782020406
-26.239301738755373
-55.30044986095584
25.62496553204923
17.28110415326489
14.764378649448687
-20.964161085574503
20.828104386108052
50.55251301219835
-40.05069963403027
2.600444816959026
32.19754809930379
33.334699493184786
54.53567254202463
-44.72070931075376
-64.95566754289095
58.840445616216016
23.22739890814107
-23.108232302393432
-71.41053507502362
-71.86319507248623
66.1732491367465
-78.19749052552788
-86.587993410004
34.13258653405609
5.250045661931125
-35.774494749689126
-14.725316954090715
-26.896975179882816
91.96673209065838
78.87752403148613
34.532499565566184
71.1560878115294
57.632105252346264
20.34921763986779
-34.38806328755881
60.25424362433583
-74.92831806519997
-3.1364593867005794
22.51832549592301
70.94755970223926
-51.940302413300834
62.26875082015178
-7.207975466579185
9.79000668398784
-8.70047484814691
88.40660502261298
-80.7578606268184
27.538147412293227
-45.07128352326275
28.859567787109597
52.95407243811715
96.8616773713585
-9.311309800115652
-51.23925240732072
-28.628857158811073
77.07428614575647
-38.45130761783382
78.40351260046103
71.55667588794131
-82.63485065663673
91.22648658098916
8.66088427699998
67.04274692666658
21.789530370270967
-40.127184674032975
41.383993993429755
-99.40262438488826
-18.970329552108083
-84.9163119120341
-97.97983143541869
-48.20747137284063
78.33563031880749
-16.28759329982003
80.87891987308561
-53.06107951890557
-61.61243678920556
61.012747970979774
-51.98719931713447
36.65048147068845
62.59431835513553
-75.05527679349228
77.35644668738033
30.868719734552002
-4.537209874715515
89.61944152830281
-53.66964146803856
42.261406856556675
37.7250378044987
7.189191915291275
-37.099256878554776
-20.272055363823327
85.938735809056
94.96153615839378
77.18120430840406
-50.57075615619937
99.33626340817506
-14.16673543669313
42.38735768269234
36.49848442782903
-5.671007685611954
93.7567240852866
-57.92632503135786
-12.029877283371036
-1.8876293577561682
40.38761263058183
58.86159448063617
-61.109322137115974
74.88377332740305
5.576791442950309
-7.285194838744175
-7.750494525666625
-41.329966411775246
88.69372890769756
-77.83530205554956
-8.539080476983557
39.13929990144206
-7.811302642531118
-72.40198291977215
31.989543324619888
-95.8959233629797
-0.2737643735661379
71.35409241227958
-98.73348084572665
87.40214331676685
-63.77022013680147
98.80877962730506
-72.0081349408296
-36.39193165746208
-36.63440475798636
-16.059592662458243
-84.87780809504332
-55.4958809961678
77.32000615561148
-85.78181343699242
-45.975408141764795
-95.23192805815128
-42.70370987990768
-56.601715867197775
-68.29631544696704
57.81153813492486
6.4114212247945375
-34.84421232699361
-31.50078323212317
94.26804289095531
-16.811667095304443
-9.984489562325805
27.709352013752707
-72.01096913214957
-40.67885129263444
67.1539268145248
-57.836021328300944
40.38286140336126
-2.628610284661505
44.44585796235762
-25.326490341460996
46.608022821791195
51.939240841922214
-2.7490148594598622
10.614456394848943
21.14709575634714
96.82974044151683
5.866198536422601
43.60966898628965
53.73293632421007
49.27701327868667
23.335848430789724
9.62792250900037
-6.991281730597777
-72.13402938751369
-60.62834339731793
7.384346537361509
75.34891092285892
41.96580301768958
16.252516195362816
21.137267727880698
25.317862350876325
52.82475237639605
63.9327570683337
97.61873833048753
21.056733741369698
-20.135185603654463
50.328204559987
18.077542069808246
73.66039393499554
-85.9724349202498
-12.398141863371848
94.38847580803943
-0.17323219879858698
58.595357144139854
-10.11536856955135
33.67938455986885
-54.11608869019426
52.666967894001715
-63.71878072187882
-25.100161436530556
88.70848654817172
-80.78464774412872
-29.767209919324245
49.12803423445092
97.84016172509328
68.68896510901004
98.63505056102653
27.49573605588631
52.94397878298349
-17.816123567897165
-75.14019906479142
-93.1493602307535
2.533349935832959
31.748012399772392
9.643558462035813
19.912158639993464
-8.26817869988814
-99.66679455986664
-52.93996856738372
-56.970526918756235
54.22971514763833
-0.7690333144420691
-53.37098013250419
-65.92461147586191
-64.36226144356294
-48.09547034445074
-71.36925398698773
80.39670897433598
-84.52035646183896
38.226150693676885
-9.900140613508142
19.60334925588971
24.405416357827065
84.77882295170485
-77.00786758227886
32.493769422889386
33.82803848484966
8.92019391430945
-87.3013432698545
-79.84779622178132
63.490410144791184
1.7008018145970851
-54.90962252328422
-4.820759138094303
-79.51708202951629
-9.590923588858331
91.63756976638263
7.190841554628548
89.23075838723636
10.012778921233974
-26.473070657366506
-60.905920541469484
-77.5356452898817
69.41965914709684
-21.965218790639966
-42.2142784035358
-95.40097292916845
23.880460204298686
-76.54426969802842
-70.49509611004432
41.80670074098876
32.08305893211559
7.1359035857582
-89.19956534121695
93.37923358023431
51.58335096738702
-63.59656320800764
0.0895465145560621
