-25.08534860996747
-3.5805426077812967
35.52203012146501
40.42017969896
73.23434773022237
-29.556803270813248
95.90994623535923
-74.00358685883688
81.55465013132834
93.73804991044008
52.44639416862401
-34.67778069909062
-80.05059462609802
-51.19032635746199
-21.33545656661593
-64.23031611000022
20.802432360686637
-32.23774641737418
-57.28687960962955
-35.02561899061567
55.25376117497828
-81.1312955327463
-86.84070027190822
71.05959887809433
-8.800670448227649
86.49740053363928
-3.008151112689589
-65.73895767933632
-24.728611041595585
34.032339671235746
-47.49774018648844
-38.653559284340574
-80.24437894204009
48.225061279939695
26.6002859652462
76.79066991767408
-5.042089449024957
-72.31953606728858
-35.634852618048455
40.26396211784399
-20.47860266005719
2.5673013377441407
-77.82282761977753
10.26112230930147
80.46446264472198
-67.56505970605397
11.554745525457662
-90.91088971083789
46.21314323976753
24.628478127138393
-30.65898366648203
-97.76617044685668
-57.0262866090812
25.68331208756274
34.53630743669905
-5.387778405211478
-21.298402290058988
-65.9673267914106
-58.257482748425794
-10.64482926752548
-51.23970182463591
-90.58801078637954
61.78429309459693
-74.156736260343
67.29877976833828
25.969197381919628
62.786900415947144
75.01329707338562
63.05508566233982
26.645082902899816
16.247871022738394
-98.65868622006218
-30.06778011125739
80.2778411277387
1.865100306130401
28.209103141536474
-33.51407468596068
-74.91268241662412
-60.59525600323346
-3.4718591220118498
-41.44916453009853
-10.125112308052948
19.00952094257387
11.58716730754199
-3.2614361339744704
-40.259172331558155
-10.033177734695784
-13.386072514843931
-34.31868465581243
-41.22910338922168
-11.699078265720601
-62.924154131435216
-95.333985213746
-97.12662378330555
84.24564833802879
78.47724124473007
76.55775081135172
-14.30959208704077
89.45564989323682
-22.82870509774999
-32.562463085902465
78.1826421207196
-2.769681330685671
-18.296474940743664
24.850344735613845
18.926585340812977
-68.05081486195888
-42.51941264340786
-66.9466439218192
6.398075043989664
63.90375393495319
91.7984418879557
-8.621669879494803
92.3183972381361
-73.85629881680805
-61.52531014980009
35.23463892656363
-87.8616856939774
45.43959726926704
74.22065536491672
-47.08566062502051
-5.295990466544495
-31.26796425325952
11.869176333043697
-54.2220745104131
44.20758954109098
62.76235160159888
34.681298476581844
92.33432491504979
20.12000226254456
77.78403548741409
2.0804485731266595
-61.98710634804981
-98.65504313487325
-80.34222647942211
-79.71835729119188
-68.24484636793686
6.215924938527692
-99.30894748786494
-59.69490749107405
-65.11464236171318
30.924473712317223
-76.95026815726429
8.76690716435094
-11.026867403400331
-78.66370209726028
20.947358958669057
25.85367852494582
47.32849562132796
-90.99900072493404
-17.11745538528639
-51.09174396946514
37.307422833424226
-54.621025993150816
-55.63594852841995
28.80202006853645
-1.2752698515198233
-20.183790706419643
-23.16084830029284
22.874772067736743
24.304102697934525
7.4538455281087295
-65.78161574098944
10.26102650283704
-26.232379473821
7.3200195701841295
88.93769048825618
-20.521355198211637
31.46031426467576
-84.31950897893046
93.00542858630595
84.8538781047013
84.53443200331316
8.389813249462662
-36.906502268702624
-85.63754573929172
-51.085469419993586
-84.22894992678955
-35.292477584590884
45.29217341767989
-28.268714691955537
-65.75419378110604
55.50895971700868
42.2227181083326
8.086982932529523
-6.7005243360854365
-7.821197827859152
-41.11046836701326
57.893954857704244
-67.0295388255288
28.344109108081767
-73.18552675234056
-79.12558975908972
-59.8307734857769
-73.07769943184937
62.0682027756026
46.13692560621388
91.51148569442805
67.92903397275626
98.2382284844793
15.600918991030042
-98.33193976254412
-62.96871148899166
-82.77614144564471
-76.51142517976908
7.77650811520823
39.39298577110398
48.63177091742568
-87.5779774325886
84.28573737152882
-88.01435958907145
48.77251653904244
-67.47730513186082
91.98376801573082
-37.65483277669104
-38.7825331020929
78.21578136834458
-18.449473997683157
-91.71018510511885
-84.16912039394421
-71.79282312680395
19.931838357757073
-43.02363778732698
-39.940383415155246
15.971358223942133
16.577742898089724
6.566177458956773
3.3913345391102183
18.533474420675233
-23.600170844531945
80.75346688805837
-36.760867003520595
-22.64874589193036
22.35822024422282
-3.990241274108513
65.44075908043257
35.13215259313213
-23.89327293603047
-51.18355918993451
83.27632960665326
-39.15859253284404
-62.37110232789169
7.278186104945746
14.386521579031978
-18.6831804279346
-6.226482608607114
-17.726882964908896
98.30607679205283
-20.99519417394464
-26.49807720886872
-68.99583430341865
-29.177139238858672
76.25503013532898
-36.15693786488412
59.95352382776443
-21.12508430996816
72.50391738174801
75.35015545711516
52.27852992865422
5.697379180113444
98.24651505572882
-83.31396806237177
-20.666891329894213
-12.07021373523088
-57.957227281796555
-49.38751207934906
-95.38749872566498
17.489921673288706
-34.20366440763614
87.7149530837946
13.801547533865403
-33.02540721722072
17.294920397269607
-21.542980370240898
-39.99099200853764
88.70975814961503
-11.383842917135766
-68.1180796138752
81.09583923701487
-48.9794411288849
93.74419887497822
39.80483931348826
90.18619470012072
27.636094544736252
-56.62524916899636
86.96049461619961
69.18943010333487
71.85338231458488
50.49433365285685
31.559906336254414
8.312263592164769
12.081724831553771
-74.13128013785528
-71.21543189448367
90.22556803296968
-69.160788250363
-22.324719721427357
83.27333993127601
3.895182357962142
-74.3111571406416
14.606232999354091
63.09500928820552
-5.028557473647595
-67.63048856627852
41.36120595851952
79.0371000934339
82.86851638162577
45.02775875999356
73.27149853691441
-88.03019707489813
53.151341386335474
86.21577117252465
80.6077863500862
-74.50746502117389
93.15098842162507
-13.3828126595579
-53.25097969541317
36.10567586367469
67.15692673442737
-6.496340468245236
90.47017185818439
-62.6755166960127
37.86608380934092
63.255639563879924
48.10078200275015
-96.51918699230777
19.702875170173684
-27.199475542126834
-13.96078987819979
-61.754450573450434
-24.094902440290596
-7.145475210080463
17.83230780141058
80.82209301933193
-50.49084307433007
-50.5960454558444
-34.57816634349389
-34.16243889174564
59.09916285994046
73.34275240729033
70.56068889441997
-78.95263854984887
-22.667939212030078
-98.17026370923854
4.1404844765831115
92.16788668866224
83.40819965187617
-21.017705637549255
-21.72298978330116
67.22010083469786
-20.884816528454223
37.93750967146053
51.72275099895424
-57.16597482066064
-3.8564086938079924
79.08008303327196
-71.32612189585537
-87.59440313391922
40.93598620554215
46.290757080406536
75.12247953360466
53.5777525302251
-32.70014024964638
71.1940821288635
-10.847443000715117
66.1209402952716
47.870926806837645
25.08743465965202
-45.80750880207243
-13.60911399264235
-74.68999343393494
-97.12417553091295
-96.87106346833649
41.884700668158644
-39.48715607936526
78.21359368119224
25.565565227071005
3.3581020531817387
34.29574334077182
-74.49779844824019
-58.30647397142985
-28.278698966470728
-19.002353718295353
49.576037876877706
-15.835088465805455
69.59969909228144
-68.49029134594198
-17.238645229597353
0.9415679335181437
-26.99018766395153
-51.647252134408376
-32.89991932983109
22.844824818850356
27.60705933095609
-83.52646198273123
-80.08747282400003
76.32312794707806
-81.1275120621299
39.099694678218555
17.59117239765689
94.89210188249297
56.135613211771016
-17.545030980822048
-52.06410943604776
-18.73965205609622
-64.43325771289936
-85.44717064264746
52.03588308474261
-23.070974354512174
80.4868234920728
42.87569326165371
-7.06574881105017
-16.670298641653858
-95.73235705459848
-25.0467124195127
-74.69814265516112
51.71607338898684
-67.52243297544291
-6.758873020890249
4.847194757890179
-96.45797071935458
-3.061428018057171
15.906791401626094
-47.817997803304536
-23.92520047860249
-44.32850082491964
-43.4606455916553
43.33873169636087
56.59311082915565
-7.131396193446847
-35.143599940026334
58.38239581235746
98.19039588251016
79.56814419214305
50.95770082469423
53.90228395137106
-72.18378527554492
98.6761806821776
-15.797711559302869
-34.499325158560936
36.12204245694656
-26.55011095523423
46.24633868426142
-82.68449468281203
58.32893115829208
30.38094228364909
38.88697792580189
63.92268239836366
-15.001720519439374
42.77311984721746
86.73187886965778
-65.37242391145969
-29.595408306881524
-49.82008326573744
-65.92745306436689
-35.546938871763416
-33.97827756987424
-54.99820487183171
-98.5973903650838
-44.295021722435024
-71.19581619625701
65.13264714801653
95.84233028903179
37.13695912724876
66.11996804632568
43.37236330664214
35.851147585948155
17.309966014749676
86.31584019827397
63.65758442912056
-82.92973216150008
-14.807370403375856
-81.3475238266879
98.99427041140302
-37.02777050426891
-71.86967883130042
-75.05822293876798
67.87036935654768
19.739214278487864
12.092122285778004
96.14295939497498
28.91597982255712
-57.59895624988045
64.53425071488269
-49.977734675327426
80.11553600946527
-70.01207484317193
20.780468274382443
67.1790892826919
-42.47174549873749
-26.20666844416391
52.54284382873465
-17.93562960014357
-67.93086634919452
-31.348360770488213
42.90464355160583
66.11295837745186
-71.78246700923097
15.102297578789447
79.90557435083937
87.60497444347709
-47.849291538551356
-91.77535315324816
-74.29467753033714
26.87075683188114
91.09768253328542
13.04966340516178
-9.62892646337707
57.26771336105605
-2.719110944137995
-60.64030371672538
-80.76584379631151
-66.17073510507126
39.83242352990629
10.228651981549561
32.270037268586634
18.470022094481237
93.86277230132336
-91.98641692371132
-10.833834143005163
66.89243151159761
31.15798740600951
-84.307931145824
42.859334897305985
38.86258443676434
-31.240070954324423
69.10669004331575
62.260508322576754
68.82660069498866
-4.147138009482276
99.87801273803515
19.049444724283987
15.95384797575501
19.310381288413055
-96.2209712841472
16.100856759872045
-73.38848019725812
14.742366082394696
13.211516157095687
81.83975391932904
35.32112738726647
60.22282100930616
36.821008986297244
16.949332452362057
2.107903455308275
60.50640619189443
-61.75027286078183
-28.118803379935827
-63.32634724642345
63.7711704794593
-10.929915056043257
-22.016615308208998
-7.863520582473171
-83.53709099139516
52.11068285259606
-51.35384305139379
-11.51733141331917
-47.273831263787194
-79.60453647157028
-88.4703075003771
17.100099897192408
-86.04060166643217
-13.986049635588756
74.19304645239896
-54.02790315496997
10.129376631209965
-92.83167958237503
39.405552393507975
63.349937007268466
66.48107963570655
14.394502496204467
6.686648055207755
50.68049505283085
-98.42454141736614
47.313338701396276
-87.44546478158522
61.702033422562806
-82.92107975348688
-95.4628593508793
27.977218827161195
36.21631689389861
15.606191664377093
-29.510766413483097
40.44715175071164
92.77520848525586
60.037333676239314
18.583988581849383
67.94608088018137
67.39814760038871
3.0343444286293817
19.547417949135152
35.071601826369374
11.621981232595772
-31.65694140896322
-85.81452453646546
12.341789391992265
-34.51710800959438
-45.2194906762025
75.95263944854565
-7.57680629189727
-36.2721834958331
-23.048240329249836
-90.81928116376866
-33.88484042676811
-24.058125917431113
60.051820498642456
-57.192355928933395
-66.08544292231011
-78.18801794577566
-22.66391338159562
70.88538873104613
-33.663268379653815
83.02432286125031
50.411608391017324
-61.48748254325507
40.68684498446038
27.54402348209439
-25.073320433331816
-71.61021254024946
-11.469905942424163
-30.374474132217827
-47.275371811542975
-33.88947961149624
-60.571632412153335
-15.375189431298026
41.291844856522516
91.66401569553707
39.50099619355112
83.05188573482366
52.37376095552651
22.396573766916887
67.22547761234287
-38.09716518432287
-45.86089907922839
61.52542703242571
-99.55135566300233
66.96264599150959
-27.312962228562142
-19.389430287070653
93.32955176098187
-72.67098509030532
-3.798030715807414
-57.417783303430504
-22.76809033625962
79.80413392645937
60.66261052886736
45.25894890072567
-70.52487326481342
-87.34886370427014
-27.37732760368354
94.46388473396891
-51.457192131440046
55.65106735480023
-86.9990024922705
-43.156830735748116
-37.29203540761379
-91.82853543726839
-63.252442067706085
68.98661228479236
38.010292107326165
-88.77943099806203
-67.76966140808685
-2.3852948747665295
-48.39340122580688
93.22497028879815
-58.51760336866778
8.635664911086607
-78.7630919505855
-29.896461884124008
-18.914403984581156
-61.196339275830326
55.8760749313731
35.31000032164508
-83.593185306171
22.696105063930844
-64.17076226254979
-58.93959711683294
10.23482798896758
-71.21232589753478
-48.088468677789734
98.58843921419236
-98.84196809269348
15.343121570259427
-96.7947086253375
77.18687461250954
18.291130445605532
-32.6424932182303
-50.678105165745805
57.3982634216982
-7.537848568245536
-30.897575551134622
76.18978187895374
15.313196673204473
73.8698325090395
35.415800308247555
62.71719548468343
-26.889851665097325
-39.43477616211302
-35.10791789101076
10.826754405003314
81.87799496149907
-69.48870391981345
93.74851037665692
58.60137493780334
47.53273527091551
-58.80882512376988
76.00400166330567
-25.18878041152091
-3.434060986240482
-77.09971681382251
67.7245152293564
-77.67779672814761
-74.68879466978481
50.46348533294585
-32.14583652109795
-92.35494010190337
-53.49759012346402
14.713329886392643
-74.90901311601313
14.94807333367531
-6.6918284516171695
-76.08816204018176
13.147687088471699
-33.033859896007954
-12.909132174511214
67.79457709437858
-96.00100903508435
52.48065435455848
5.684495514746374
51.12220016439372
62.63181856931237
-72.9909126832337
-90.68409039256358
-30.53277611208061
-33.795536376873386
81.40286037675571
-6.712714773180451
9.674050792607531
23.956677756321554
4.12952203301964
75.840315246415
-94.26430606165523
-8.117798375139884
70.46326459902565
38.885070713768386
32.62967091427774
93.84706616281409
81.19951681011156
75.47580018856308
98.06871385386913
-96.73205285561023
-50.51092805436428
-39.11780867761221
20.02325069679398
-37.800275007606274
-6.451770940170292
10.334824651732916
70.9595342096678
-32.24228079022036
-35.97377207569956
-32.296129383493195
96.5832215966768
53.03243232641009
15.763595933678019
-52.170707777983424
28.360057806730055
51.35858664248542
56.940344408995344
83.28053087366015
4.8477545712979975
39.87122431775981
-55.68395407847948
-48.787503545293134
81.62152992023047
-98.52977925027677
-96.4133867279272
76.07255196927605
-45.413248099672956
-47.63294877982398
-57.83917030088326
-1.8963304532495329
22.61047895468242
52.90455644035106
49.60042191924151
18.54163453505619
8.241079928475273
-34.51516424603874
-3.947621374330751
-36.943695144250796
-14.998565898305031
-92.46898245771465
39.309378649987195
90.45453778320663
-74.37460092854627
-87.80303947747518
23.104205873150093
-26.1338924234948
96.27476238821154
-83.52590490244293
-99.40918789062685
74.20573945837657
-25.385912611062935
40.44646060108789
45.38544529206746
80.51733360619716
48.223314210723316
-1.733086591515871
89.00127795798903
58.39712330645574
-6.480022437658306
34.55356003163354
-65.05186518357893
41.94917571945052
-93.06627671058337
48.23136583298668
-83.08285041907628
39.938975976176295
52.35664375841074
-30.14969884124102
-90.82060746514216
69.72125849904182
-91.92980255775515
-71.28853554866373
48.16059549624046
12.313726770862331
94.68422940254044
95.00253397140705
-71.98972292491112
-59.407729844871795
15.080076638872868
2.2975756179598505
13.647713120456046
-7.040132737230962
-27.169800536385395
12.69620596420431
32.89378124723646
96.72955244634687
8.75527250700128
91.020881045231
-95.86740197017353
-41.60075753353858
-31.93170537322503
-6.657762878742403
77.97887669648426
91.86337752988513
6.291876117591343
31.654761524282264
12.064706637738112
31.288628382665763
-30.325671119246948
-8.427595059782007
-62.89901629344477
29.218852340852067
-69.48847699033745
-91.21590604662883
-90.95676005738673
59.74919892692361
-18.29192974035776
-38.99626747045373
20.26210635062715
84.6979498654108
61.69725745209783
-30.117807843181936
-59.30374982490365
47.22587097996302
-81.88602047527934
98.93102959401935
-96.67795648129622
-27.451058498511244
41.26321590457147
84.82897345219124
78.78395622899029
99.12405003441006
-23.701942045577766
-33.69311538736619
5.902493682798209
-51.40767011972049
52.01602443289863
-60.05403438103638
18.620946735386966
-70.05758936833391
12.974790573931784
-97.72008084330439
9.385863222262756
30.328231673111787
60.79174903609277
-55.53009379374376
90.57784307466201
4.161061895285044
-22.92802774931431
4.313965828339178
-43.798798618610604
-27.172883129941113
30.049836316988177
67.43502975592844
-66.34206248734685
-7.825095273461898
-70.46421396838325
-85.78565006090781
82.32729338646897
65.3167836106143
4.621434547793953
52.544286055068966
76.42932833646981
-36.04276357096936
-54.5281197929006
-74.18093495772757
-44.73618739706633
-46.05498896419897
79.10791747035401
-2.0068514907975157
-37.26183652384398
-57.650979766145305
-14.241771677378367
-39.72269878111074
-40.701824773417215
-5.566530728813149
89.5332399814776
64.22748975437162
10.035444617942517
-29.609613078379653
0.5884750031293748
33.922848383632385
99.18835335763018
27.612388346627043
96.31859826322201
83.33694288901023
-20.763733382986644
42.434631490677305
84.25451367891935
51.18564335405591
-23.814876475993458
-97.8735346138756
85.30350941542801
-97.80453098669204
96.22637811212547
-18.300012910021437
61.738688871959056
42.08461756847245
39.53290617223959
15.281053167718866
-34.97374402564799
17.708968147519982
-56.887292165801306
-58.87702405808311
-77.93764632706275
-33.586251711157416
-61.36159905492167
-17.79386064760753
97.20152209094692
-53.39132268421714
92.85382730847115
-62.014715344699376
80.5151677538833
-64.90167983210534
98.51297207925788
35.7843424021122
-4.845208147329387
-94.42461873008867
-66.65807351683512
-89.94065583120219
-28.693259069668173
48.907295928969916
25.236542398199504
1.5589248119186578
-4.304524997346434
94.02395556963899
2.983630821758652
-64.66565554109059
89.6517454660017
-38.825403854811256
-57.75660793079216
-19.441820332096498
-41.763405659668365
-39.243147060834296
52.7163344612064
80.0219173168721
5.163297589246923
-4.192687180423803
-72.04031344110984
-64.42252778858446
-96.02597190732145
-85.31992676803773
-11.148125389200473
-61.48302875928637
96.19678369163788
78.58213302346255
-93.95588356728007
-73.95260162397759
41.87823155119165
-22.89365108617018
-79.23796495033919
85.29947259523945
70.38805116036573
-84.90570366201203
-71.82718151251734
34.73711913471365
78.4299180960034
11.06571583278921
-83.21131461649938
