13.567316511098241
-0.2882387681788714
-93.65662275003226
-34.08520659071692
-88.48029578855198
64.7324497614849
-3.540318309206299
-67.8578983319052
-40.14020856594725
12.063372659088586
14.852800307556919
11.977047062165695
-90.44266369925442
-11.273644669457596
-79.54772630831081
40.183389431091
-97.68397122451307
22.32265442371319
-13.659235841495416
14.827333058932865
-7.378026416602353
73.89407517678731
-91.65193001965268
12.320523769369984
-32.60254409283385
-5.229098128687255
44.067599845602814
17.547324394553527
-38.8915890091005
-48.76476556331157
-71.2195348103863
51.74774594328082
18.31229336401634
57.463699117053466
87.4401905342682
-99.29510672353778
-30.742795703631145
78.897613731407
-88.14163028708317
91.3115230414245
-29.799022849536172
-0.9479708489854204
92.26806522021283
0.7901553366234282
55.57356527233236
15.527090628526125
-5.680805227856126
61.683940327598634
88.78009136158906
62.40578448745228
2.8440591517969125
-6.6042752730528775
-57.12776739056107
-64.12797033644901
-67.98575422766638
56.16210160730853
-53.109194848744565
-29.468875825173498
-48.86397848434174
-55.938655713108346
-10.4838065759902
79.80747650544913
2.3527609087933
-55.65619842423259
-71.09258687291069
-54.42882624884753
66.11150070981401
-26.057551501322166
-6.367182139802651
84.81356776102683
68.08603689733167
19.20234551766609
-70.08377857990527
-23.242794992988408
56.886709677062186
86.02925240446311
-76.28996569581021
69.42124278058682
15.976579358593597
8.015177307378593
-9.01205570112782
-93.18995126618712
64.11795147203208
52.59236510826463
5.048627631366799
-78.87114572873932
79.44777974730769
-51.921921184169825
46.55510381474798
-55.196595572125084
1.91384263746383
-79.75644900881385
86.36111033952457
-98.36903817900102
32.85144003216402
-79.90249251346123
-98.58950200161986
92.23393857753248
-86.14132316703989
9.945768041518306
-67.15100989875322
39.04812192484928
89.60450415647267
26.747918470773286
-10.492981556216137
68.92491108905122
59.389989064575815
-35.45750095503128
23.292198739171837
-11.909172226826371
99.54794635832226
29.98987418512303
86.00660248713822
29.847464639797636
-20.74130157578054
57.854282703840056
65.02861808557904
90.23188742935034
42.939840165615095
-29.57244168561199
-55.93977223052309
-5.703444691680005
71.73219644770776
-55.25785227470648
63.527317098702696
54.58933327444612
-10.945088688851598
-6.082703169422032
-31.72764522808373
-60.925272305167844
11.318889948394855
-2.4776467343833986
-7.752483824612426
59.161037132128
53.5359847021445
17.499989156784864
-13.461206704578089
-28.772211216893794
23.323245194303
73.45282229550051
22.986962224440248
38.3178611976638
65.69444622775586
-37.348656196188124
16.11932828876901
-76.74864768245746
-22.593161224021443
74.92882684129472
-7.564910054851978
-78.1428842242116
-60.018930642422454
-72.09962829145975
91.50067896380509
-90.33440912936017
-97.69346480519832
-25.6579215560278
99.72191558832961
-87.18939688254032
-95.51395373216131
-67.42586573790408
19.68588999304967
53.561159946708614
98.95134499042771
-86.42517654302384
83.17099180889412
-36.44041238359434
-9.680270601724047
16.99919476361562
97.33590668249545
-69.6293996748375
-86.04739131288267
93.3537874100405
-27.09692149850231
-6.951752671701584
84.66992879963203
-44.392595725689056
-37.24197230117223
61.6213491271356
77.86770279539246
22.528042125011808
-76.21374522551174
-37.276430561741904
7.8314187382045475
69.12121197958476
92.42981990769277
-16.762666572841468
23.801462432337075
48.37846010787317
24.860347486289115
-32.35321501087833
96.69215194344682
-0.7448809443095996
-96.64996229380922
-25.10743682701795
-92.27809482433302
-79.09002386391441
-54.51560512556502
-64.90948582072383
92.18758534333134
52.964693647371945
-45.566616840215765
6.943620643102037
-14.671310324115197
-4.025000843900514
89.13049544392717
63.96565330706062
58.17320661083491
-88.07519400943049
-60.13137324013857
-50.13437490219162
-44.58818384778163
-75.91152301477142
-60.83902126577936
5.901660021192782
30.888984937562753
12.989911337772185
83.43986322163013
-34.87585514345548
68.94207604381887
67.02311059224553
87.99036177906524
-63.81108673515619
15.513891327007556
36.11392394816076
30.099495251441454
84.8624654388147
-78.12632465890258
59.422931948885804
61.41515339140676
-57.481222890797845
-20.794082499802897
87.00697669962994
-83.08594001634631
3.1708577220960024
-21.16932065814629
-28.83938080949629
76.35840553266715
96.68965350511797
27.451257619660822
96.16953071580866
28.26900191145043
-31.02713852657351
31.017590734904587
-88.3631667936785
-11.362831669813332
-9.825159733313129
19.236657288650335
-69.12060350193146
29.455025163882112
-19.37168983368302
12.505070139556722
-62.40392751403727
-59.76099418477956
99.79766860986706
56.68047403475279
28.442718764223628
-63.760830433120354
-96.42881786545128
65.89682988196589
25.703029878172543
-17.638849926820768
-74.7708144567913
-1.9234516160501016
-0.08304828502761552
-65.46748148487352
-8.059952389765826
80.27608925102666
-87.54464601731287
-51.466206380695745
57.059107040363386
-34.29239658753261
-95.74727692716787
-15.75654283067243
-48.329892637610364
-52.56096150964535
-92.63444834876486
-35.581872761710216
77.0617530853319
5.350425168962957
37.68706420093284
-46.940895222346704
96.116629133749
90.96405192469547
40.49810619021915
-66.91192931934155
80.49083262977965
-45.88309748530286
6.144967994401611
39.86179622524665
-56.20641818249841
65.86832831788405
79.20312266495733
-73.87913462582468
-47.41316569673653
-73.05325080844025
40.90797477547585
81.35359207891281
-7.911800459860572
-85.21118958792762
-82.51662074613526
-45.70969300527557
-97.32659269559845
76.43712258771669
99.46412551077285
0.8426538303159248
87.05489906839549
-77.14678108249376
-57.063754641128654
23.911689878510572
-5.231130366502512
-7.3909955510536065
46.42164227066658
-88.43735923021578
70.05279756917079
87.65370807389249
-6.6400086996617915
-86.3032926389325
46.71717068005313
6.073810902844329
-24.14371924192605
-32.75855530423158
91.13726640852931
-40.85264299323139
88.61381672034994
35.072537496503884
49.412319235620856
16.929683360426978
-23.700049020157792
-74.53485575825052
-85.65164188046602
86.81218581049069
88.17140452618906
19.91032705179039
90.0755579071355
11.664822747241672
-31.086213497301856
-69.91396867089969
-19.457803073029226
25.894070609909136
-24.84580139553998
80.73836801557334
20.395269152498543
13.729665497256534
12.662235430208682
-46.00910461181969
88.21819648754035
48.448997914382886
0.707838409073517
-84.7796858734368
38.865995839195136
-94.51672073839845
95.23415220258624
92.31934956108219
-54.355844412572466
-78.86369584801194
-74.24946284789864
32.387008514960286
-41.021894682682984
47.130723633312954
99.0592126074383
66.99831112744917
54.36124421455716
12.156773571845974
-74.38783429126083
-48.04245403100105
1.9306017527720911
31.024254259379063
82.17435847692144
61.646526011222846
40.936302082826614
34.370841286235674
-49.770657860988464
26.424111477178286
-16.670494729687306
-94.24587504236513
-22.589141020550045
2.7230935889295296
14.59792981671903
-81.8844541032386
-95.908447297039
47.31065492774877
79.22162699423794
-40.49246732990004
50.385919462410186
-60.87638908079336
91.06817391325143
-4.557442107892811
9.510961560807885
-46.218157021094996
-68.34148021886696
39.42106819653958
95.13189951905323
-83.16056501197599
-81.23796254515281
63.162408260079076
30.271529393852035
65.90201144571338
79.5559100989374
-30.062735206542257
-16.76279731248553
98.43817213265416
-60.620438543638414
-37.37271309114105
-86.95150439964559
-91.49570135822454
-58.190058784163014
96.45046873875373
-56.75051088149483
59.05471118051136
11.445596277175923
45.39906933968609
53.48658348458926
99.79567906527691
-97.53450571877
92.10749140456025
87.15764972581036
-76.10199549114915
26.196987971970657
-93.21845753872495
72.6661390067299
-77.37600784810878
-28.586445066021128
23.169263303814745
82.23922382889907
92.71683455835424
-14.480761676811227
-80.71857496227193
10.045550319872916
-28.39550065688823
81.93419836088651
-60.321589876889156
-90.64899384136247
14.559252817978162
-8.4758692615641
-37.792663806638835
-56.256744319136345
-42.707104348461876
-0.49512182033967633
3.534896199618018
-0.2495226323002271
-98.57272631953786
28.784982481470053
-36.16269921445863
85.7965473274331
-12.064533234767111
-66.29898564050725
9.086122199773428
36.82114272800706
62.81418944438201
-28.040936322103178
-44.52668108302787
0.2656717350340614
-64.52016905648743
-35.8721282781316
-59.47868976060189
12.221704811419158
53.77558544819777
-27.743627230829503
-75.27837345872072
-69.08377926881109
-22.078367997884385
-67.26387206900725
-1.3226702944943725
91.48019153461473
49.64089106896847
-91.0010071309025
40.73823984620935
-23.612735992585314
74.79774543261098
1.8463854030470088
-31.487235473241753
50.447575731905914
58.485503658057496
16.265553227063734
-42.29461918375481
-79.88241597586803
-44.30052868931811
-2.0389411839312146
-89.06069299033848
25.55920928870337
43.19506791774944
3.2926109448464302
55.10106824173792
98.17451304234535
-34.792338411860825
96.14391797669188
65.1415184801854
48.38377036205651
14.131460375776555
57.675540237534705
-85.69948281398412
92.43100904286464
40.76758458450297
-80.24634689858496
95.8123115213312
-20.90585408457156
-95.24703788823781
-10.960550099744253
59.39533524514337
-33.70273595977973
80.78325688769687
-44.18996378966666
-89.0760795579734
80.01980261515993
-31.117004759454687
-14.380418393174324
77.64095959463157
75.8293181513931
75.95625956001743
-14.385089216143228
54.88478236033353
84.75654273725613
-16.565132177993007
60.198727914428474
46.968792024683495
-32.09691366696789
-87.49139647904389
41.17603025182598
58.63245022179291
36.837549012484004
-37.58311138205394
-13.843535097137632
33.14667611620894
-62.90146596407613
-64.72242586613774
20.0208804454588
23.63582690994346
-27.033775424809733
-49.956040035599436
-35.68842592316608
28.61578384173501
60.8392717708372
8.546267900046487
-76.93668096961075
-17.945604276403145
41.30080439612985
-60.04700503245106
70.45000219165263
-71.80348292896221
42.802723044106244
-25.43858883077563
-3.9990378136879485
0.13660058735949576
79.43469439932721
83.2100596445375
-63.631841485583294
-79.25362928710854
-39.742872598070456
65.73992431032238
25.31438315017766
49.74246897017335
63.098495136203894
65.74773959847403
19.35665747658186
-24.693877277461468
-3.587811200071627
-40.18310685415529
59.623514624952065
-34.86014039511444
54.58732658565188
37.8077426250473
20.088024356330408
-83.4931545335972
-31.391211307679015
44.33256516388431
38.862496796893396
47.12996964481161
-34.861872849812244
16.2433595550811
85.183658045096
-6.702074488472348
61.68847387034597
43.65391239938404
83.19192507819258
16.34813026243131
22.5505646513855
-40.776449063905915
40.548947423991876
-83.0537622318156
-69.97685330691574
94.81143701227853
38.33912871305532
49.42817659033145
42.17281290051932
-91.43306241971393
22.50750473330116
30.008717776481433
89.58278239232143
65.97213783431994
39.64737410312017
-12.661627708136791
-49.206450491116335
-10.911869927006009
-50.89435952235546
26.378425840737336
18.127964573220993
13.25809136619607
32.14640329753718
-42.060072774472545
50.37471686851046
11.711231192883417
-2.9476541242349015
16.192841071203844
-64.74873396529932
-76.79687407689252
10.289840173782693
46.51450403324779
-64.07647938331829
-8.348969754265042
48.987078333427036
29.626945402095828
90.40323107936871
-33.44025527071719
45.12081699685328
-0.7030216012721553
55.135249997271444
37.40811427092831
-70.45095181494258
62.45447309796114
81.51850318938475
-43.956918194429086
-69.09988427751003
-46.07402549474045
-51.913171435520276
13.970374985262879
-27.78646466796127
10.178881569782774
12.333933142422012
33.094724174193686
87.7681879199219
-57.01830132882036
-71.33018450625816
78.25191218306836
35.93310501999068
33.90316861473656
-79.6224624668458
-11.615904276640194
38.130732418886794
53.06765440324824
-62.7302377915987
-90.74316421365516
2.119007741176688
-99.90654944436122
-62.95356094757412
-60.83716265472121
-29.564969603215346
75.94338815344514
67.77569698240359
-6.933070537811716
50.89368598452043
-37.95425860439685
-13.9066286540465
7.575041458751826
-11.030991673906826
96.38251343797631
59.194213022091304
21.795057860015206
49.43220908697046
13.284852857547946
48.72064995180176
-95.34703181634887
78.89407407120592
-88.87502539487895
90.3756022105079
20.412425424314875
-81.21358428134897
-96.31539314733133
-21.096202692016533
61.43019861977871
63.19486914126654
-36.884895280503386
-49.04045316814003
62.58810577406507
-37.9659414032103
20.38619309101017
1.1350178782447529
-42.957648938709944
-83.4106479198728
-70.04344648068744
-33.48580605958415
-67.28282487619468
40.31340654306965
-72.65259888175663
99.97347984842781
-52.49425921217343
46.51208628033248
-98.31466498126761
-45.089437378772516
-50.395941067960706
-50.56042151763571
-16.95292130893877
-91.94084606800888
94.48867479896555
-13.778924683547018
21.347716042729132
78.79520539101028
-11.319569977154913
49.5227383576655
34.71825811825798
-69.88462242921179
13.637809960731914
23.49575457493951
-27.03868292656078
9.873345624890263
30.93255298928233
-85.06439088342069
-26.63950850064043
-94.89958329620316
43.05193929998251
-83.50455362201951
87.92049313451483
-82.59986000308302
-18.96429753358757
70.30575182368074
-69.8516568046581
21.060009801801044
-41.7147803481071
-10.176636572710123
-79.68820021174852
-30.282426941623797
54.41998251642778
81.96047791017378
-58.40589070740092
-70.37773639401559
75.53330380074934
85.2092657347799
98.21576976641529
-26.656185658497293
54.135803933504434
-38.188361755435274
-55.68815940111662
-50.290486843026905
97.8945676612532
87.58554270667412
-33.82954755271588
-80.08160606050865
6.667117252860848
-56.01167350260554
91.71655485861635
94.24328459633495
-55.68583872012087
-37.04685619953692
-48.78981206508561
-3.194477971380664
47.522993285352214
-5.051920647895429
5.862215993785469
22.389393054925506
-36.164306686786254
-35.05527209572736
-24.919831876060357
43.229522400317336
-75.20180609711477
-16.19350909955692
88.20153597273216
54.28285192182756
-54.07282834113589
22.7293987963114
17.783399936052447
36.34770284044609
61.86200961281642
9.700856525422068
-62.408248931558695
17.236131209598042
-15.375205213880278
-63.55197262563088
32.37577979501381
23.78329518089393
69.85599593156903
-73.27262876067593
-20.59591753085961
41.53172129964048
-20.160330863832115
-0.4910728890394864
-64.95481528330605
-0.7464323790228491
38.41417838355042
-47.10381767222209
-72.33305020919096
51.55829057815387
83.0328350038933
78.92080631590184
14.483685209997702
95.19578559465339
63.40826821233941
-26.34316280110542
71.68410647613959
-6.6574966638738715
8.545383433738962
-18.993911808346084
77.61562019602096
94.08941313968958
6.175494737377335
-40.92458468074538
84.4116749527073
-76.77428772972658
52.969158821117844
-0.16041283207657386
82.49463351255008
16.544869119387997
42.22752588274645
-74.33963551444911
-61.78865152530189
-48.26483657167944
-83.37100235950238
-17.047296732575163
64.45384703022654
-78.66764833787508
84.08188459854262
-4.089565268979769
-60.04497295801592
28.26715025638984
-79.56624907112895
-8.224526123120654
-40.52528687985293
20.843341548472225
-41.19358417653118
36.2738870416012
78.26473349698645
-33.80226397404587
76.3276094242143
38.25603178206879
-79.64324377003682
-99.33807865588098
-2.036743829750634
1.5687724441793165
-31.33096468188576
-50.97524034057987
-59.55242802784544
-45.734695000016416
76.00401263232766
-8.814613107693873
-89.84727654573436
41.76512762322514
-58.47781389151263
-55.277486976289666
-40.37293891651663
-90.09354453594133
-24.054435540255568
-24.96342279621817
-11.335912781190103
35.70914129578006
49.843362051453994
74.0955206713125
27.5858604462138
-16.146023106728634
36.43042202031236
-9.13657392531286
-85.30057924805261
-60.91888367771343
-55.12931436205078
4.926041193631576
-56.73215584821045
12.732401120353714
4.72904135849123
-12.816404848062348
7.757357783252218
-92.06171018156411
71.99182069456472
51.541424007487194
80.74754155880095
-86.61339980720126
7.2563946904043775
-63.6438314854763
-93.9006854385289
33.986718947136694
68.09755728895064
-21.406729471774995
97.9295076592652
-18.647557795173782
-80.87462946066739
48.7341237487625
61.88463075331845
-96.1190199426078
-81.94952727636684
82.27199112984184
90.91760367852822
-74.0426693386622
46.71910268639971
96.04446759811992
31.50838534202265
-94.99468655486179
74.8886467857705
40.24746778999145
-87.39144715843335
-12.657987847223097
-23.47629019550446
-83.64687727947006
-68.66962072314979
55.246440517906734
-74.97194906730691
27.957351728707565
81.21593795566159
-56.36726717746996
8.228115008717694
-79.98516526041617
-48.97533407800167
4.358823296255011
-88.8236186327694
-64.13410731858815
0.781309801540857
-22.047985535519473
38.483959380175065
-57.746357948376506
59.6476453000688
-95.85068616830404
-95.74720488392326
-82.30043954168762
-93.39514263335286
-94.11013692564202
47.44019115250197
-88.40095014672997
67.39524742206044
1.8572864484435883
59.66869068457507
-59.187233519475434
-62.683229145028285
-71.87358119050977
66.47644311075712
15.913889052513824
73.18605442153176
61.582283393308614
-49.12395241773697
-26.399358194749794
-18.767703196137987
-18.628088590388003
42.629312194874416
-71.78884610313534
63.52571173493749
49.75499873643528
-68.1887721130648
-64.25592001129806
69.8947382924699
-7.318552753502686
58.305045159391625
9.400122743134148
66.6685563225193
-89.34487370618865
-95.9978290822345
72.07087017024134
-69.38183030074418
47.3852543488953
-82.9188100915114
4.027501514921312
-74.09303336057252
-6.791401631996834
-71.3143200453782
57.822364036461124
-21.771534901640948
18.253615975581752
-0.3741425725789753
-83.73135881945375
98.22384342959367
-62.67160872365947
67.13776716421401
27.183287673326603
-42.36574542564093
23.502982415115326
38.270697861007534
44.3892540508902
30.664267743216698
-17.507608510881482
-27.428007311337026
-68.57659986942755
-74.73124101671223
9.250209377688563
13.464903736334705
2.362823698991164
-52.183827313071454
-85.98425842943149
91.86468585853154
28.13346424923634
43.19620825926057
-2.652206442045113
-22.025476115241744
-41.80680754049173
26.913602481426153
-44.08051009018035
-43.26801350552998
45.92240158915297
40.8804832445166
-42.75217862315577
28.34647675680685
-20.526446683004338
-81.50241538971976
-40.05092557658896
16.139467742929867
83.62341163136512
-18.626344043151775
31.1653011226592
-66.38219516438994
-36.89266006312626
70.104702792166
66.96348467617094
65.92900545793782
62.51153640927498
-44.23430699634534
83.29995660468794
83.73320711963487
70.25055512462598
