48.97167019569085
19.250948263286105
87.66709145402979
57.64616059042217
56.374979279395035
48.83234394418358
-89.33091499817456
-51.51299187674363
55.13492571182783
-32.92446177474331
-7.991303836857355
30.98310662525273
93.3784733253512
49.25961307283117
-48.13077739289704
80.56763573291707
71.3178380583673
15.431752577420383
-58.731045531909686
92.6538130426967
18.89928069542735
-99.51744461408201
-32.33121761238719
39.01271594020105
-19.273054077600918
73.82632658006978
0.013060748734488925
-35.34481392452528
8.968536362767225
44.81360642862515
52.739305712904724
6.053652960848183
19.7508078382602
45.95926558580541
18.69932647227799
-18.3421049881145
-38.683050395832
4.016065551143598
82.93872560163607
-18.31489307248664
25.486214969167193
96.16019483651925
14.097096795460345
87.0550842721149
83.96500161386462
82.72697518450863
-96.30534268796585
16.803896010141756
70.3650525278712
66.30861261615365
9.421394819315694
79.8979096537949
47.917570188707714
63.1899986092094
95.40586053640419
-27.603372250836486
5.37432473959683
-81.30431889402345
67.23393966331247
-17.97896827323207
-67.2879594605493
0.7508024897726813
-20.138462716384126
-76.5395105899566
-77.88730786418874
68.83607348043694
46.36496954288222
49.92344937429857
-98.46044490709265
-43.22272004534011
-78.88181694552031
-80.37384113217755
67.74766506688891
61.726535333426966
-42.91611404355624
9.048469943110149
53.35898028999736
-93.2076228137316
77.18234109957444
43.72446740488104
-44.19329641020251
-84.29656352679437
72.26781896629038
51.78127937746578
99.02870611400445
62.8139183448057
45.160987832070845
96.7968440803472
-4.659425427995913
68.18982200725245
23.92243633854008
-95.343356935568
28.09622260570822
97.53490861214522
-72.81032619567873
-86.00535233032889
-69.6731567414059
52.11613124936548
21.016875004988123
33.438188948043944
-2.2568505690711476
19.63151683247959
54.34875779477312
-81.62955893260522
-74.39068148333902
74.89333381222968
-90.11874509656224
-69.0954018093827
48.65189193449788
-62.47833372869156
-1.6460169505193534
-4.176663849675748
36.012567364271774
-37.72734067412122
-5.181905278710516
84.99507374415705
48.23892615979457
-26.1464292000052
12.127107463159831
61.828160167536
-19.275027555845668
-54.75843623434016
51.621219407002854
61.85351026399394
57.99948509093787
35.59886203160448
66.33742888799259
-40.459965139148956
-33.7294720785531
41.74811502688357
93.73375385544566
-56.579694936720905
91.25555351821325
23.718019391637284
86.5731532389814
2.9873613842598843
-95.46378445465149
-22.615548332672347
4.575943170777293
-96.39641571360085
-90.26173625570681
-39.87627119778929
96.43138767208487
-95.1672130085135
84.10978361929168
-47.70768131330519
93.69593385442784
-35.435611172116694
91.16019408152158
57.947924254394536
-45.28451223349601
95.95549458771364
-97.60571695368878
42.65883788029598
84.45406685072464
39.18109471046162
90.55303836394032
-46.534303516435635
-66.02705010661222
-99.57427343137586
72.08317362195334
6.021455097066635
22.926585723192616
-99.23663257618973
-16.51601739105466
81.63597114848727
73.28353160795436
57.82779348497604
16.709952752770718
-5.707318377404192
88.33649545468796
50.62751299109351
9.2355597103234
61.308636180736585
9.832002589445594
-73.44747528479516
22.230404157309763
25.602940912705648
9.609097863232833
-13.654687708972205
-73.43537805030849
-51.96069090272688
-34.343636597827086
58.24322152809489
-98.89099733665039
-76.4456887219468
-71.85432969077412
-83.49054104108593
71.34462670564571
62.11528489302992
34.2992859167654
-1.5103224547553538
64.97039804746848
-71.29798472208104
56.82485608981332
-20.98255998666407
-67.88963192987481
31.628112786439857
8.405755559825806
-24.09685013855227
4.160719285771336
-2.462914709928782
-44.9881409783839
-11.883507529599768
93.95115860170989
-97.88349165161063
47.883889103420984
-7.547403528762203
32.71203285909178
87.0102087052548
-69.40411045308154
45.077647282304895
-65.76303410166769
-40.705153544599135
43.27637900970467
59.25221768633921
2.6316300637687675
-24.762297571483202
6.112383915593895
46.54560492995216
-19.914317469922892
17.82032905800142
-63.127933665627964
-84.1364411519641
69.4015844238458
71.36574688170208
89.73334685758996
74.23356312811939
1.1024789494692868
-39.17794844106233
-94.90263437064002
74.67200211224161
51.44104198236303
-62.536193497575574
15.151849309144978
16.2240191806559
55.52991564976526
30.119918056178903
78.54253561688387
59.57337788525322
24.474310210686795
-68.41969889813049
-65.82764508100641
-73.64506373657483
-5.694502037359143
-16.973697735336174
-37.46951191256702
39.13854418822402
-50.78936856943117
-51.0594297411827
-68.40115917533552
86.88474963602982
-60.13115686162192
-10.699028064795684
72.82630811152453
33.12849773855794
29.98618259952258
51.59216281228811
-79.7139429027412
2.6217788594359064
-62.94323693339629
-49.00543334597322
90.18769179853703
73.34055080619456
-84.90429833651612
56.889085444565666
56.06483675338245
3.5160323741605453
-21.923850872126422
-8.133029255273527
-62.37951044833989
-47.80148036400824
-88.00920993731614
49.03428498047808
86.61980717202559
45.88948975592734
65.99383693093
36.54223057925154
60.5491463539081
-38.22125797435736
13.92535698147816
25.064958317965207
-79.16082663701471
-1.4449824854609403
-14.606234210718966
-1.4555700437505834
-60.205760254473816
39.999639799500045
84.83250341222077
-44.89129954249806
45.94016377359324
5.6620489190790835
-91.29315327983483
-81.45644921450256
73.33340821351345
-17.041824794992124
-3.128210217215809
25.367236190585857
-11.074526121736
98.79917674828982
54.324416146831
-65.87639387764676
41.310002658467
37.06408385277206
3.570408410868822
-0.8234602186349349
15.519452065828986
89.57006789807639
97.246093840329
-81.41235520830803
-38.53632630082604
-12.302226957689342
-95.06153349752486
-5.553186384935586
-87.45306112883297
59.34265931584633
-52.71576502260147
7.321154868558395
84.6595789790237
81.04421165476924
-34.77674839944973
81.6557281683854
-76.57383776793253
78.20267486969868
17.641855496762943
0.12320233838300965
-1.0424926377415176
82.77602265930204
25.798308585903087
66.19066516770343
-76.58133668111786
35.27822873169583
47.95158287264408
-18.32662848678123
-99.78261077993037
-45.448418585684
0.5106990518567187
66.79146321630029
-33.45349955167865
-76.74571467534861
96.78394358595676
72.62158763515208
52.1545222792418
-45.78449204459314
91.04005622833353
-91.78256702577157
87.03037467611858
-49.693844338737314
-22.520381476565277
23.51221097243645
-44.14294921906152
4.408075322307454
81.89176535341355
-88.5508732453468
-48.64907742546614
94.92962688022146
71.67778659671774
-31.870614877815
-34.969505247583555
57.266178584414575
81.47941021647588
89.88984913358135
-98.82786339534901
77.60990983507216
-3.4117617366962776
19.774219203072903
29.31169575286907
81.38890501661999
88.47005615493134
-62.1210531075872
-12.749634230586352
2.013746711508361
-37.234430951599684
46.311470095102095
-25.5437596913968
-42.02668474770847
-57.82395673802958
55.79175699434472
-83.89263244657155
-30.947012987598697
-50.75099224245847
51.39180420447889
-48.68410527317102
85.46238670480767
-59.46924208078328
76.51913347818095
30.21245340659732
-37.72957987403507
-91.81797681531758
59.56892458140214
-86.88949547249005
7.019190458616748
-53.609223466797104
81.80806694690335
-81.05214189991867
-35.36722510910819
-50.39104861999486
-42.389174245638216
-54.45671922785571
25.5750675576532
17.8723260562778
45.3245007476757
97.50340778393326
32.28914091210453
-98.40231266258397
2.744009757755151
26.157294480855512
38.080205843959504
-1.8593511547424555
-85.44308878735816
13.198065516601915
-78.57576228468501
70.47650592538122
33.04956105746919
68.39195842406102
69.34597539511489
86.32543588872014
-46.319637906961894
-60.14850405700989
31.590447240313637
-77.5629650937328
51.16276596762273
79.3778820266738
-90.89357887905683
-14.150846008286422
89.31830160634595
77.5058347018572
-16.168878983342154
87.28846113742529
-29.322965167129
82.28809005886652
95.1939265981618
63.16247710755587
88.65898375314788
8.441559747904279
92.42891092063275
3.704060913569279
20.88489235466362
20.975043634532128
8.10175349679163
-26.87664633190225
67.75573482541523
81.24128364712536
53.071693780812836
-95.72629943729665
-83.13079474795965
-78.02093593120469
-54.43908502382082
-20.241505709600702
36.357488988955225
-95.20865860006495
-42.98369213945148
82.57250396328527
-15.988792968752648
23.371696679226446
42.77151876575843
44.300446479094944
-73.46777665810967
-97.01446369624051
-72.12032270539757
-5.069144605333648
-15.264231358357023
60.89557172370169
57.3803402404568
-13.84819981069532
-54.66671329625239
97.34730770071178
-88.74096528072894
24.646126734537603
33.76906083780867
-8.720831232619616
-77.28131127131289
-64.01223323834675
1.6285605298997012
-19.796119758267764
-95.73875288295118
-78.35877410071694
-27.960696277193946
-96.29981368307664
-35.83653544765856
-71.81408788694168
-83.86341780437246
89.38189450926293
74.80567522634024
78.78460725717366
-37.63874683703632
-28.057072889070696
-92.82531910432938
17.496774648309838
7.558554855080388
-24.19899933526935
-19.07316315767433
29.601953053349007
-20.71639041685718
-3.883462739691865
-79.42021527142475
46.76962434685322
-24.96776743106581
-67.01563511162958
-27.520983868754612
-24.658402829046054
46.94112840835626
0.16712971981449698
34.58436344719448
93.71127268442848
77.51356144575527
-97.70712855990801
8.848180625228252
99.0999285784062
45.78354795440404
-14.699439889893213
-77.04604842770908
-45.84584537483587
-11.33826691862781
-52.326721998465196
94.69887992891307
-15.989849782205681
70.06806444928478
-27.970111686986712
-94.20203328708597
64.04902534475207
-56.22148287064375
-30.096520968279123
-4.916273444719721
5.500271196691926
-88.78212949254714
-88.69326474142662
-0.9725501425021434
-6.625353371874155
-76.01311938504769
-50.84191855844753
-10.761019725386404
5.421508730027654
68.64143701243404
81.91949160217936
42.36237039370849
37.479958373881175
-29.18191574142756
7.65454497293112
70.68299175815426
-97.91089062257628
29.794086439144195
63.046366301390975
-68.9550124244899
-77.15761853532545
-97.38388082112206
84.44497322352291
27.658047485524406
10.006564379431666
-52.02767943791886
-54.50795017946191
79.84279249576483
-69.71415623946318
73.15681160480781
3.2230669767423734
-75.63310593647972
48.19857453250961
-35.055734974046175
-19.88389702018472
-80.79526969929645
-73.11586576117166
26.00382724805752
-58.63246162942526
87.89851916030315
8.265784705645387
-5.005536077335265
86.47026722500101
-67.81733277999918
-58.816150295516344
-5.7894740403654765
-78.29423097383732
-37.27198022608267
-61.33795748234141
87.7875854135261
87.19412410873397
98.31549515841613
32.086647836107545
-97.92036166881162
-96.8401463323676
-59.284837706059726
-82.6229933526686
53.497396353121786
45.31020925719602
76.3915250340103
33.0934540630908
-91.07599362910021
-39.15588642011154
-9.468438353341185
-28.167688071676665
-96.60932047914935
-29.422718621770727
62.59407410507896
32.01063463332204
63.66571287757304
23.929013097284326
-10.40184296291875
-52.803116785845084
-77.41207225440563
88.2495137227994
-49.92031995568753
-83.33670275678159
96.08221986199223
-45.978914665361145
-7.97976388333619
-8.421495175460308
1.7822792442218116
-96.51616318775498
58.24034248812393
54.982357479219246
21.221793868845566
-17.65481602151617
73.96686729611207
-88.1790188711562
35.13843357815682
-39.582385633578944
39.86710201968597
-52.97382683046015
-19.63631531071684
49.52236237079674
12.036769019405497
89.66886908750297
80.15504983926431
-58.92413004137354
-60.10178985570383
-89.84770107695914
-47.23232552687726
-62.87351611450238
-63.4255727851881
78.33606612258001
-72.57223530035634
-34.97394430639105
-51.02409823975626
24.60926841703632
77.65572715982555
63.21169733782966
-10.86213546293142
47.18667786087383
92.41128415739098
8.256164690604265
34.32733041363235
-21.5089399086539
-6.12558824508946
-41.140614095760796
-15.072337247375557
84.31116404943634
-8.561196021339285
61.602435471908564
-89.53978477718212
37.872515792236584
93.87463319484223
-91.78783828680935
-65.11462672418169
-25.103648468354194
77.53886057076645
25.75455957182635
-34.95339649443349
96.23003043956004
-93.8253720664453
-89.03208801404551
70.23628565702714
-10.8634391026998
-16.061891521675633
-47.17937376610519
56.51471783390977
27.636391399693224
-82.02517024317804
76.8486798975253
27.990286108462797
56.1974735603188
40.90960148327093
36.09247559044928
-77.32349329613
-61.36335604853815
-67.27795142478149
-97.39300237094895
42.42877024909404
81.25324934176317
-71.69827594682418
-4.046122329823376
1.686460896112692
51.53878539194156
-90.11673866732826
-87.35707752858501
74.12362793606343
-77.14577926557268
86.99951078362375
89.10912084137442
-30.44415879486884
52.181443831411286
10.458270868752706
17.968049849396166
-98.93264958038988
77.7084736023543
12.902286814205127
-82.06524176815842
11.746020788116198
96.85859655945114
33.5431433733842
-93.38947893598875
-16.72043771364973
-75.6448961188504
36.329160853323145
-20.579062308160644
90.1465253078969
77.28364693155757
43.75830208489256
-24.176238135907596
-67.7845501292793
-14.175360952063684
23.871559333130364
18.492448902986396
-55.07869405884564
23.197885282205505
-61.50911166950017
-83.59959955560171
95.91502230048192
-10.811670626851594
-47.97099365536654
-62.98482710659425
-93.02343863476924
14.448813456605166
-65.1145467894064
-81.65793851698571
-66.36039267456036
-46.75917135549099
-94.99938741389545
53.67699594813266
84.01473707700694
-65.35993434228007
12.780575099820624
54.22124609432424
81.81395004966981
98.89521818916018
-26.15999979962433
-85.27849040907209
-88.85724380168851
-1.5967904320135489
-10.026601706974006
-7.028085491673622
55.69607168580217
-70.23562794185405
99.84700588389336
-25.492121017367552
-79.41330903333821
-40.84339130425762
28.857159567464322
54.19936240776616
97.0912077683532
-19.13438380302219
67.41674800961727
19.43035848214069
-96.56124058949528
50.487966721269714
42.17584969176136
48.30284054689102
50.64716833026273
1.584092210217733
27.17742220138237
-84.12173896825077
96.7906060712559
-26.801950464542102
-3.4322512894143813
-10.081420297514072
96.07307107315143
-25.0969522291429
18.461179757417085
64.01232225106256
28.765760704487946
73.60428256035289
-3.5563073786672277
-98.56396811614292
-89.01619905266382
26.854186128803192
-5.018236959494388
-78.4868232866909
-69.74264273956328
-56.90527502942449
-86.94080653956986
18.29912353019256
-79.662197867418
-51.8400989304906
-37.14869644092617
82.49237575311489
-23.883669070106123
-94.90163917865118
3.9220909097166015
71.63508433047195
-37.5842969525072
84.61217128382677
75.94232047161634
72.33998430413197
-6.079648657347562
-61.17353072072041
-36.70292511414339
14.361086914295342
17.740258064667017
-2.5488115321106335
-13.643745373035031
52.6282973211253
55.269565405386146
-37.382087490703974
-30.123620516910904
5.731861820235778
-94.74509047820416
10.095144993205025
-81.70337687192233
-68.95511181968408
56.2414998522753
-7.737051369371017
-14.137316953518166
95.17537687686388
-41.34690338449831
48.363297791818724
49.19699986730052
-78.57217538874946
-90.53137637977342
-9.570067762794949
-21.56367753865686
-10.046633777539427
69.15620849108714
-53.43046270553646
-86.83884505897991
22.68306246316878
77.01497123732264
-99.51101085491585
0.8614836393861367
-8.467706799215023
34.9165758357465
-89.08312747428253
0.3606095250042358
-31.488578548205012
-53.444273212257755
84.08337342672067
91.13648589169884
-30.0970915430445
-97.08929926113746
-7.3313422356880835
47.70671547391069
-88.75657229179217
-26.72665065321054
-61.342765798441135
-52.07281230843002
-18.762631089861628
-61.57061152447356
-24.51597877847611
-76.20668399802442
-37.22986459798743
71.92614359187266
50.255458551782255
97.1523323806814
-76.0620577799874
-32.31135346261658
84.14706377548228
-69.7545731967102
21.076105096068403
-49.40694517247506
40.366882656032175
57.53445296361076
94.98466173013708
72.42413504808303
-33.830581772802006
90.41836343958971
-67.55999833876342
-26.148496914598724
-34.37607072732037
69.24779203412413
53.39924231053038
-48.59391353990781
81.31237353019918
42.5234531912306
-86.74246168430825
83.00737059886762
-12.020752981277113
29.840672670671296
56.15741233277362
-29.80122209260287
0.7149551078638581
96.99629979014574
-87.53091586720865
27.0067626207738
-7.828079215823919
-29.17281516725727
5.701631673184934
26.604763120492848
-12.816108267180269
-55.20701535936983
-64.53411520352702
63.060174673540985
69.40959132603047
-27.418318789500717
31.80384672810007
96.28853767159896
29.957572586476942
-54.63736879089429
33.99603908088241
-39.95458549868764
-32.37361814798345
56.03904909206824
98.43240390580118
37.20993568537935
-80.1761721760947
-40.596170351578095
-12.834648572999114
63.96439826104955
-99.59958385590382
-73.09708238715295
-61.840542031607335
-43.29635253091737
81.50299783164226
-33.235288228828
-11.015561914992759
-15.654369537666483
-54.34313735999088
-97.18460659297139
85.37884696694965
-52.64380991629769
25.93200134517481
-50.4661188612114
52.68525795287553
89.59855458103402
90.28500415844493
-28.147873851802146
13.106001215950698
59.247925676833404
12.50001488480396
-85.76235017636009
54.4568499495426
-38.36789657447595
47.81736606786927
37.37726166987409
58.03290921105091
17.05529696858075
-71.62191685456168
39.87665024674382
42.63160332792725
-85.81366361670888
-12.736474244646672
63.01352748953482
-34.833298127586175
-98.28795120290405
79.43014229095093
62.39834773050802
14.486140772845062
7.699751843980081
-88.0945750788964
-90.97860007288294
-96.34616050465911
65.11987760042706
-75.44851332406563
83.56323221754505
90.6561278905416
-38.554120411956916
75.70410709864936
-26.525904581986467
-75.13907552103738
-37.651429395621314
70.19048586509348
17.02334818148252
89.56316922781346
-69.0198953347244
-16.978785209182917
-39.797748683184885
4.869198979729688
82.8391115350044
0.39271294609513063
71.95367166330743
61.47525841110718
-12.518546684291152
-86.23330318642151
2.2333014697944975
-27.08034608141601
1.249512423863706
34.52833826739777
-85.22134808281456
-55.35387844020194
-35.09106891379092
59.57015074828132
-81.53182925214878
28.70208889372543
-28.41233898153837
75.44206275615005
18.093179003964252
-29.1991627904344
83.13399159360455
-69.66601911110916
2.602526635402569
61.672988612152125
6.359744928021783
76.77247541771285
-26.178134794061663
-58.52997219319247
87.26694680032949
11.433459856052195
10.091009043980932
70.31345232948448
-19.71816567689193
57.527466975559605
-90.48632905689652
94.09014021751136
-92.40824398914815
