71.12642388332065
-15.918506596849298
87.25678106788433
45.9395261761814
20.937595415735814
-2.7481027287632003
68.95372859987526
-90.68075861680643
-87.25259748871122
-65.43034422387213
11.29520884461796
42.567074660637815
36.54504913638789
-47.177495511158504
-64.16153348381769
-13.210109947264769
-64.28374571103444
-24.303588518896674
99.04906943787927
-94.37560720746197
-84.49665588882837
70.16618580057357
32.174608889774646
10.971286299324845
-14.27426729969406
32.35973655541079
29.215563333308694
88.7429107058689
-77.04473988994265
85.99953984216938
-41.36948534356109
19.521220859508986
36.182053347698826
98.6563821895644
-78.92464133739851
97.2708829213048
48.85526545198837
48.38651025632757
-20.603288973198147
-98.96089647059918
83.39905154625117
67.49538170796262
37.51930878193542
78.44323075496274
-31.80666480438883
-90.90775818797377
-71.33343020984258
71.16603557450651
19.59479702105358
-82.04100653023234
-5.869949560381627
-72.09810297391788
-1.7685662300786618
-76.7598090617447
-43.164467496642885
-48.20821950211223
88.08793642997998
68.81837177779204
54.21142881393871
57.68049267807797
-51.61986759786619
67.5177850365763
-7.97529618781148
-97.04937984165174
73.21157427645625
-29.104374706538792
-21.433490364546046
39.74037958572788
-81.6125559541736
58.13461062372491
12.122913770156757
-74.9307022410109
-42.61582455984794
17.20257268718393
8.174714674615018
31.431897760783244
69.46721140796538
-1.923759868584412
-13.615530220397872
75.70352759000906
-8.684675517934153
6.673427331429906
-38.94723836340559
-86.97196492053554
-2.56778522199113
88.48709546755856
-12.402366296710099
82.40066905200842
-55.283569062586665
-79.26620339526724
51.724294222351745
-56.469503672106704
-74.95447759594177
63.56416626810673
57.03787682457167
-32.804180701503
70.888755323688
-38.89471686547223
70.1114652460013
99.56636581009286
98.01626801467197
4.498073766595255
-59.86570138549161
13.772027232949242
77.14978639560945
-67.53452074681198
-20.735124353254577
-17.435870087968325
-86.02049038506135
30.687727568512116
-78.99885489502405
82.30785060992528
47.54558491839899
-81.57495269772718
-1.6699290507916231
87.63382673164364
-9.14403009495473
93.9951431668973
-23.28384078467016
36.438849094193046
-58.31836235953573
-19.68912859348808
-37.28548213022573
23.23234546003799
74.65406827693576
-90.01682887551637
-2.3862026997644676
29.59942361776308
47.86274264278103
-72.19441566594422
5.76134516769649
1.6468233595120694
-68.26773494063185
-22.560660243214798
84.7004523553478
-37.95887721999214
-85.2706508717842
-25.548709909605734
25.893240731677423
76.74800959886508
-16.012759038278347
-42.473017926342685
-79.35154484782261
-54.89240297689155
37.363781175914966
3.208678368121582
99.83261493693203
15.416201561832494
99.96204084591164
11.026089274212751
33.2057639731313
54.35574179734718
-31.894442413212005
31.167198609086313
-75.11956092347616
47.781525495779164
-9.76404124711756
-82.43826710607367
18.33354739459132
-9.105946570666873
-53.019967617161015
99.21270862508175
32.40876340133346
58.71854758319216
-88.93674350094128
-50.89095411414755
-60.86075197966967
-0.9217096903995952
79.49321952521993
-77.13732403347217
-51.912421379407434
47.525639882100734
23.73032387934964
-58.20461231992127
67.41118269866345
43.302510391531115
-84.17071864118404
28.406751981193565
74.88702717576709
-77.46497681935651
34.92861140641776
-99.47065638935561
-63.76117072610761
-39.803706541922715
55.827715597722204
-16.414579130087674
-26.556355891364404
-91.30419917389199
-48.724907507054404
77.05918882129609
11.227048353897473
-17.531361302969344
46.278817577289345
24.759059225492393
26.42244988935599
-42.82512699958119
-93.73581975721201
-20.68687498468202
-88.39980746682255
-86.58188746493067
-61.18561484322604
2.317407943300978
-42.499629222496
-31.76148413567779
-77.18808692001409
-70.87130573479146
33.43302542924411
31.26454360140619
97.96769264271416
-92.86108586047884
-1.5742926440512264
68.94951992575292
17.68540230820254
16.011028770221586
-52.562614082504844
90.27829182421394
8.787986766718888
-57.40913384137285
-27.82218646553183
-58.7485585960934
50.974000297732005
-96.21415385066415
-48.482051250598566
-32.049091415971475
3.4080974385715166
-41.94871685736463
-81.85494519709088
-98.47450057225899
70.34636048693824
-62.59067140926759
-93.13201123516468
-84.92617937841231
-13.499775761519174
-41.99155956683318
-10.064593402102801
83.58019836534461
-26.38584324074162
-28.440144361911194
29.418641482438034
22.645799491557824
-86.20879624764142
14.777761457706575
81.30014538323744
-49.48315088045467
34.044128415711185
-51.951745165277565
-17.971144443803382
41.976247000585516
56.5044752017115
-25.09735837666014
-51.60541587419978
-54.27436680352184
-55.20275934857506
-57.82834626617299
-7.024043818173212
46.3942666344532
-31.785381287193303
38.19988061070191
-76.36656837236357
57.41853693225579
41.86395639737182
-61.77341149021671
36.374276516131744
58.542333339646035
52.08997250751662
-12.94069212156981
-21.803143315014978
51.74441841898104
-10.059325869240283
93.12498693357892
47.75287878220644
21.649413773115384
80.28919439922763
49.560391784320245
-43.7124747480693
-65.01682609751099
12.048179748935823
-75.86808083647361
70.01124128691464
5.4010252301081465
-47.298265876123004
-75.83146748873625
83.2909532223851
34.08106608974731
-52.04729092145055
-55.2755409875324
-61.0452731570176
91.89964478761078
54.47115057508341
-16.768716500822165
47.78138550184738
17.66184030137474
86.71057349164198
-94.70823587590375
-15.581233344499438
23.678656269169366
-41.260702517366084
6.226003079467034
33.06134067366301
-70.90648959252113
-5.354532472491599
57.663229540569716
-70.77144025077892
-58.83124550396457
-58.02223265886557
-0.7950566862150623
62.718863898718695
24.02937608459297
-15.93033711290117
45.323836247071824
-41.33665644873283
49.48571308471662
68.75028265667862
14.21338810502273
-96.35691368132532
-46.35546696315052
-15.440086758255944
32.310373009342186
77.6229221919441
54.08102129339591
-46.001181619011476
36.36275713513896
-57.63974789359345
50.26122571038772
70.78027262873783
5.226216157990564
88.56247555629653
77.19434661969396
-37.18707788532161
87.95444708916861
-19.306377733320844
47.60981173372184
97.96672167829831
40.90226250403012
28.868101170305778
10.308274365772817
-25.57286278792239
10.212719917387744
3.6715935880147583
-3.800133068177189
-68.70247769774151
51.80879362883027
17.413795134117322
-43.117710670735555
34.865211199065186
-17.824972950069437
-57.450683849020415
-38.42153786854452
-11.779870455751237
84.00317755550063
-90.45847443104576
-76.07371121843443
35.8649281792263
-19.919933205420804
98.57830842095808
-53.56170518324155
64.5052625302261
-66.76346025329947
5.701002155321746
39.78950995903554
21.856170550410354
51.82326469496644
47.453068695000866
-60.86392580700952
41.284968126063404
67.94997832439117
36.40327124550993
6.032304334291112
39.83838384444658
6.204807094760724
87.20851020407503
56.011990064127275
6.52681918976387
60.831635011445144
33.91066742035326
92.0118041192433
62.61478224667903
-93.72450865250306
-19.584068108510948
-26.546534094940228
25.380720203305017
-6.7610510821435525
-86.3853239381146
20.843986411437115
-31.42023979944628
21.876004354308208
-77.15158047954432
-92.23072153892558
34.37939147223776
45.9256358119633
-89.13289465479474
-79.05526004601299
-9.674244298546768
84.45710821443265
55.068776292862964
14.550961036661064
1.141672824641347
-95.36741689016534
-10.694002752401488
64.68248641397517
70.3243530777336
21.84353202325555
36.275429419912825
-7.3538506069256755
-56.66095958219768
10.420953818610286
25.335180490211172
62.29545855257331
45.145378629715225
-72.25060963655676
54.116609349162644
-26.142428490785477
96.49518772667648
-71.90920118996789
37.06254924138361
-57.84261210947048
-45.31758687925625
-3.4862805999119217
6.9590551825353515
37.091479233981204
-75.58552898990973
93.44086854463748
3.9192665959670165
84.99679423476928
96.66536774291629
14.767909483797865
-55.29791382219549
-46.47374954831991
-23.74048911233318
55.914132076992416
35.36577846216099
33.93587644328383
3.449659428589655
-94.322928853924
5.57081647383724
-38.481916493219146
33.29916523437376
87.37279319770772
-75.53658541487245
-31.764983518930904
87.71500822558346
58.77412112849834
-23.008680243303203
78.4450599493066
97.05487140726348
20.526221979970316
12.644890504196198
16.499802061427957
-7.90479832209418
-51.40899017315168
88.48761919790775
-66.53677071445597
7.368158060915448
81.62724468788409
-9.77366915495837
36.00805648903449
-17.88029346609497
95.21488088229097
83.02072567384923
4.521723357846398
-8.37181903779009
-16.272606343043222
-99.43568740249995
66.8102998328695
64.87203312058693
5.743087898850121
-95.1489080036547
74.27809047702877
70.42495945190333
-2.0225300053203625
-83.70806973044273
41.144834079965364
-13.806967783711428
38.569109641758615
-2.901387143381882
-24.86119960053186
-69.30252147999805
17.201587261686456
-86.79886906568599
42.419218037690456
19.983675420528968
98.5261580306817
92.63480434721433
17.83488182500834
-90.18927139741699
-83.60762916465822
57.03003203162186
41.362382108736654
33.72812184960506
63.65819220272823
-58.52965410142714
98.51045874478135
5.38850029339622
-24.35437584018804
-38.401705611340375
-63.24093176629169
1.5818661626569792
72.08386531065665
15.56668571463679
39.71392058299975
91.68291222688595
-84.61249955648347
75.36218620183007
-48.456043569314076
89.6376295839645
-14.954179174322263
56.34754264606221
-84.39141776500993
49.96765780748396
-30.156203709948898
-13.127756034389606
-76.12356882128542
15.719310895961812
73.1451948528688
80.51232403885041
-32.570006606015696
-76.64832586669614
-32.30481604613264
-38.03316503474925
13.86823968147965
-71.99705821042686
-76.44236395680129
-79.33697615070905
-8.476264172651867
-66.58306121436928
-53.4580783567433
-48.475540663144386
12.837365924630987
-40.342402755315355
-99.02264205352344
59.892869048504025
1.8842749073746887
14.146240577240405
25.407855366103306
96.46575248092267
41.71090287953086
-35.705128050894274
-61.52133557560926
-48.09288558926823
-49.615314614162266
-34.90084681423966
18.360933873481343
-23.870853954691057
39.896735382055596
-82.85191479490234
15.361664129425549
59.923348431085856
-64.71658669362517
-12.73986369754003
76.10796717356644
-22.77510530339319
-64.695185247692
5.918289748735276
49.001388026938486
43.53234069374935
96.76938007949732
85.64148655159383
-17.418974325072043
-84.93942407009902
-50.52097653867564
-97.89751909043476
79.55584703206611
-91.27486174796016
-69.71791409380663
97.55202239569266
4.458454139737356
1.4224710983405942
21.934312075069684
55.07348780484989
-17.045967349759266
-90.60416380618754
10.163672405089102
50.59031227205463
84.57552797701396
27.654045206151352
86.43901031364015
-25.623952286667944
-29.042539703335194
20.05032194612795
34.49751530034544
16.072918334782344
-27.375687026397856
6.826029212229727
76.29937639512903
-78.81690347318921
-37.395642120284435
-75.80890554989315
-61.5430298065359
25.99314854808648
-21.149256011213808
74.97633105681138
-58.93182281561966
-23.70737575115436
-62.09187148780022
60.44916275923873
70.60142012227283
84.66439306475718
13.01530587583693
-41.49613469114508
53.76832984036258
-5.152783319800051
-95.48060827722522
30.630053818309648
-27.487237339071996
-58.66164221645127
28.870024287139927
10.589386963120063
-87.09796008020285
77.96447671961508
-5.65457167839692
7.490313272471425
61.47403579332652
-67.90532054185788
64.94859822465492
-35.72252048510913
-72.01814175533309
-95.23447676613985
9.761217213573843
-23.76702885829802
-78.21611942711482
-5.685569761983288
-51.95608003520091
26.215729953751804
-70.16277122991335
-52.98386217377564
-6.8768521831385385
50.84143594587624
-16.37806629698511
-61.622003984981454
44.54423953171644
43.89207638465808
26.538752335236865
89.34640465873227
93.81443648607129
-99.73677508296905
46.64517076248188
-13.86772757343131
37.98459073473293
77.74969026950384
-15.637780006900186
39.55810558656049
87.02534337650258
-66.59014973928416
24.065890565704734
-42.27815459661337
-33.186315184865194
91.21210165046296
62.39600931326689
-66.06390654047851
23.951112766675365
16.998020840094725
77.18117554356792
67.33998089554157
-97.43982348848999
96.55455627937016
-86.79074693812399
56.81021372665734
-48.16853853490828
12.057178594556376
-75.76696149907163
60.49092720959533
76.64368798582123
99.30729420821757
23.35182696252491
10.436103832185722
13.337255325257289
-81.19478169104312
56.001438249647066
22.546412076082703
-85.39026096730792
-11.689073138453594
-28.821803252531808
66.10319820302183
69.67181776021044
-53.546261168246076
-38.27131878730774
-18.30720474433707
3.713068920350352
15.959423713315473
-53.71327532369041
-14.47540137195449
-50.190717199665656
-85.01642970620813
14.602916989650993
-22.46654049977704
31.910081064330797
69.68943593837275
-85.6090935620773
55.9172711607838
-19.30764231944964
-22.981807785159944
-40.440417977920106
17.62849432255898
-36.04243036242578
-11.277988245379689
33.507265052364374
12.68872301274422
82.74778140854963
-21.300995211825224
24.382077601302555
84.04892391103164
46.24443262677147
-63.05519547378062
73.82896010893606
-59.4707824269944
94.58309531270862
-37.91340626403388
21.908976770196503
-31.56824704234009
-52.867883854310534
-82.59946594247663
-13.47739074584726
54.94467832468126
-82.41841491448997
76.47676344332436
-98.87998442750707
-85.78921819748993
3.8871467885397806
-28.142695018317326
2.7560112436128605
-58.128439949394625
-42.216452840566475
-7.580321028770214
-9.90804138527838
77.70158854517189
-38.63818448734442
-5.562695466124822
9.940336942722865
9.368319746720061
65.96310631453443
-58.093203133966
-49.94737879154623
-37.027749220034536
60.802661914476005
-4.314784702479372
97.17596094279037
-91.65259440059678
33.309275045377206
17.305165930612816
8.083390228595434
14.568050498614866
6.666078509730937
-40.68403377386743
-53.9264018378183
36.62626594012261
-48.22686105704803
-46.377413311994296
-22.565528978138772
75.1806581139495
30.355592479991458
67.92831770362343
-88.86814323947848
-2.78663887319415
13.176731497471721
32.389701427162095
99.42665218594578
96.69408076902565
15.27864991060514
94.61777250707772
95.83061854092094
12.73250148046661
-55.22462843790539
67.08416997977429
-20.62062822181663
-94.09289171651768
18.954075983108808
30.79556786142291
38.37999601457011
-11.280225036190217
56.90469458281291
13.169793464358463
-99.40600374620767
-71.4629616930026
-0.9448132203647646
-53.187052853009554
-40.15718621365776
56.05064633423538
-75.54960570782201
-21.81098995916355
-29.24264034868311
11.418013911589142
0.4861199985939635
25.875036687946306
-95.32635711176336
-79.48569443436057
-27.982536268738215
26.89310403877623
-32.46259914416156
-55.79773157540166
35.12789215168442
25.92926894015997
-24.02347632195523
-11.07129662938155
61.592888423450006
-96.59485347162789
24.12419033177531
-53.061430530887165
-17.18030779126289
-7.811726635255866
-32.70834176977344
-86.29530456884362
9.838889045363459
63.36601558495974
-34.4990257626652
68.83315821911012
-79.82990931102552
29.558388464926736
-26.95153367193764
-76.44727191984124
-18.577818211420876
-52.54932905397855
77.35453157022613
85.95256037433583
-87.00918596676479
-9.630299615863791
77.81306539671479
31.344461989551945
-58.147225457234896
-99.43390399109084
-87.47802071112451
80.81693123765777
1.218352015465456
-30.216434322912505
7.162105655524925
-47.61073273103425
-17.770681936477104
73.94273395551383
-84.00485294710877
-28.11117286503257
-64.47679128145239
-70.02678515417777
-37.59743363222255
-51.521896356543564
-33.187610918094165
-77.55890624570507
46.482601241135455
-98.17411272925767
99.52220805168162
-65.93509181064765
64.94401719709327
48.57265155878511
-49.376247158066924
76.4769255517798
-21.32540879263867
13.808146475107293
69.66393026441423
77.1220468528455
16.719500361163114
93.81176083501839
39.10126613488944
-67.64171334385891
-18.75617526419316
71.67629984028665
-78.01063781462317
-7.2632614590689
81.73477804448433
-18.77853284952093
-2.2805579578015767
82.3984318861446
-28.317152755445235
30.39145524932519
-12.806267836937678
-89.86208549288612
78.22766049702821
-24.814803587453866
-25.546269561194592
36.605719553362235
93.52678719461963
51.76228004648334
96.45539979189553
39.26334029390489
-93.7965223014528
8.673720324530734
71.90876793204251
72.88727393866665
5.44688425266952
99.1781504661318
58.0501964346922
-5.630278639394518
59.80552200003237
34.89247389346386
-86.52331007847332
48.68206882652092
55.71895253558671
-53.926900462004326
-19.29210512509401
37.757151676198475
-85.37308281996553
-44.01971635601372
80.14504748871991
-10.371695832531387
30.0294601454423
-64.08775614019069
-10.287694187032741
98.7046933486233
22.11690206170445
-37.83496410800471
50.90130965666293
56.277079094768766
-0.5716712621178175
86.42951625376338
-85.82189094508136
85.77306169741553
-77.3594077626516
77.76881530338068
77.79532065194698
-17.060610778762594
-17.283059129592644
41.64322417602102
-76.03249308731236
89.76195926992182
28.959763508670505
61.860676433936135
64.73347952575065
-59.13766904093978
-25.91823964643166
-85.72005953223021
-51.76602470622467
23.01725956513043
-35.00490786377763
-49.82503830124288
15.24565093078742
-20.180985532316598
-28.35319029035783
94.08818611380241
-91.13849902262817
96.5210259090207
75.85425807421299
51.03885623540913
46.71733498865743
-67.37186342314453
-80.64304272191862
55.13781338315309
-46.87067756155563
71.6443440042413
19.176766657907706
-22.23280860749685
-81.15248835472006
70.10595693519406
29.720265846000558
-1.1574910105711496
68.24792594406927
-11.604039182440957
70.82789703824128
67.79383843495316
10.559003237032584
-94.48689486781548
46.31437637321514
-4.540557355927859
-64.83069837529152
-8.252560113124673
-9.611200163482806
-81.98244195353645
73.20074298081087
76.71064010615774
-94.34476999296074
-42.54219850517145
-13.824851090732508
57.14637575856247
-4.286278860903067
-5.702054625772249
24.295374838586838
-23.393081940820252
-86.97130307318956
-98.66408732764353
57.808084115862584
71.08788463527668
11.162882126788332
74.60327447504028
-38.772444102392356
15.165174849441527
-40.56705524392126
-91.072491706829
-86.30861585572363
74.42485142436615
20.1064760974712
90.86083954406658
35.4209939811588
96.42843688933053
-66.87666346620935
-52.86787420204848
61.30502884278067
-98.39935113259553
73.63968714726067
81.90945069421994
82.75325219419932
71.46535820041686
-7.164587247572257
-64.0159408268316
-98.43614713353617
28.986511352516118
-74.84528546993644
43.60362749100403
83.32368836425846
83.84737867589001
-94.77734211976116
51.41022825911517
20.18826262785163
-65.11848871103342
-10.413555323962044
