4.929067442417477
-2.5962665179320936
-38.2451661875655
48.81893275377328
-49.97158224662144
-54.100803190246396
66.49954245692223
87.85174607433791
73.82366057448868
30.903665864874426
94.46532706651428
-94.56066138863453
-17.425418077282814
-12.897447252445659
-64.37857244879335
12.854022513064606
-9.372074282901195
57.67402488163651
27.040032375738775
13.838606306176146
-85.02689016684302
-42.28361747709437
83.12720642627801
-2.787172083404414
65.47690080728611
-42.84184727779336
-20.528050814377792
29.832817258632616
-45.33078476435912
-86.72120092404592
12.505144559980195
-98.8056555226735
63.24348221038812
20.819436639740687
-98.60962711746713
-46.77052883140143
-48.93467405613594
99.44728902652759
29.33165593876467
27.447485407508097
22.71277669178606
81.09612357305818
-18.498648497896042
-77.40217057004624
24.5469700817889
61.49659433704832
-26.429797405343663
31.90666813407279
-16.52204804141455
83.8696912947205
-59.74769631082826
67.15926570270531
45.48716362330077
35.42987501774519
88.217396113685
-93.07851413757959
-95.66751050917352
-91.15675108499362
-52.55707704733263
-84.13667853773184
21.687843724738315
-65.93023244081377
89.30832243717737
2.035530986528073
-90.34743218634402
-21.536246683630992
-34.488596331670834
18.45632550484993
30.939501375503056
85.85233936932434
60.81383515548268
-65.39722351314323
-77.38665924828601
75.23645193576306
19.31012649460635
85.20796737721437
-74.00310982371158
-54.91735872957029
84.00806226876466
56.05871427393791
89.18490395212291
22.585403214113725
-73.45921076650404
-74.69428292558086
-47.72742920894204
46.2585014090252
-45.40361026068993
60.92009516937037
59.58092408488437
20.71767270473468
-21.177122547244466
17.989149339752814
-71.37841737514279
65.91871804458162
-69.61990263665786
-22.60960582912621
-51.52813211604983
-30.73022401572149
9.715746383895024
59.51633824894165
23.36070979219646
69.90442421604902
48.796430244267526
52.69852395150497
40.38426255707901
69.16984509591975
81.63344496163052
57.856549751846586
90.0708839634577
67.05953901608618
14.925851725327831
56.73152832813429
1.770214119153053
-4.9812099257710685
36.16774944858156
2.9210180594672295
84.90118420889803
6.559257894438872
-0.5685597309403363
-24.50865416281036
66.97655652021868
-16.96792540805521
-44.76807864164576
35.7073114125989
-73.15218390855169
-64.20319040581599
82.34672398108594
-18.735337325212413
90.87878719826043
4.599574753837345
-40.026024049228546
34.49317292368795
97.96954642297473
85.62103971386608
-40.46529951778257
77.11215545912387
-86.31314804740455
82.6893092849617
99.6141450995689
-23.172242458854427
-46.362138439566976
-22.303019649418346
49.418166448383715
-49.035529010773104
-83.06239893407945
6.107367056393926
22.102970592746487
57.791314001523006
24.23867417294801
19.26305125036356
59.590940573706774
10.952099243828044
-65.02156173623379
48.93157482649565
44.0635690968422
-16.062011603780377
23.774239943436456
94.62453510580642
-88.59541085108309
-9.538201589731884
78.6549003959604
-8.749580419430501
88.5794550709582
96.30311615711787
61.67778692422269
43.882551260498616
83.27395128288438
5.876048054963263
-98.95158407434126
18.45512906522802
-72.87893699584964
95.67730489353929
76.06663203440621
-75.59630663762931
-39.60700509620199
99.21174559161835
49.08923349055567
37.394982999496676
-85.99762803397493
70.85791606762083
85.00644366908594
-41.47013812656368
-64.75355933201192
44.394724015759465
84.37806846113332
84.6936813340161
-82.79440765287131
-34.97318371030515
46.33409497706069
-6.530438314423478
57.44877887280603
2.5001356633953264
63.27311418712708
41.3169470739484
-34.724709910461996
36.531630416400844
-30.45008757665994
-31.298134329802778
-2.1826672485920824
-55.42474652012712
61.81903653433301
-82.38644560542934
-84.64663918555017
90.9671073131716
-77.31198620676855
48.654338293626125
-76.73968296978555
34.26484603386862
51.91854472144638
34.409212320706615
39.98577457297665
34.13376072271839
-56.048503312170816
3.487849009065755
21.191866861744217
-93.97470515594011
97.46417114759123
47.002588299701586
-69.98398895221369
77.63628139248368
-7.07951697263438
-73.47441109940107
93.81792944719672
-89.44921113780157
76.75814002818214
-76.74938340150639
95.38512135818763
-91.50994867659479
9.9594563401715
7.395372239937288
17.89813567244272
-32.959331093990784
-55.66249988487388
-99.15244891066426
-3.2380891291739147
-17.40765935736006
-15.341587217173512
67.25439791903256
26.485604236208786
66.47888714690899
-16.339420277352318
50.32580110953958
58.45027361637668
38.09087464559127
-17.38788085651362
75.08769928432767
-66.19661995994734
72.93203107095906
62.28451289694698
-16.008371088194906
56.308541092469
-82.66459366128676
24.453433563218383
31.708621557447515
22.646977024956044
32.46722883927109
20.560413976731382
58.37320502643374
-33.6798167061054
61.09654366568461
64.67882932764616
28.63770632568756
-18.63831690414237
-42.22431209778459
63.29222030998264
84.34012406746808
-94.58560798653966
91.74252133833224
56.62717555106366
-48.03646296243647
-88.52923263819554
5.690793772906716
-22.94495211541438
57.94626232779953
15.203038427591181
-75.98618386295203
-83.8991416102651
-81.43815259149223
-49.48468688552934
-6.19724940462703
-8.636924843827416
-21.378801908388184
-7.012067733246212
-29.318581180582896
-58.27806013002401
-13.695559986022317
39.61593061847145
-35.01373452240091
68.31769056299214
54.34348402317249
-83.80618760123066
-86.5839181099761
42.45628354604571
77.99373048347039
6.142059122805989
-67.96779218662806
-82.04676318334484
-67.35766705154396
18.869610120137963
90.05379795204428
-42.28076016850464
-3.7456324688252636
42.32322366562664
10.857608004463984
20.430759534754657
59.88705421500015
47.77887903098005
16.090313548429492
49.79553792837379
-38.89207277808369
32.21344066210469
-97.70001114538982
-85.23015397021945
-52.32595072694619
-43.91012436775701
12.01523003000591
65.5818085000534
-69.47360274468375
8.99782872325585
-16.080379788980693
-71.33695128860276
-66.10806358669879
-41.56432298081134
0.9372846026308537
-82.2701533397784
72.45065549061536
31.496562664339507
-19.090539894918493
-2.4722647439439243
89.79397955401603
64.00425241632911
-15.66703838009407
-91.72587399016476
1.510409856470659
43.254231687378706
-76.13163458508872
-94.88196117037926
24.24598951776602
91.66592924665596
42.040740555752734
39.78597125064255
8.190776107398406
-5.1265273850698065
-37.23217861941694
-50.34554474978192
89.8461661992853
45.41058834853919
24.437035223912147
-47.280117790576035
90.34484917789135
-73.89315693599772
52.9243131062081
0.32201109338704725
-29.37661448888265
-64.77651779187667
60.20746823882678
-3.8957724027927014
-25.860416243764135
-44.67514760659239
91.14402960171103
-17.29958689249918
20.01696138349594
3.822711037217232
-43.316016763701825
-34.66402802919876
-7.9662851124512315
72.45791285966959
50.18237262506207
90.17546489127403
84.25335358427492
-35.282022554603174
23.858178674875546
20.08263392737291
-52.25806237289818
-58.719086881876905
25.456991807222963
87.02918752931609
-86.13662716522641
30.92274608068729
76.69964299132374
22.553741984566102
15.061736491276335
27.1913793113538
-88.43197226610559
47.87265001309632
83.79275607953187
-15.36364883354922
51.018634761083916
76.0653980327269
-74.10483805073433
35.78765351655693
37.656565567535324
-45.73297316691096
-9.667795901748306
96.86771183064914
-13.321718205673164
29.512574863946924
-83.34102076038288
-31.218641877282664
-75.45467176815632
-82.23556074228435
-55.63910323108807
-42.09344971688935
88.91880234155985
35.68103881687662
9.520472651562912
50.46312172220718
83.20262632682264
-87.34602530648755
44.29239087223846
-94.65836884320626
41.33759588992123
45.30998528153273
-67.6359913104609
55.29694981393064
-15.607487513207403
-32.497384336414754
-64.74935146190268
8.601085905928315
53.126973726638795
22.052978778122096
-34.81815140439903
-41.77163469890495
-89.04179532908981
80.8675108459536
-59.11690870379687
-29.463075089585985
-55.64710194932441
8.0070498724466
68.81729707208359
2.4171881995213482
-93.84738388595571
-23.38442812428498
83.54068774700104
-18.33755957474044
38.90051694203808
57.22022569174669
-8.328631290974428
-46.47222272672684
-2.5416355789565444
-89.91175754210067
82.65986784142285
32.45808277465375
-9.127512135357833
89.86880444677254
26.59688249386734
22.84304739046361
21.496682779756668
-83.54675723641958
36.7662840135055
-35.1496969979715
-62.676091942176114
45.515055434482065
-26.98851908394208
-59.798569330625995
-6.566763710845208
54.90412632981787
-63.015540035971455
-90.8328251732729
-82.33205069016844
67.62742678781763
86.77226227154577
68.29251527249039
-86.76729731532986
53.862719273784876
-64.68385393711196
67.25055252441689
63.506418669772984
-2.7439279822648643
-21.126001693537148
33.4139703085107
36.30286305990492
-87.01119368485115
-74.62628536739098
35.02932304726767
17.724282346335556
-54.41389285688503
-10.331596253180592
83.5778887650265
29.13914872841704
19.905656442396563
45.153919963256584
94.37070623362581
2.4298961971353634
-29.84237619788992
96.86287673701938
-64.37811156273132
55.898411306470365
-1.0956462454486626
95.28565991671493
58.81665391849225
-62.293626149101435
17.271055757020974
-12.387453154420854
-36.30192341255547
-65.34736985733068
-70.67857641023102
59.483677400068785
31.20644068819641
60.533449915345585
-48.42373819149177
-37.968106140026414
96.58545394865706
-67.70945451962763
-70.2279928382383
75.01564014736721
-51.53982388962357
23.60570928445209
17.094837664035637
98.19151302975811
-66.92759236577032
-90.4377649553616
70.26705122669654
75.61231932740634
80.92079459821514
68.53528634500091
47.308801419475856
38.44169580282474
-53.45447965971639
-67.23233761067084
-2.5776384120640046
32.72010181838726
30.26057304474915
-61.46124215962552
-26.627550023321177
-80.87822123268768
-12.315470070040007
34.84186034618361
-37.18675064562695
-3.7992688146754716
-87.5517325229275
33.715682471084506
-70.39346228015705
-96.38964566134422
-84.88422387787922
61.436213352500005
-89.9680051253505
-8.207465839312647
-49.18409597591453
-45.63825830793409
27.855466142458
44.657922626858976
-99.43250075901456
-59.9557959586007
4.799841040117812
-20.05470900402048
-99.2682022004119
54.68779397357946
-90.406399223731
3.7673306929738146
62.27964828551458
27.785924879139017
-54.805143421019075
-55.05573270157183
-6.835925697918782
7.036567329148127
42.34593076440231
-62.37572544826024
34.88871764827624
63.7581629646416
22.515020121094096
96.07236784490738
-41.152329563069536
89.52979526536635
-74.16447236812405
50.90639080773025
82.31860839670966
1.2847246010154976
4.713069377327457
-70.15959366520421
40.77231545581898
-48.23963250333523
23.617509298470026
-83.18046025793453
-41.6209076109648
-73.35654785942668
-53.61684387732344
74.73827352362377
-57.16307703688068
34.331935032903914
0.8554049935373342
64.73639229426757
44.54474241559373
-22.40148494120595
41.05792440890747
11.580849394448208
-28.475319831193985
43.02142910063097
-50.107968924059335
19.467106499481176
-5.614677101714776
-43.4832058196289
4.637874351162992
87.04795937084248
28.01631739411772
44.38379334924832
0.23682454975113387
-70.42775912608306
-73.57648891398212
76.1346546994506
-88.03203056184748
-98.46727154588433
69.01203602943076
12.20657878453082
67.47118805608147
-71.5705150073573
55.80957390575412
-14.68218074441397
74.19621350671838
64.5986950416301
-92.4109971552727
-25.156309274162453
-54.80085638337848
59.19840009964028
-15.073953295631142
-51.866993761281385
-34.30318763902301
0.07100967874987418
-32.53801011128921
37.484815915591554
-46.934989959542925
68.1056083646778
-25.434294109727034
-61.20276822334687
-79.31330470966087
8.339997133183942
95.85217365630251
-0.1629430795482989
-95.57075443824081
-78.83996315338304
91.4336679441561
15.480338777514817
-14.978841769944466
-46.85931368273677
73.99780898966856
-76.07651201893009
-69.3430961305018
67.9975183239622
-93.93721501235419
91.27308919199942
-85.26874849330524
57.82068231937009
-61.939632927368216
-15.766651864440732
52.17803370557294
-99.02174941398007
80.9563562436486
-61.095591778850135
-70.66138452837126
37.4594873411248
88.58898043153874
-22.22106711357253
65.69809514434252
31.967460410443834
-28.186623205615135
15.35990531745908
59.16143678739954
44.74159040843844
23.605287326326035
6.12742560768811
79.04634626268884
76.78757626094642
-43.99051978569118
-87.47125365800706
25.585940079325127
97.36820529606703
-84.94637294971355
-98.87519529078308
61.83054984636115
78.58078109934783
62.93917641677467
74.91678860427163
22.00329988586344
74.83145605693363
-32.372042852755015
-56.39267304348765
45.46345023491284
-12.964994195154759
-93.64299224758041
-84.76707088319564
-45.179658461702644
35.897080325055185
15.217837481737064
-24.20451138411019
25.191802989612057
40.97745480902313
23.770245036141162
-78.20767163310269
19.17808137937149
64.16525849039019
31.14246182641847
-67.30412994291295
29.370895442198446
58.7295075753992
4.768267302711891
-68.07873892317804
54.21549096043549
-81.04014182220453
-89.80571965483779
66.4572480686401
10.048571321584035
-62.96172137856433
74.57788910867666
-84.41192518291068
-54.13307302561965
76.44490238559783
-37.692455397094534
51.85625134628299
-65.18475685130659
85.96995608499267
-5.933964749516619
-34.49608349492709
-61.1974029603856
82.73110037628913
-95.85553622250458
5.934626631658574
30.47931633622875
-97.02646809652128
-10.6633196786984
-17.19107051222815
-13.488883773664213
-26.594143210081327
-15.856344875102437
99.38615996836722
86.13288489163773
-50.4983733820483
-81.90400048693135
29.543066480301263
18.062870639620485
-44.229615417767846
47.80750752759417
83.28035453873687
-27.29430105851327
38.525866419153175
-59.660896793917395
88.39864714971975
-77.87426103823192
94.54280315759016
-53.82519572244446
-48.478235016271285
-12.623593881443696
23.517897905696074
-62.93558975028311
18.44666493418299
41.551174528009824
61.2868909841842
-88.1630160882158
89.11860088279064
22.335232481117345
-17.89712260598442
98.01010823779222
63.97102491335605
-36.03403833221061
59.60420969714451
-65.20030779605779
32.446886410961696
14.304851449241298
-23.06787682478297
-82.30479308993677
-45.38647513820963
16.343136484505806
-37.16477090763461
92.13185278779139
46.55818713368592
-16.635133749105663
-54.16946114272392
40.69278180961993
-58.379357226898506
-34.32334069861429
35.6672216381381
-67.96979716376094
-5.973022505559399
15.232910797602358
-49.273201803546016
50.80331927616584
-49.17961714719328
-39.176294306079406
-97.9635620805914
-77.15773808973498
42.62024923361446
-53.13824074438935
99.17414160009133
-18.36020024008704
-33.27674741299644
64.70007572091083
-77.94005647361932
-56.341383823730126
50.828151019934865
95.82207599161339
48.77407367483988
-31.961882440669
2.592509551054704
-33.78636916438846
47.094553590797005
31.37672061432241
5.258208940148435
63.82538901730527
-68.72838967733136
33.510740254533715
42.28139795198189
-49.46033515395045
32.68229652394069
-35.06198061298042
-9.71454219598644
87.24256953069519
-97.8043213699419
-83.82997044018354
-98.98322028095006
-2.162394213620729
85.29367338591365
-73.44186646971042
-6.457277324785849
41.00200509057501
-95.51513085071919
8.731447275147275
68.39505532129976
49.207316963992895
-66.51782570972028
72.76074156101592
-82.8679269535647
-80.0512583666012
-85.21734982277502
-30.98292822054482
-57.70932187530418
56.14217718173967
27.49223115309438
-70.09366054497093
86.6020802681798
72.142279510095
41.52278635390229
29.260917819167986
3.1772605993236454
5.333448170508362
-57.9195045423905
6.023906423270333
86.46173279489031
-99.29746436733453
32.88097993134963
-16.1115336760504
-21.590173543457396
-34.56218689152412
-97.40689367155919
-56.043733532942454
-26.38925127388434
4.220299795283239
-83.48405814144931
-93.48759305060861
86.95741148819116
-68.89873920537795
80.42795655313967
-11.091296662438992
-89.46108439619876
-9.28745366797412
91.23731014689909
-54.17490092270718
92.73220975171307
33.751576008913275
51.75327543565899
89.38736618393276
-77.7220122727469
80.30289414330642
-44.472124544376655
94.782646380822
-30.689905302921034
-53.63870914942734
-56.34505917543669
-86.8826862308706
68.38716575883944
60.82856074987541
-4.303798066728376
-72.45092565467502
98.39675356811574
-40.888958637596964
-74.43800160690681
-21.56688985026176
9.277109592800542
36.85040237700878
-31.347312903322063
78.40232243881096
18.96208405106819
-76.05481629802307
85.47777866988571
-97.02502055429561
-91.24721801414091
94.79356845457681
-2.501726203199439
30.038852073508878
-25.038514101631534
-28.96417447894808
-30.841343971428373
-91.39590990393758
-33.163952256447686
0.657241057403894
62.81084568046825
50.46648902329133
89.10199704116633
30.909468494130977
85.44032730392402
58.13228149995143
40.09288194038277
92.91992545334438
-54.1949736946937
74.0999488338507
27.331731544435883
73.2921962420516
-51.60436517566529
-94.35989822486306
-37.34184991114277
84.0083115490232
-59.34406274219353
-2.682124204974599
31.479807516930236
-81.24365964731996
65.09349639635934
82.3289186378585
-17.333596760014075
-6.959113515932017
-50.37751583381515
-20.14818476759872
-48.673092347487156
-10.021834936529544
76.9512894546946
70.61078919290534
-70.1981617947891
-25.212329899552316
64.28911240697636
-16.858223245404957
89.68677888832357
-32.17390462384084
-92.34513985287596
76.15841826631603
74.52325697139787
69.44069088396844
5.787315679692526
62.08083897090003
81.6310135022672
84.25018557232346
99.42176388882604
-89.4194705687845
13.60877330602463
39.49326295366714
17.221480417357753
37.3789946076717
98.7411057810053
95.8214152036532
-14.218587707042715
51.21597802798698
-99.5831043416733
-9.471892945213241
-62.33041951292246
-20.25160373121966
70.79380968844359
8.800488113913943
-17.793096100912038
-9.361046081377623
-31.349387694479034
36.218609715344286
61.426507653482844
-79.79438876936658
61.89120534543491
-62.254711831325224
79.58503056308786
17.76757172409043
37.325355218931065
-82.63454414283854
82.44924819060756
67.08109431637988
49.61557486573304
-43.42769601010312
39.80397637424636
74.33383760932654
5.289935667060902
-46.11806746624663
-39.068343898980196
-18.428430318652886
53.6214846488582
-47.82834450421356
30.85842308406359
78.22930591732569
-88.93415962619487
62.145289523717906
-43.76342844001779
-23.523596600425222
94.7461535273797
43.72763608989621
-86.10475439277032
-92.48478648920356
41.73751463073006
43.6143607622833
-0.9026506700477768
63.031905894876076
-20.023265491797986
8.10150617042072
-60.872242604686065
-79.1078915278849
21.107984005585863
67.5007335362533
-5.753951217689334
-44.768786442460716
-51.56834192667014
