92.37276912013803
-24.312677702732955
-82.19586295243751
-10.985736999455682
86.00373874712787
2.316869282673224
99.69762914959023
46.45490957980422
-21.825364678891674
-14.873486860915364
76.0836635695594
-52.46391691913568
-95.24309152844663
94.91309764411943
26.122693105199545
-90.84146435808236
-67.07735699204997
-15.708686747671877
-7.030314071996131
60.253453906649156
30.797889010153114
41.149611962583606
-94.72556854885359
48.277398984517475
29.048505670795606
10.78611844668896
-99.22367363561631
24.11150691227502
-75.42384348166844
72.06246571305041
-11.8513569016298
86.51023528778822
35.55140953011974
99.42157155347158
62.00875589438729
78.00435564814228
-3.1442523991557465
86.58478659581934
-64.556915314745
89.56015618197642
-1.5987613800202638
15.662276508599732
26.155923768895377
52.352773179780485
22.528874994910524
81.17076336262733
81.23057789384683
-9.024005587350842
58.695453444347976
71.33841799414009
-52.79217989846268
-77.11740308131876
0.4249913835568435
17.725770601171064
33.583516503286944
-62.52307592750079
-46.99949581394378
-52.009128185355834
76.78301538600715
-72.28573344873399
54.55773337933482
3.3634339837726372
26.52457686199827
-95.99235806872298
-73.27497630944279
34.321807911529646
30.48959613032295
-65.52650838477788
89.63299961481306
73.06411449397473
46.24478132765714
-72.49900101806699
29.911508316067795
50.25955248035058
-49.606547017338045
-49.742004485603864
35.2742729411689
60.99935379486021
88.58042855147878
-73.28038299664397
-92.73263974954698
36.22471270855203
26.81144253557119
-57.805464356557714
78.92607054064376
-17.394668434033463
70.20823083751958
-97.50814397815508
-17.17185317689551
-22.939650411791163
-16.458863349125522
-38.39060967127929
-82.97700620735529
26.88224805333452
-26.422300968279472
68.67548658336068
-43.75879215566514
97.34094224381212
-95.9295652081825
88.79124094974611
18.759084881607663
8.319844800405704
86.2223090362069
78.47704418748592
-48.25810934960402
46.856633102229864
9.868798300457598
-46.18579308288948
-22.444242357255533
12.422852411531025
33.527864047715525
75.77917718872695
-98.4165735909112
77.09201332858305
-5.9854049172082
30.323680966084083
-95.85183641989855
-91.8513823346597
84.05948521973815
-28.342809205793287
5.680732669001998
89.31652794393287
31.414488724110868
54.42781709914004
99.08775949900246
89.0012699811131
5.208317366471576
-97.30911543715386
-18.835319421163987
78.14002980481186
69.26645702231531
4.992480703093548
-27.472926682136304
86.13263142378264
58.71754150214656
97.0152735201464
-58.77781303653584
-97.29135671270437
62.59545593077226
16.53613410704193
-37.29979739255291
24.38658360014196
26.774389945158944
60.99081768544252
-27.350679735884427
89.41251268641685
85.33898276946496
-83.04063791578326
-40.975771382100426
-60.80216852749161
34.20111483303441
-58.58382939680074
96.91796239715745
-33.97636739088756
66.66926960050301
-61.16389641868458
-51.161903112707364
30.384485710308212
-60.40022136650804
-68.06826057538547
10.670155207582056
51.62943786228581
-99.21882347650961
-36.658493459246586
75.64903246369752
-87.69837740123083
-31.512003908980006
99.01762615909678
4.231191906944346
-54.2528530861206
1.3149883816975034
-11.32115337963262
53.6491350065302
-91.58349712804694
-84.86354935886872
-36.415502394789165
24.42347298981275
-2.334330007149262
48.494107309392234
58.79818334284175
-13.759936004937941
-26.229576126597436
42.719672430311306
-67.5620876932892
95.79744499673163
35.90213719474431
-57.547475780855486
89.59045338438526
28.72933556001385
70.24138103428234
-21.47626361555166
43.96618808974094
31.714054400775325
39.11093723631785
-46.58723787581065
57.59584249170743
40.064275485362856
68.79760715146833
53.72535549588565
4.409390161208137
-76.52250939431408
80.2050223090281
79.27705485680752
24.20545865375186
-3.0585345894661486
-18.169868985563497
-19.63408443574596
17.312367827853706
10.698573576950722
-66.20500081334978
42.35558208635473
99.06498057669336
-48.212141751623626
-88.54194614015145
35.60078930950513
-49.34605340904292
-29.391489323730127
19.652995384241862
51.82110497656697
-91.79407811200484
-70.1696240732294
57.57975010586716
45.46087036081224
15.49829838536705
-39.00950136358081
-97.5111344538105
29.369028659647455
10.602081864487431
-48.57195115079129
87.51970117570201
28.806160963793957
-7.359198900256047
70.97898478292205
-31.588050283045476
65.0057813526544
-8.547233481002863
-89.58937729337775
34.47930857776481
-13.353476144018202
-8.946181545066054
-18.525938816491475
1.8384741205986757
-45.712040533072965
-99.43839128121435
80.93370604379228
9.66807126817804
-92.7494402497062
-58.79145613643422
-62.814343157842245
33.07661371226948
-27.030322637768165
22.943966859956518
79.26438914243832
92.02745338422733
24.947374865091135
28.21388378148407
25.171030688799135
49.26682622879835
-2.7514463959005724
-9.14769420981203
41.06521377651978
79.85908186592096
-4.4796880916585735
7.326961090787805
75.80103895615551
54.89445301854897
-6.526206151249596
-9.168046644759542
-91.69582916689728
-97.3504797141297
-32.293134253279575
-2.580355641670778
-80.27849064204406
36.8343503539422
3.859396217361933
-75.74440469502449
-18.247714346763843
87.0601298374439
84.46483453234143
44.796327786487154
46.249038407920324
97.6462343688795
29.175099603435484
51.47877997444348
-72.16760719646177
54.370849379161825
-8.400536831354927
-4.872856946587703
-36.095963763567184
66.42572426217339
-80.06512207463436
-95.65908807714283
0.2588802794629288
12.21443014941326
-26.038238427532306
82.35176705341533
0.050651895390529944
4.402106233657534
-34.96286089703942
59.419446694350995
21.316061258849615
39.871143952577995
39.16863477298341
-58.68714455910211
94.09504034786187
98.12781702352379
92.16674711962295
52.63910806231743
-97.97249602775196
86.67750486595637
-69.78897265661146
-45.79403214782123
-99.87720257557997
73.33326318510444
-89.5939543392822
36.87048712460927
-78.66294347201293
84.42527949383563
58.93509884560842
86.6487170191144
20.261264864731075
35.803730962444035
-61.07761705062822
-16.549023567266687
-92.41265599983619
-84.63203152466214
-53.12923916946439
-54.79480254311715
76.0359872191487
88.03872183601902
-37.87065291957632
-96.28684349927423
11.645465088673546
-96.79379762276325
14.439470524772943
91.9521475575443
-97.75729760303173
-97.72501348319504
4.890420354667668
-47.612999117449604
97.58790483122738
38.7261814077099
-69.03468946257414
12.856421220954985
20.239901226399425
-76.77615462857523
61.75331576161028
23.36675046474828
-97.00437284994511
49.97648993783807
-85.37912297144246
-20.09589211946124
-96.13338526468867
-39.38776442870293
-72.90938266712715
-67.86042713172506
92.90290766498572
47.84510678318367
-67.44722953456585
-28.679675019385215
-22.990873200187394
-82.78881775855209
41.40198197391018
-1.4877060683352425
-84.29672999074424
21.012824750133618
38.58055791804978
68.162773413416
-32.56694719131394
-1.0176428264231419
-9.79780275479088
4.75274880181351
-79.5636390745702
24.96146176663072
90.02399695424609
24.1118703064284
66.10386798691067
-86.02488901429474
95.14260085166924
43.19201325756373
-32.5711499061141
78.25342372538756
-63.46296769551367
-54.30460548108302
95.22357788057468
-17.066331249349304
79.64817044490664
-52.604645413328186
94.21711419186948
-23.86793396939575
14.704882054572167
-0.4464848655729554
20.347033978104022
-91.96023311560428
-56.598029678249894
76.3102419335682
-7.160016018411255
80.83215974289774
-83.85160843716899
-26.25512970468671
-99.9438025054185
-60.34657877965699
-55.69739393099975
-34.92306554737736
-70.77604830611133
3.4589623346476372
-8.57305502402778
61.62255610231685
-97.1070266342413
41.2371101178951
-22.475969579241138
0.8792479440689078
25.367901431578503
-8.408975408013333
-75.18404146066024
-84.5525661064511
-64.44266685243814
-29.906465655119717
7.519950877166309
56.11822103229079
18.372573514945472
-23.92195703985051
18.28510253323816
43.84532376937622
86.17540009166083
-49.30226936255122
-77.9776776897866
-16.378772251794558
-22.380099314187703
-34.565081708271435
73.19003423709128
14.916301510861388
95.06549273041333
94.91711495545357
0.5898751807033307
-39.529642566201886
-13.956136753273583
52.51263296076283
49.651431177000546
-34.09092198202953
1.231681408626045
-27.636172631316455
62.02703719576792
50.3900447958236
-92.10904717064952
66.94450646583053
-84.6676870190544
-34.17175073531644
51.30797115019391
-15.033103344921912
-52.238390972844684
63.537148729795575
55.07114793701862
6.1452830705786
31.87646292852085
66.4677267665364
85.82614890489734
59.705965582940934
64.6239995736374
73.18477654735901
78.63829612045319
-47.46885075959209
94.85064649476672
55.83420058399008
29.045005336740758
51.336674611755114
21.27585073284108
33.835122812250376
75.8852118445605
36.146526435111525
60.145130131030186
-39.764105188739805
73.51414136092723
-60.619795581537076
36.38192964190287
-22.367541578954715
8.902895803805478
-39.935061674455554
-55.385736441873654
-86.32703996391379
37.44153475959871
96.52690154001968
-64.82717021993791
13.12441227758589
49.5480005332644
50.538359515236266
-58.609180574013784
-28.395556606658175
6.203522985972327
-55.22941443794422
-99.34442109915149
49.40477012556988
5.097202886290546
51.06851933155386
-2.580235944056625
93.50927498228236
62.42532736172441
-59.74058234866402
73.84845215452728
59.67989989196454
-98.93862014504873
-64.69219339512395
62.52114412282006
27.597371887481643
-23.65835524553303
64.99473006962575
-63.680750844024935
-45.42445337239016
89.27989870276457
-75.6035339940472
-40.40210046361765
-97.19803186020819
-33.9865316199886
85.77548886980219
36.32577694589369
92.95091292128885
-66.42667014101482
67.35583965062531
81.57982529848354
60.16275766130744
-27.680645835911164
39.8801692774764
95.9721367624114
69.66219753826687
58.12213731515959
-35.438873710703305
-13.56449121353738
-18.46836013909045
23.993083714069343
-49.33997489766651
95.00063578665547
-30.182942636284977
-36.46748681434406
27.908262724580084
10.852122076813004
63.74543321978615
-50.48051921124448
-49.96809136745597
-93.50745791227197
-65.17516980095206
95.86005681294236
-5.1393132404861035
83.60718069534158
27.984070805819798
6.374537593664556
-42.50192902394379
-4.293177066013982
37.47636839089955
42.5139393422472
-91.349955944112
-12.046426701132475
-28.00032728836956
76.76153523942014
82.463449448999
-32.18045199925061
-46.83932096043459
-47.58395393213601
64.67820756695156
77.34838573219656
38.147478950120586
-29.15644477476107
-50.52194914381525
-10.987753532300943
31.056120530081216
39.24929561782605
34.365391245342835
-87.80505462758508
-97.17034424781895
99.09523916865993
62.31537386671485
52.647300991147034
-2.235442651000838
46.816146818217845
20.402156492349732
-48.28696427909789
-55.924371900739644
32.400725685072274
3.795448647261935
-84.07654358444894
-64.07499384183421
-90.88413591424695
-59.21166314144044
-33.67878657561323
54.84836565393476
44.357031788995585
-77.9340730647494
-2.0747492006943276
31.223287083364
-52.78176886983192
26.083975590040055
40.54773130704703
-77.09051411265469
-7.5060004151031166
-28.010526823385206
-85.31199335086772
-18.381239338769035
42.30989596019964
-31.206641701180885
-49.43101342477618
-34.68119596620048
-50.095611773792314
23.95055324614536
-69.14439344520392
84.30596921869912
55.088013818831286
42.800917415729856
-78.4726012803354
58.631263028182104
80.92328476725129
-37.650267426416306
56.29265538832223
-73.21614306815934
67.99349583370321
87.10836313280004
-5.247578086749783
43.69060369052778
84.41071173619014
46.84755841908998
54.41905791733248
-91.22046980418186
76.01006847557707
56.98351449356073
-4.675840280366145
-77.48730205851066
58.576456744000836
73.51807621385521
74.28928066206802
52.664822506362185
-33.67387095757053
6.373799854632196
-76.04601446097455
84.38477255853033
-95.827197946447
-74.91361256551721
52.652038850647386
-92.74569238793597
-71.90645157959761
-34.95657901073854
-49.9636268079301
10.308258930610805
81.41973422742399
-90.25892009866044
2.1821811538629703
99.89302609165614
44.66693741732749
26.649965350673128
56.61968063387582
-88.260327850687
-50.3012921289367
50.0317446159452
-62.502444970907824
-88.91972253662159
-94.80923054624868
-61.6340699628094
-26.588449066646348
-42.87650884191461
-0.7370814059672881
-35.573454217468424
-76.39169578295446
-43.48655066465674
-51.15045641126261
87.58908516723508
42.20837124866108
75.59346239431429
-74.84541559512815
92.03176449284709
91.97107040778968
5.729853061946486
16.61171368024938
-64.5695649807277
99.46450136355526
-17.988059043523677
53.20960327616595
-6.393417336007403
-3.536214760907569
72.45718588477968
84.50265552536018
-57.78987850546267
19.289578553051598
-90.51651867001974
96.24734363265719
12.474421797063101
38.679314432106
-18.36960516700728
29.476645416569937
-70.20956178873976
-52.89526778839506
-82.05683690103756
63.71454607734324
17.121403777322925
77.08004393438551
-21.329552077093325
44.827134437893136
63.243052613585036
92.68470780856012
17.347934468520293
-76.91183970192532
35.41306203431006
-22.735802148289892
-66.19706004831653
81.52054546141548
-42.65028085788496
-2.4756949391203023
79.48104652603541
-0.33462319881367364
59.082431233619985
-71.80748640245227
41.42484230631911
-55.378587752659826
-50.06246757798705
-13.498329212619069
-73.88741433848365
85.73053141723781
62.793578386602945
-88.84321455797833
-83.6312891494924
-54.14018495279402
9.810977439248589
-40.63144356831436
-41.01976546036789
-14.064164617277882
-92.97416049264969
-36.18637495454165
79.83973059558315
94.38936741204509
-59.26475760072098
10.816828433448663
-62.12999739441227
-87.21675448732407
-11.87457478454445
-94.08386518361294
-48.32537143461346
-96.21825488461002
-79.17748830591589
23.309044737767053
3.3221644616939585
76.81790382312079
63.40184360856031
-96.53956992168015
69.34120752161391
6.389413485845267
-6.4720248405634635
-72.57541117027537
96.09277124002392
-22.137999251986187
-13.219172543105756
-84.76582054663406
23.35348933793047
-23.47266606339619
15.236746663134596
15.224706446740981
-95.67703210707685
55.36710685752985
-11.253467867273386
-90.92579678723453
84.17510915909119
-47.02795012650465
-65.06083331339113
9.225113290837129
-80.79854618127555
-3.7720103896142945
58.524453194619724
-3.193411409447492
42.282974341576846
-73.6014912551116
-7.477920969697394
-9.760402760899495
-0.818659346365763
45.17350215416556
25.88898376986441
50.37237429738735
-34.57597830569483
-64.54045522316582
-36.28256466239639
-60.746899425369264
51.14328105554071
9.466512810278815
-80.65058399615725
89.67244640600907
67.96476636731731
-36.30759952295908
-23.959223893218734
-91.09583866486952
-87.94817470966302
90.52868364154972
-11.815291944087818
29.255138927067435
-99.67442198834804
12.60737859465047
88.00274094430327
-1.0349337126189084
88.85344557753066
-12.31865536719367
98.59883559553205
-94.60011764925589
19.5082021923685
53.01654001699393
-14.463347714226956
-75.54660882985529
47.56282182477386
15.894735880700722
-88.98187852239863
-41.56688725210016
36.24685815221065
-29.280517060171135
59.68918372416155
-5.732920085360533
-29.133832006102438
10.530502422983304
18.793972016172035
-91.13636957066285
39.079835938586115
81.19455716772336
37.34029365342951
0.8134103524223946
-5.835045281936857
54.67633701070045
9.464068539271281
-10.623220859924018
-34.28677178375298
-22.370943364331225
66.63637395660231
-27.582881877528948
76.12162757614684
36.99396878669626
2.963791404808319
-42.37409752618368
24.006416167665307
76.29259616871548
54.34394454570838
-84.18463659102524
-31.164062238489535
-93.60865802504487
-59.03743152911349
39.35672240421721
94.73811475589045
21.393654827194823
-73.41938657213163
98.01848573799157
95.6733410091251
37.81232269800097
59.21687014224335
-84.27428619408097
80.89927664695924
31.30478707757908
-33.05358395409503
-68.21215802717407
-38.59387047442655
53.82607961926914
-6.9277954578734295
-82.61121779838776
76.48005751133468
11.048803523636437
0.18029346187260842
1.8488586577906148
-51.58411433506056
68.61435243853762
-25.734127334076675
-98.99825674827447
80.46639218362827
-45.59397909567306
-64.64407238500189
-27.16169651269047
-85.43100594305615
-62.626010188050785
-11.77624532066568
-33.28346066951306
36.82346144759225
-4.122249704387087
43.69272697054214
79.64746479574677
-79.20476900184937
9.341539444142995
-65.5551348874764
-30.25130091157405
41.09725918336429
78.18175265277884
-89.29642419266712
-12.63466407999529
19.947865965845097
-70.55799767083533
49.22283919667163
-33.23139177136454
-57.29376530791568
51.013830632619914
89.72414778337438
34.84362273152203
-48.19550992175237
-28.587541542021427
22.567974271496354
76.72741797102233
-21.297005433243
-14.068263195861036
-11.041352766620065
25.029119088482872
9.047208585514198
-25.959971015326857
69.58070276026865
79.41597354301436
-6.534698020531081
-97.73730075055215
91.09844561777902
34.903406727687724
-8.461726263703383
38.82063637372974
-94.95317669285978
-71.71499277109953
-58.997576735520155
67.90397970312097
-27.61521901662836
-25.265816416154422
69.57452534419792
75.81961596736036
-28.07994074498484
-89.14312166556712
-63.29838456963637
-67.61629690363338
90.55148501047427
45.77946630527376
19.554510704709088
46.784140664077825
-48.98508155530947
28.500910594225047
27.798727249516247
45.44602849422492
93.95798069903631
3.9487358030293223
55.523410258148715
-22.940206740971007
45.94483066735836
-74.53979402417929
36.30816698297028
82.1005746233198
-26.6701510301004
-97.06500202803107
11.018371534969248
-37.94211303419728
-53.0610745638159
92.74395723850893
3.6295637589838208
-49.349625475351374
15.2932171951756
25.21703155055019
74.28335848263515
-99.11375446592925
22.58391239385449
-42.93524955359591
-87.29049539410425
81.32375805137315
-4.935399439890702
-65.8554356603823
47.674724516498344
74.93449183904949
-10.142623126599986
67.73526820009573
-53.01594937639429
-62.63502835192525
19.04931146827704
27.32696027936558
3.2849145628113234
68.72761905616915
82.71399075962401
73.12240605520589
31.82382648579602
-73.26933210250772
80.2250968090228
83.03466116784446
83.03732128652351
89.12878329128014
-33.79906832091859
16.826768168787126
-37.262032561701176
-21.619414502215648
-77.20322670345328
-3.713339603672466
-26.557379465555357
-34.24153138422636
-46.563160624928535
-22.598067353045508
15.256329548239009
-77.5740711140334
-73.75250235453407
-97.16765005357824
-27.732978768404763
-65.260526339429
50.510757473905926
35.66252675222319
-76.41906665771361
17.37450393295896
30.104633912026202
86.06300550086675
-45.0195020318924
-33.92455694299261
53.6743497326475
-58.962292705985675
80.22419286486473
-33.29032247738881
-43.57718541158477
2.4967883757840355
-61.82062355458133
