-59.61337143183041
-44.483713177007544
19.489048084912497
6.085658879199201
-57.668875290295894
-26.16062371868246
-52.09910063826406
28.281634246499152
-85.23511060335397
59.48689035729953
81.63858955515954
64.7742923207098
81.56455072315629
-36.51117965202686
13.813380385669632
7.867207964282727
-37.910184249224365
-46.06540848485325
-25.076134828027946
96.07230771659897
91.55094935498082
55.55697352093719
-10.517298156846763
24.777642403741652
-28.619686094393117
-17.367740871501923
-3.39248884167867
-42.79499456787204
-22.98229651502453
-21.531244833259834
49.32705447588387
9.965174585279499
25.47860615544127
91.96113219834228
-26.365557854801168
41.86807087800699
-43.18762552040909
-79.21278597503039
-45.881938544086374
-54.30434813218867
-68.8347762392633
-50.35060847374917
-41.05427965096005
-22.93720660145462
85.5709797505927
46.7851368692541
-2.8866030284820283
87.55223750044294
65.90950299385406
-80.08704894192832
-99.63426028016633
88.39457138031005
20.146464993077643
-17.030580458714397
29.238445302693748
24.741948322499027
76.9384875746683
-9.119181430960282
22.528861490498116
13.391751685143504
87.18889655584115
-40.203446936425145
30.429472590520078
-69.29152402039374
-27.79180635874934
-17.40489295006016
20.69737977557591
31.56482777641881
13.138283578204096
-82.95575314096324
17.535402758569106
89.98099620916148
-29.945937830931868
68.54450630705065
42.35391493199083
41.82988027520324
95.80053675743434
-42.49632418187819
-32.3181055779778
-24.690144067560382
59.4165502112119
-13.2132825271363
-84.5636805148822
16.146447949384708
59.21774719817452
20.117803545367963
-92.73251691214762
-17.06563847765746
-95.66807605443711
-47.97181067729171
13.293000939909973
63.110012514737235
34.21655446509968
19.727720781523544
86.16048951063348
-85.60630754846142
-32.902299734218715
55.705311390026736
30.45060893752327
-90.71664527672294
