-49.45252180407249
-81.53693900665525
67.25737816798048
4.685741826349471
37.37246907367114
-18.64795960457066
-99.95548103001212
83.02435499265502
-28.95019328070761
44.32948830886042
16.981318090648045
-4.147608330914608
-44.95305032866332
-95.69287700512692
25.652282080832236
34.16520416482757
71.78435917669742
83.45162800637883
60.62661975013563
-5.162947262797417
-67.36209936237529
44.13250599282756
-80.46883169454983
-13.350451858641804
-29.697100079408116
30.239895177896813
72.97185032155505
-25.336718265007292
54.73599193775047
-29.8509122605642
74.0206269943896
6.575397231856144
-11.19803562925783
-49.78816284259935
-6.12738999502082
-85.55736178192055
-2.311011040120036
5.173836699658381
2.2614038074065093
58.336561292942065
84.80504372843896
-89.3176115013104
-27.832363092594335
67.28738656722848
88.08830694882235
0.914038301905947
-24.563892642800937
29.471519462914614
-41.47905620753287
-2.6671172316262926
74.46332520707975
-15.07777151752083
13.81129197412794
-88.85096211089957
55.048540938143645
-12.647416985051635
36.504597204158586
-90.14231922707312
-2.672347443238877
-84.67636693830786
92.25295224831632
91.87157256392098
-87.27833110991926
59.11973002871537
-69.87093897562497
46.5522019566512
-82.69442249750338
83.73033852726147
51.51293858610967
53.89099090875365
82.57796170333077
-54.176620507643335
53.50651453558976
-70.6976978878523
-87.03003004808531
-62.52288218747382
-55.86215841902165
14.882394287977533
75.07752257837981
-83.09387226208118
49.904717961048874
90.13691048960706
-43.33057320376017
-43.985751562360086
67.09159932471175
-87.69849086983122
0.23969901495166823
40.41117951870075
10.157512451747095
-53.243495839379015
6.053143485044643
-10.948285119371135
83.641985507682
-8.56318423682012
93.21907998743586
-7.897032063296152
20.745283946201454
-86.6791829048627
-97.315859544682
-95.81293584712063
