23.335641636255005
-94.0470771395462
52.73423742014609
-66.9954582008173
69.16733480991448
-67.75614632555616
-33.05880461473288
49.80362983535497
-28.403663904248248
90.77472626159528
81.30503130885401
36.1981892290942
-88.43777865527082
25.47664861794952
66.64716313558702
-0.17563899771427316
-71.52787405424041
-89.4642196725596
-11.53383855929981
38.19998031240519
33.77724614584622
-30.639007571445603
39.84400974911904
-38.07181584555248
71.80319556006145
-72.43849133030801
25.696950795168405
6.708873320711973
-36.86106867058092
-11.173906420653921
-12.382033562989548
-17.15635535513198
12.76956200330821
72.20512667751703
-8.186922163778831
-80.32531557420796
-79.96188376224602
77.69362270200409
-61.272388329519266
-26.55041314137665
44.12816435873731
-83.0200360202256
-71.45147255147128
-88.31303259269576
-4.338297407407026
47.571603734345956
57.52909613728954
94.68791948824037
83.7825863517989
69.75206139636578
32.619234495844296
-66.57857173557902
98.78677243981318
-2.5685068494234002
36.88430675053243
53.547078286716044
65.54600526932742
-23.773473606853642
90.45683873899839
-17.181793646248238
87.4863308831982
-98.56096821659479
-16.195383674031277
89.87280180147349
60.73587094527247
-60.28377680728765
-50.95933000085224
95.388066267948
-29.846442530580802
64.46210242138258
-8.305516401204514
-72.32669301663947
11.249215690247595
-26.397592604681492
-21.725527022767892
93.82304580517851
63.72354713125665
6.631461561838762
9.516229360031588
58.095792791906604
63.118963995440225
13.678283023830787
22.72492451116493
11.80512789060404
-58.761411648368814
-25.181369751730443
-79.96038422433362
-95.1485671840295
6.846515314835244
-37.766328846285965
72.31158490241211
-57.20425224132237
61.90315413676683
-99.72811798862287
58.4642809766014
92.51569968921888
-38.34711364341234
27.10980344211606
66.61245339635323
-11.188036920863027
