-59.71901709128416
54.20326332726438
84.08167796700715
71.40464339598498
-34.745149533554766
72.63513320094978
-18.065753346085202
-19.145856281733202
80.52202768502443
35.82364320650845
44.916395631165614
-8.588649830991528
29.300795757083137
61.358783983203836
57.61655922700484
-55.412140280668055
30.260038232233313
14.648588908706571
70.04842920716226
28.575668468044967
-59.994730794637796
-16.95521499947006
75.77952224060692
41.718808501427276
10.676942214925745
-9.6697148015013
-45.18338493971565
10.890009790548334
30.713978210365298
-16.37370715471269
45.505721646850816
17.945374183989557
-6.812687469907615
55.04944890658527
-75.76682697771986
-91.25838930677392
-41.219871296073094
-10.145308014827336
-18.670063604388858
-65.53773426194813
-52.20244864912178
-33.63049271906516
54.44940509876267
10.117272046885645
-74.53820463287421
65.03853244019786
-77.04871500447567
-10.9687366530691
14.443007832281538
69.20629227622533
29.139322636021575
-82.96846331965509
-32.17791057300363
-64.34596840264209
81.02946466921702
40.190941509167544
-35.20805025117248
-1.439676193089312
70.45227077087014
19.094746782874125
31.957189160717604
-51.12663133774673
41.15867999685784
97.69793650115574
82.07855469010761
45.33960135318091
22.95341456658126
-70.01842037954162
3.361266267660696
38.26026205435545
54.831962734296326
-48.22214441893842
30.484970222728265
-84.83224411453642
-81.25821468574325
72.4664721732606
86.55217757944212
-77.22275152971233
22.240769009000914
-59.558475293438406
62.43009990714293
12.6715278277739
-79.04502275730125
6.226372543909832
-24.00250366726023
-99.70624167149388
32.89433873751727
-0.14154646169805574
-89.47834963201306
-76.01532458517093
-56.222847242047
-86.6636128498449
-27.15204327339744
-81.67356923879821
-73.7978434354282
83.61234379113549
48.53792758338983
-13.807210137874975
-35.693859014180546
85.19928352977132
