21.93593722315022
71.07939413292436
41.02351266054066
69.63249387921522
-49.33373001648733
-1.9770335526639258
24.467823444790554
98.89941226795634
15.408777331460925
94.10383572165105
43.5417220623921
-77.0929443522675
5.003666444389694
-39.100148393248844
96.08924358217664
59.30164914084378
-13.052560508447897
-73.10824650623044
-19.309391079106362
4.941218786043052
58.79998356251156
25.251717001518628
67.74923396422034
35.60072263794635
-67.67372062845561
-96.4386997358121
-78.47203220091635
-21.432626085234176
37.77484937085674
98.59548734223495
-81.26765060697139
-29.307229227821722
88.61808625839691
60.08772960799317
49.98469677408869
80.54769759120552
-59.3400803501428
28.309004886967983
-18.786192900976587
29.297415375481506
-65.40853583137871
55.262039564823226
93.5448075687359
-6.000724455086726
-15.861453269121668
0.9611570340865256
87.07545938243558
-48.27773191041709
-58.6592578789596
89.21196847396476
46.56428821459022
-96.76405861281891
78.79675336964104
-59.35282236063899
-50.98214237440597
-93.15663669855485
41.89543833652087
77.79216901875171
-41.1986426912345
-15.168669260241671
-59.78616604623483
-36.10241053325189
19.091938844586437
31.859210966993658
-56.06642682056591
-90.96120357350748
41.98871031921786
63.080579727190496
74.39788809777056
95.3057471610731
38.976251337216524
42.97771346890747
28.00088767846148
-85.4175633067285
32.717106255949545
69.83718167668152
77.72625785610825
66.5369019093497
96.39057835555903
-50.07690144115682
18.73754648241585
1.497696745666687
-46.32714664529824
-66.53110842603462
-79.2691790325502
-26.052584692294346
-33.748089023206944
-42.734062044122865
-25.71964746257602
-37.1220932017551
79.05713817174342
85.01956521798041
-71.82519238177571
98.70721479990229
-4.771188916324505
-14.353099862819846
58.208100051387305
11.977462173096967
57.40779520374937
-15.74257775674559
