-23.861213183116448
-82.16998862293534
-0.44991981814170856
-70.5457714137257
44.187944401200866
73.44054208805318
5.094461323052556
75.66783838597325
62.88012628568072
36.923072940008865
-2.9714732462712448
-94.52622164160289
-99.32538432215314
-42.828354677991086
15.609191528939277
72.80322722428156
81.14548431253095
-2.406280191321059
78.76638734145024
-70.28522072017829
-4.232754646225118
80.44612245907902
-9.543704405106482
51.33940208931011
19.593141617500052
-72.53451115799217
-16.934799178372614
91.46573489100518
-4.543718246936862
-82.25732964034103
-50.783668313119314
39.08825718251728
1.6644498962527194
-64.49970158324356
24.801934052096627
51.407042635671075
-94.0204227276424
75.40847076789555
20.731425942933242
81.1047240069891
-9.850493116603417
80.47709520862534
-73.565401674561
-84.52673795093833
37.65850503084073
-74.80296662609473
-11.891518787456562
29.452009028173364
-54.602736183637
-89.90695977395708
75.43598509550529
87.52116475571026
-59.48538140549542
-18.44396524137946
58.471939008063146
68.96252455138213
-99.7358054732606
-74.96494245798624
-59.45564383677117
77.850137243468
63.29230506233941
-48.76608870751489
-32.1766489773659
-21.208072329210466
-46.02249995454872
10.003757163881204
-9.16843386201731
-87.64634065119161
18.57567199330117
-71.61036104827792
5.1896804856624215
-87.88290070021685
-5.47047753503665
48.66906021820853
91.21849799475785
-91.33927044321905
46.39705364669973
75.78747507589432
-80.969542456261
-17.619323097237242
59.57825321565011
89.46537684849818
75.60428499227524
-42.20851102378369
-69.65379516466513
37.69962378405717
87.99289032981844
-15.616971704501111
69.20076181743207
54.63550453258239
-51.475545047824326
-9.973453501996104
-26.73876424010841
-28.476789486733267
-64.88600865171856
-51.811877926410624
52.04907328420191
-22.472489600542204
-6.986283327636329
-30.29767945928515
