30.038115063030205
-61.122921455901725
96.01152342292886
88.74990285010736
4.431262762704918
-64.27302319093073
23.998458137334723
-26.502932952717572
-98.8983894053316
99.16500574749605
-20.3910058761315
-56.32671485625451
-79.06160274609819
97.78321836203273
-85.94503557391101
-0.08148040196252282
-61.55928875812378
-29.35292565528593
52.224545406229026
-57.646556144006354
-76.27584790833876
85.73901266438816
94.12137830723927
-53.807209621480155
-16.577993974456206
-15.54292808738569
24.260896789364978
-92.56960967796786
53.22647813725035
-69.34260576118882
-45.59798307725593
-43.8491920384094
-66.31938430876085
14.52815237022665
11.654758623411794
81.72011243179068
-19.059489836833748
69.46747306510125
-93.82330343967628
77.10313762471887
79.57970732420847
83.23508512381926
61.3297481235808
-21.195866371110995
23.196871021057646
14.429475283970845
-5.334298640625136
-59.490503317942235
98.35622936037998
96.75031792470239
-85.43257383093416
-14.67089858453852
-89.37424400596015
-66.07211467024484
76.57144594212241
29.369443309792217
-91.91757855345357
22.02609893702119
63.82309703853289
69.55324724690385
23.77611816626097
-49.148206469470225
-30.581217389871668
1.6504813504612343
27.827293373194536
-3.6181912080750465
80.13993817033045
-51.592136248756894
-2.511132794106288
90.9470629360543
-27.30760733337685
29.599312479745635
22.509297255362554
-27.665261157188368
62.504352716790805
-97.58316493111228
-99.32713621002125
-7.033661104117456
16.61021547958741
22.652753109613215
-41.21046996578161
91.81672511416647
-18.15315625739447
-11.565308364469871
43.25549910998964
-6.892578357617737
-24.826140628242484
-56.577771673052204
71.83124709094977
33.25963905689815
-92.76610832351504
58.019749987713965
31.264599267408244
37.817220379560524
-70.64535418948654
27.459903214741615
16.10856266800002
-90.20272520916272
-21.122564384888747
95.90510657328164
