-72.0554373196445
10.432616781335781
38.20082362032207
30.745823261750843
-75.27999698371147
61.299154674018325
-66.52161019980234
-59.35312086445681
2.3102031230449285
66.20657041200147
-71.03247740339545
-98.4070805455906
78.33525289343874
19.72148269041911
41.31413452635968
52.301250608375625
6.926340797986967
78.97259110967141
50.952662162640905
91.06807677726064
-16.036428516638296
-16.520248427730877
-65.65468987300534
-76.1888026364332
9.680375800765233
75.95867187046065
-73.59380784957217
-86.40470534293709
-20.73586348893548
-98.40697853721151
5.969768466298532
-53.53707293388696
3.321675976623098
97.06670390008122
-74.89827876873774
-15.923687967748236
-67.878007657901
-75.17765146248976
-27.63990584649008
17.592094845537247
-16.93444262701027
-23.563388988003652
-75.46402059144157
29.2177853972411
-67.98574688525278
-92.18738032682572
63.23375159933477
-33.19028307837755
-82.47674595469807
34.372633424066436
-66.61607015040016
57.90723642238805
51.34609040602626
70.11477471392885
25.767498100052563
68.53488640917399
90.687759711508
47.46893482240674
-76.39978670917986
29.460240614568676
-44.01506535441815
63.83126963241804
-70.4125176522769
33.039485174320106
33.73827383301716
-13.042929937942844
21.263530819357655
26.96445238821201
81.17390783000283
5.503054831571433
-70.52683328773259
-91.86062412271217
-68.23950529750873
21.565266458355964
96.3192769982019
-22.107909634865905
-26.070611822423444
-24.466997666883287
-65.36806492699532
31.065488722259545
29.793179716203326
-38.42974706000823
55.236687183428415
47.16326650970913
-93.44518985074177
-25.15712202347106
-41.192469774731435
63.98509714029868
-76.00678564657468
-70.83957509151571
-57.97578630412774
-8.729250315195387
-45.382413773570775
25.443324766161197
-80.5771757997429
-68.3097468119018
-77.52078223200934
-16.743523102579843
28.853239479514343
-72.87295693684453
