42.17516373943059
-70.54452856405771
-81.77629434712534
86.90019165068489
-2.6480974389508845
62.90036290444013
4.4772937500349315
-69.04720857310815
-5.380032714245587
-2.816895711574304
-27.322323537528888
57.15517994317628
22.874175965169613
76.72827400772215
-0.4751385638951575
-83.3754654315024
-37.6374310200142
30.858775540038323
75.82566897074244
31.6712347941168
-28.35069994328498
-53.335145610973186
28.4586185424227
55.18551064726685
-91.02020269102147
-46.62410081001378
37.60941464558704
61.66256972286109
-13.541800138936665
23.922149801194294
23.19373009204753
3.6563818312501155
-87.74253586696761
28.060774814041253
22.75636224213315
21.742820431240006
-30.55084385886353
-86.18311922737696
-99.43643533622048
19.70683887186783
-43.885750121088904
-35.96134820080637
92.0895654861913
13.971872260284684
-96.56103831645426
28.698241227619746
46.77366550876869
-2.9773147245840903
41.78857126869849
94.13649542822654
-76.54279826534247
-4.097097696513714
-6.23729742975685
-80.03009863821188
-33.14913084656399
-98.79794213910047
-13.082909501833925
-51.21264905251615
-50.147039552398496
60.216788943488524
-10.860859949102263
-38.355982064548755
16.51037495268453
2.4443858941756673
47.021693217797065
-97.34946491644494
-11.510963712548005
97.95539578773375
-40.96153425531577
-62.66733059024063
-82.66043516538645
85.42600211950929
-39.0576710287877
2.308766672157688
72.5279020916258
0.6080955348574832
55.17076702224199
59.88107248980842
35.12720452012414
-84.52772997501627
-94.30228321829681
3.6643241436307648
62.07047793640342
-94.97323059942208
3.9015671414052377
-6.812140133738936
81.19808045619703
-50.38503738252085
-2.2378594557507085
84.98038049984038
41.430855905650304
91.81983076724231
62.69274774729348
39.38724265682518
-43.08884672394506
-69.61965833788939
-72.30479890725236
70.74091573357981
-41.06859896930006
-32.335511541405594
