-60.744822286845505
70.22568672995058
-44.509185938381535
5.369663328230473
30.26928044717178
-79.7128646073675
-83.00769496913611
-48.50187702370559
90.45595186734852
47.00957127001527
3.2678436885728956
0.2774399430319505
56.6340478479417
-17.095975162365292
-63.82649789289256
-81.40019564144703
64.05274828563793
79.0593254270774
19.43093021441325
36.02496482101469
28.92506710578232
97.37486023057298
70.86595159312984
-18.047537534559083
55.21172933124129
-56.87229913410865
-14.665333779610961
30.712365993212444
52.44739561483644
-24.952204365206114
46.51786702852064
97.22385330412911
98.5902387933204
46.080254237862505
12.689112706225387
6.870924396970324
-83.04017915114079
-11.074286117815404
82.16151072220285
-83.18945952731436
-5.6800707427279775
95.5813968294961
8.763106093184845
-54.67803438547243
-30.694098977163108
30.678744735474822
-5.246784431009715
-88.0488952781211
46.85354019246341
11.748314784143602
-54.224417805060554
-7.411047013976656
29.87492833140672
75.32492053818908
5.308427814365913
-66.69933549947109
-57.27633990715191
40.10656684276677
-80.44118386400028
-0.11367496630145979
59.31471789602608
-25.258553987048927
-24.13161344897368
-85.66972942457498
84.52599175401542
16.836968815810366
48.82527460859535
30.93147686176647
88.42643175917453
-49.0326844708538
-23.98488684005801
-18.033743016312798
63.899680634567545
80.47058156483811
57.98583668949402
0.9619258763599277
-55.810484797084214
83.32562665400582
21.17009063717549
-77.95576237569226
-46.455875249006226
47.19513219860636
60.22208546212221
-29.580202413287026
-42.071576632679154
0.6355714583772993
64.00775539132971
38.861955534095756
90.01773888787744
-26.31229519803719
-55.10827921903392
92.88904857608381
-88.86814329863459
33.06637236127082
-45.96682469666453
-41.517559053458264
62.48556727270437
91.02470616380504
-73.21224258784804
-82.9802558687858
