42.35287096474636
6.340356229704398
-70.17125919057987
-98.53186993507899
-72.87164404927921
64.7144840991703
-28.708568931361484
6.798581582669087
59.99979539610135
48.89294239422199
-17.393440773265084
32.09644194430322
22.819997334877826
19.247497414418618
-23.773654755593185
-84.3536284148237
-21.82004454120414
70.45762278831086
-74.19873380570615
7.131159981910827
28.4997488543317
-19.2967300473681
53.824425258725114
-45.28524585468317
-20.167854725893292
-78.0898977446157
83.09804419182294
-20.98347200140087
-11.29302482065269
-24.72323959646137
39.06247028281754
-67.85123465920624
62.655437269451
25.901110315006946
-61.99699242736136
10.80758313978319
83.38150713678502
7.920939412468826
89.93960650745677
-48.130157306180465
-80.69062405101857
34.00240830749419
-45.1564899740015
-89.34287284512936
-18.43792946531056
79.3271486757761
21.167458326064036
61.016159661213294
-97.04497123100946
-27.042270048677366
-25.1941462256803
98.0572295710304
-72.69927870562485
-33.562504052744615
-29.283706060756074
86.43978401070274
-50.04855399355328
25.543467469417607
-76.68956784459232
69.41472988971367
68.55227385475234
0.0770162179287297
-96.4772932805039
55.607819302010114
-22.38469424363771
-89.74939501609222
-21.303006240983734
-28.11863629889639
98.66861954713485
-40.857547056687004
-61.40048631792692
-13.1543856376869
11.682019628848366
87.3319926983288
-46.29592633028683
28.492356962586513
43.702258210964175
-22.046667100410062
60.7388179870519
42.54121546321741
0.7726092662176995
-41.436067697441594
49.21704832676224
-98.35750878209552
76.40229214839746
87.98703890078073
84.09194990857532
26.150986918235034
77.72508342580593
14.547275195047078
-67.12706605403721
87.88624869670687
4.163703878356117
4.444981156197542
88.7912659521532
-36.2863827003502
53.516812546026785
10.970947049658463
-89.91232171970331
-46.47592912442071
