-83.50445391649794
52.54557392835767
57.72281128634381
-50.27748554182456
19.893106596881722
-27.012002375386928
-69.77234081509044
95.67862132161454
9.418037384166311
-67.80276849787941
-44.84540905064167
34.010877704448575
-68.8192327929415
-16.979354558634796
-91.29182579330622
83.7201033850983
2.8528984508982944
-51.721463405329615
-95.23514761530656
86.27708202567567
28.995811129894093
-7.405845750624636
-54.33218421433112
60.377518400194134
-2.489553677807095
-70.75109058090992
16.373082712412028
8.246782412180991
-82.09191787556219
-19.425187618288888
90.5855342821092
-77.15365520096779
-25.09149239739365
85.73823508437965
-77.43284070373839
-37.03058427174379
-58.12294023010147
39.54518853867813
0.18452568370292965
6.092750031283089
-96.34005623525834
63.071476877423066
-92.3857417652939
-18.6738372577595
91.71954245227855
60.823815475181135
-11.996957344678933
-91.59006654454748
20.99868612733951
-74.65170216857007
75.04420845158188
-32.88350454396081
59.66525296098254
53.674410661853216
-3.502994429939747
12.146185444244196
-61.99867192209511
-68.78484059470333
95.06706829645253
62.45233338961248
-62.54274444733585
54.834315534773964
43.073547128104906
-69.11544229271509
-23.15591720711268
-53.266777570160585
84.78046490765277
-27.638345629420485
-52.57850889261324
68.98821694322427
77.5610682939315
-64.35543900977838
-2.6814424073972987
-41.44165759744853
9.855738459355834
-95.65965847197491
5.436680858333716
52.99849063693577
-20.50004048686327
67.65647224290947
37.65369249814793
-51.40097573075717
7.36342460716412
-5.236845231181647
-81.41137392646311
-87.87873242750202
27.195390123457727
40.59173116750651
78.07140774859442
78.90133666890404
83.30248972972777
-92.50062267727486
-26.963450268086376
33.54166351757189
7.88785067817895
-36.15108668371012
-6.017540136705591
-26.763515219020675
79.2997960830671
5.132869341603083
