39.87175338838247
-91.91080044208361
15.980367583219746
-56.83332360295692
10.995695096113224
-68.2392637460639
-23.390206434156696
69.71107059453675
-29.82997018314471
-47.799313439905
-85.89542597204706
-52.637667183657385
73.04180088861088
-82.14710795075655
-61.09020795592759
10.458339375087334
18.902511064500686
-95.93839282767824
-88.08059473065258
-48.819631954486084
-58.814147767359806
76.9545133460613
-14.3594128977563
40.19336707174887
87.16413291637946
16.994454646876562
43.89969303658199
36.70145289256226
53.830055749948
86.58875417122738
-66.75252564187335
92.4996868279913
50.66229857365903
-34.135365311927686
77.53741368556638
-79.89074342832312
20.569746223163804
79.08937989724916
73.71322514339349
-60.28496871217486
-80.44483762281615
-80.78788263309352
-29.20738006656738
-38.90822745209588
-16.291192904731716
5.381185047356823
44.460657251994746
-69.19249844039604
-8.318564441863145
8.456942850204243
35.50251101915279
78.89207497587881
-68.4217754451328
-44.51116412895004
58.25716821798139
25.398050350483487
-46.965759086705326
64.73633339811931
49.151888663068775
79.69961805614722
-79.5024513499494
50.74010266111583
77.78485180465583
23.45522685500771
-59.39435614331461
22.49302360307732
-48.385175844251926
-70.89386850729869
-46.441285236819894
-28.258459389305884
-85.18494262630516
-12.439781808065192
27.04793268312622
80.460701626368
-19.39355794641726
-9.536790785068462
82.95687420169378
-12.670000391361768
-57.71166805142973
-84.19592662861072
50.303039043342125
-16.32066812017389
84.09702038475518
-97.13718299283886
-58.96365397425636
57.5033003395875
-98.97441160798496
6.970903269516697
-4.601807716263792
10.465921721351208
57.765780687230915
26.079851477664178
92.63668288979414
-5.360013507172596
22.079991564608378
-27.833481923549485
49.57568149132342
-97.42583989650673
93.04686453600962
97.70220750591994
