-12.950164817855693
55.626118063930505
-85.73984329190571
16.443886128217073
46.872628223296005
24.76988190933629
37.726940130405126
9.445040433864605
34.165476389207356
37.0416754008788
-87.3716267123168
77.98686164721607
-49.41469063844443
97.33118742075476
49.26264038059719
-56.62841459305468
86.69305222215229
-66.14377535957124
10.717752250666052
40.1725893747157
68.7375112762918
-24.45917233702812
64.99201525422325
70.82410114246258
60.88298521349185
65.65386696529663
-11.289833825715618
30.56270055010134
54.60939933629922
-54.531897937612285
74.43203690563672
10.271480522451881
10.133142798283771
-61.08696694011228
-57.23108725126167
-12.214810702506384
88.04910442805644
-79.86512439095725
57.116781460997544
61.8336348830714
5.681424267690588
-76.43872845129127
-48.010386302978624
-88.0828452789955
-64.5118942316106
48.14227191457741
-35.146577593546155
-67.71476489339466
46.34238577402718
79.45345402053229
-48.10192035401795
-17.82602097229274
-11.313953539353022
82.39857528798797
-62.25683898256386
-49.829169678430496
-91.28863909463045
-84.75543178094209
-73.54982095845358
46.256554387537534
-14.509094192161086
77.81116304172849
14.145807109246803
-4.280529587668312
57.896729484622114
0.16109545325382157
-19.96805317513403
-15.77903678579709
52.12146780132838
60.41491547245431
-20.53893841013341
-34.068887678586464
99.59604521618678
84.49493931465221
-35.904757062579435
18.5383331096686
36.6552349601661
-76.32065502993012
-23.100693198815364
17.874000266407663
64.15340100937311
-54.30663414327994
97.46145500427227
-27.459837925848717
68.72725871081172
-68.5676223497182
8.126406408219282
4.093795403962645
-18.698752117142675
98.65968758122168
-79.22579518897095
-23.242297884501497
-24.25522683215091
48.17082567553783
-97.0439890790405
-20.652693348269025
63.63196858654052
-24.02638260551167
19.511645593376812
-2.0783073707200828
