61.22575052241231
56.083207018814505
-77.66625124439936
76.45357035344838
40.15453584290199
97.72158651972336
-9.011272127620543
2.5789069434069205
-92.44562861296374
-38.341233366433954
16.565730079017428
-52.52082307037846
-75.27922077308673
70.6184256601149
69.83177251512197
-99.00661312994498
-73.88196148433074
39.319137085298195
-94.82684601590272
-41.756184737028136
-33.043335611883975
93.5998677462322
37.736498844580865
-99.57136347572101
93.61367739848365
-55.97074050596862
-8.858765358965215
84.13828950727316
-92.15225896970493
54.95512534972383
86.58556659360372
73.18441082204131
-83.79610284253451
34.99060704642761
91.96955536104409
56.001492268704425
0.29947758871786334
90.04668249849308
-89.48679469516247
47.56563731821237
-87.77175725696401
-64.8621865356208
-47.20230056658752
66.45416855698883
91.04343302041659
-91.12528272402022
-18.029392542313644
-49.18953400686863
-18.613209476253488
-98.31476356055792
-84.00184078172377
-33.340300460373015
-70.12919802468045
18.35293710137995
-70.23799880435895
-68.91610050441703
82.47643880215622
67.8067675934895
-67.25918029598508
-45.59587334786879
-56.469420968785535
59.48939966784934
-74.40310835839057
-98.6223600617839
-33.06877404111266
-4.963343063750685
-54.58647101389871
-80.42381625381394
-41.67234374752324
-99.29241635159212
-3.737219521535252
-54.26564221315056
-39.26537850293597
54.75710411307776
10.21533361498355
30.188795012664457
25.426116768435605
-50.281968419740465
-59.26365196307704
-94.40171450511583
86.1613651925988
47.77608214184042
-97.63374196561092
-98.63758647494276
19.45474083946182
15.379631667210504
-67.52734005325433
41.395898549378984
80.50917217292277
31.05871880244345
-58.68275319313092
81.41857718221272
-82.82027329256245
87.2000095590096
-37.556781266180536
17.68510346684316
23.537764916226052
88.80450477791598
34.048743964329304
60.70798583273003
