-97.27155327490891
82.83772236923593
42.19934285831215
-12.000880185653443
-39.947584066835454
-95.51010995684447
-35.587502244217276
-14.631475165369807
22.146336745074265
-10.24483169707257
88.86753218142195
-26.997137201362136
-22.705660698968714
89.38236334250684
81.89504203376902
-59.37784247698592
-0.18143190961457378
-18.95550156293153
-56.82043133843413
-56.480022086277806
16.53235521046348
-95.65206116136706
-83.99370365093117
-10.753126381362009
71.57772857174018
-14.46161587192168
-91.66854274419119
2.8179411647662533
49.57867339981698
53.15211821314074
-2.8523342417904303
-16.956032805041232
-98.284002503522
35.437611643745385
-28.21528524783909
-95.89074595260274
-56.65480645701222
-3.888441952024621
-77.8541382693505
-39.82736271951342
-17.75750444182225
-72.83819078483361
-94.63754183709628
-57.43924042779196
-92.4896926959855
-50.904018025656384
-50.6091260144391
97.93543254565373
-68.52732548925957
28.569964756487337
-87.66798282771929
62.55496601809966
-58.561352529072686
11.33589851649836
-23.54386671692896
-99.46605327051765
50.8331995817461
-62.90830638060629
0.9547383639269498
-82.6044500127247
-72.00763806130354
-26.716416858903983
-84.47222321503904
31.93441353957769
77.14093774628515
-53.23187903420112
-90.85918066868041
24.541924155771525
-20.486525659781066
-54.075991393176714
-83.39703209969333
40.75038529061143
-51.908250038942704
99.21551846958573
55.02488112104311
22.94413146928352
69.9556512728143
44.68162623938673
35.229802942686945
61.746675532230654
-3.4239752994554777
-34.775151557219246
-96.58225537317988
-57.98546806698057
-26.496695267463764
-3.963031569307333
91.03161595459116
38.746257004947324
32.98434220472214
91.86672898893701
96.09517559921244
56.668504611479705
43.8757481851049
-78.07658928480387
-68.09788722214616
-76.75619552160103
53.77835038626765
-38.16080405568765
-61.729032925594396
59.33379053170174
