-62.609684642993926
-21.84306756845909
29.61748603855611
-42.061973315053656
-10.380213576586783
70.90761019130119
-49.38764829195732
0.10934052575215958
71.47970727698612
26.221745894330326
5.42997436773706
-80.55801980101032
-94.65981244255515
-88.84932979873778
76.93429932125414
-41.58479117549345
74.20871179811166
-50.83376100368382
-13.446158168564935
40.148526183746526
-71.6855486384174
71.51433802322728
95.44267980533505
-36.21708352369768
-60.56918453475462
5.8728260742093426
-87.97135695811383
-48.905585005267206
-19.292595599179947
79.40699378327201
-2.042705709649084
68.67358306327921
16.616435483307313
58.64309701299561
-98.3542094193707
77.79017341212469
94.62876896308214
91.07333586123565
1.6569315417222015
16.935126970814693
-60.99805778234777
41.44970799242063
71.4286947892646
-76.40101915297035
-35.816888989648604
97.68445918629075
6.674110002639182
-33.027161929973275
-97.08842072713217
19.677485369066034
9.535915949122867
-58.837076011386166
15.772419834430607
-87.39739967781779
-47.50433841251018
-2.1461055464159386
50.69535919511381
-92.99518160085239
-0.41765722828014873
-59.55513021444298
96.30833708464047
-44.68241225538354
37.492019202307546
24.955599340874144
-40.820281753661966
-37.76340963621039
-24.233102843694425
-90.69043119693198
-26.977824020404185
31.38742117158361
72.06305523995212
-82.06812836820075
-22.53298944332198
-86.44405944099584
-69.08306109921728
64.9079807892596
11.88501274208376
16.921935650694863
69.67285924806055
-61.87623128845352
-91.85725131035451
-28.985839016208843
11.924353888057055
24.093814245110636
-82.02079599228341
38.758676411778026
49.911033802881406
-99.13357191953051
-85.56327929184786
14.804447459152996
9.956596844535198
21.583539068425054
15.702692357271246
64.93245684865693
-75.7600436111493
72.21419605295088
31.580635204454353
-47.37081863583743
68.93319273342448
-16.905078600503387
