3.766385679529293
72.5977205025325
-59.559100944419896
9.964130706632247
-4.29183812775193
54.057056118055556
33.888146043488234
-16.59734632578504
63.08136438601119
-34.27338712759254
78.7821208068238
25.31562379712385
-91.33926796236256
-6.264290867760437
15.952659299834934
83.7245477058741
34.39442531635194
81.48786907549487
-8.465995837546387
-17.410023089351668
-36.03336825506989
37.02746297925498
-90.34564720212619
-47.554100068803564
-75.05793014913402
-24.27102498811115
-87.38563331632616
-46.47812341944502
-94.35126278275526
18.94301453408336
-82.46349134476536
49.71561534242011
-95.99790417267135
-70.2218824802886
-86.77300642422398
-56.82113399156632
81.14336569919061
-35.49824919704288
-42.12679739843714
-74.58367968226062
-93.42987682238164
-80.41775645295235
96.20660748646947
59.34855898013279
-25.799765193791785
-29.958592287959803
11.46412209876138
-90.16193064502987
-55.228340378875295
-5.815093017099798
-69.73787070120518
-52.48671590523373
-13.099856132200344
47.53444105757899
32.73099981283539
96.05925312377423
-53.85495724519696
96.3272743056142
8.94240534976123
-46.51230000713813
42.27556191783742
82.50113632205674
35.2702353922308
-87.75897947088775
-35.809893866573844
79.0875567241792
36.26603756725345
-45.01074684082664
-98.15666789347937
75.20134157431698
75.53006578534291
-25.89952440517426
-9.904511108913013
-37.08250931673413
85.16640411500225
-63.303614774578
78.07388290772025
-64.61660609689035
67.27555005760922
14.295094272334595
-28.67994328037105
-54.419661390378174
32.24979767619894
-64.3626528345946
-66.49112955008387
-46.70983374537203
71.24341503775662
48.670848550273604
-31.191224488530224
27.415829851706036
-23.936327344827802
-52.52409017440771
-41.89515022177615
-48.096520502781374
-20.977430351930934
94.44724209254173
-83.6964422407694
-81.97276073960307
-54.13746653657161
44.74435120709441
