84.82161451392943
-36.40945281919108
59.51340574307429
-42.735023995191156
44.457539968626264
-15.662144107677008
-81.14924634340086
-19.65735696427251
-96.47803570669886
0.35523729845290575
-61.68254231184809
98.27715854630404
-47.724573786817956
-72.79548900150166
52.45753289195471
-15.433029930681457
-60.74674199366265
-73.45572903297936
-48.89446042849208
-78.92371127929334
77.54241358544763
19.277074325058607
87.0720366599831
63.51053441512113
-86.05250977698242
2.28702008114783
-62.93251630696335
90.029474043221
16.34008202630565
1.9387716172762026
-82.41599064431281
96.95565814280093
47.29680672001376
-98.42282645094345
10.77055167545835
-51.56720688716629
78.60072593188164
-59.42103931542291
8.454554806823865
87.68505842585316
-97.1399502955071
-47.89976375411145
10.591093024976118
4.242374610167985
51.591994054045614
19.694207002527392
69.47339290023535
79.78508284357235
-80.29289445871515
21.868986361927426
-70.19010044770897
-32.83596453870503
45.67342881715962
-34.80452808594758
-53.21383682697225
93.710458261524
36.19575825713298
-23.84685106244902
88.22557853203762
28.74779534067241
97.43650893707485
-38.24155913626759
94.34923998723184
69.0060072300322
29.400591228995125
26.45013158096772
-88.12655995528165
96.83049814494754
-17.422344838061747
55.19641342832935
58.63237743825721
45.423273528177134
85.68268859962168
27.949997706673187
-30.007522678744138
-70.64693536338847
-92.34484325712961
-27.232624934665267
87.83171503720288
54.70706156475205
-67.30511684736553
32.93840668201307
92.42217248146318
12.633147493281527
48.090746609103434
-63.700343338191786
-65.37610245261544
-5.507275377155963
-50.39909973964309
54.643787348477616
44.74896934027896
-61.784494305696015
16.850901472341477
28.63084254291948
-47.792132682826114
83.7378042462696
39.378608377176306
-92.7438912792056
64.91331123255534
69.82238951831786
