-7.824826321275566
34.36479684216519
-28.9797172017134
-18.40720762030999
77.53761948119052
85.68377632279183
71.25073766969817
-50.895525606469775
83.20260996603326
46.225796353630926
-77.33799339173497
-61.64289383906978
90.71630566654454
-88.46998568532238
-42.99560164252676
-41.53735814297412
11.827313873747443
84.68499032698597
55.041999887207936
-54.6743249439954
-19.699182991844793
22.49038743238947
-58.81046815697344
-96.12865664210737
51.748867018183404
-68.53105720693435
39.59048033444458
81.30859634096305
91.25314410045996
-18.162711956077217
-85.86474373342776
97.25827474743826
77.68981350174676
88.32104402221941
83.48424366696955
5.225584264649925
-48.2314678362588
-97.74005210520167
44.015305962980335
92.19691184369924
-32.373941285562
41.5981617532278
-50.46876900557615
-7.881036886713062
-57.228733235204146
89.29713052694285
51.913578621761445
-29.202615319956962
-75.50351975519243
-70.43956327673834
-81.12101749036309
88.12404414325889
27.28966352809266
-59.56398903408835
6.379856643470177
-35.58074759705201
-39.75753987393631
-42.434513578311964
-89.46975483094228
-71.86863663305733
-90.06410058056373
-80.23431001577671
51.934005384269085
-95.92224120165966
13.014201268452425
-82.6760838264658
-42.04374798794528
52.39990640198414
57.21415405039903
36.88790687795833
0.9130440962068036
18.10038158773024
93.97553331388653
-85.85250259270498
-29.572621035233055
-10.769135440513537
20.32423889922275
16.40516882267464
-4.303340484868954
-89.14156759118737
58.40700012826821
15.677315615459733
-37.60822394245158
-72.02054632737395
-36.88833353720351
-28.98118321328549
-44.274964767994554
-80.27219409792997
-66.81649300448257
-6.30120625199568
5.295404306021595
-35.150859152303
80.80376170407928
75.5666886717107
-57.338382856768156
51.55413027315967
75.13664458158419
64.80948466273202
-46.356868844197365
-19.821369874822395
