-98.8858106903304
-69.9658517587391
59.248529698025266
-35.50234180175174
72.0758976012932
22.599019681721714
-92.607573630571
-24.57232457703759
2.684781805110134
73.70822794810877
46.784635606745724
44.624163454721014
-46.390095539553265
-0.10495076365653233
-91.85338762589758
-90.62960159412228
23.179574530966534
-15.058373734538193
95.47013383552672
-68.88748776298917
53.92921300780057
-6.782218045036274
-49.2850525916638
78.65920654809634
74.21741887666391
-48.63966261413033
16.053313686821838
61.0028154496589
37.097795057115405
22.586694768562438
-39.47276559414594
-0.8536779084827799
-27.723460277293952
-78.74903532934317
-59.29149841788066
-6.359435743637647
-14.597688033038622
-87.0033557725255
36.802216285761915
74.67472939847462
6.107075072794331
-33.95031587815383
93.037430525275
97.4379454760043
22.34386833034776
91.55374305317807
21.174750325067706
-75.96586975761524
13.499647667245497
21.538103748113272
49.46384508702823
-59.01077362192384
25.649781137671496
22.493033362847626
-17.389504854578306
0.2688373697219788
-73.59237448835769
-7.266666436002183
-78.88034213999566
-35.798905793851986
94.50686656797254
-71.1885426238104
-64.52412436806192
-97.82687201220104
-11.923275754076073
86.71228814775822
-66.86283396956583
93.80699691101194
41.342018715716165
49.75490016463925
-35.527542238913085
-58.83678583471927
94.58911767636155
50.710907044224825
-30.085596649868094
23.53262493018579
-93.61871163119535
-55.04889160781157
43.52265179872151
-62.5814956347325
-74.07533564896835
19.70527597461718
-59.48624604370416
-50.780840189369705
47.457876679498355
66.63631146752061
67.77979846603318
-62.442705630144715
-90.06534824756932
-88.45718660480921
-3.5584262426613833
97.99044231384883
6.060912762048346
-5.248128958263649
60.584100543701936
-44.86131659211829
-23.845756601636836
85.68400417012413
-36.7968266795011
87.56066784261895
