-77.5924511493335
59.53126066037248
76.28313379232858
48.696166221060736
39.14429033213503
-41.73789087563669
-51.04593757877056
20.35936871294051
-58.39433738038133
-88.99905790667466
-79.59695904442556
-82.68737150524987
-50.96363117537401
99.33930867171276
98.99720386800416
64.36234215501605
64.40447152652916
-30.090149985390184
-20.462722775875292
59.55561422414411
72.8841818740051
-50.22936810884471
-1.6847018949183337
-45.91422325555814
74.86885476851194
-0.36192537732955543
-87.78127422978991
31.622315513632316
-80.03924145065986
-2.434637535036586
88.17940203902245
-30.552016088064818
-65.57215735618647
7.562092118084479
-2.843151760364094
82.9876746445482
56.94000000227365
19.413237343259283
-41.89690502185939
16.55262060785492
5.963001074165831
-35.22376741306026
-65.48833389317532
38.58523313500049
70.954696145659
55.985709156393085
25.66062298435699
-38.27642767705826
80.78176321484992
2.186784106772393
32.319887156909346
58.57635610271345
47.47613734956926
-98.70824742887542
38.85456483908939
25.241080179163816
86.50531230760038
69.22498013426429
-16.97873952417541
89.10367543311543
-87.0496936321002
45.400434466025956
34.53609881870477
-10.404591916529
99.46609871404951
18.85117967448005
28.13001631182121
79.3919048335984
-85.7635520042098
47.86940726289501
-47.39692924198806
-31.59934646499525
-69.88544493700395
-7.840783282826649
8.818025693985135
-72.84861265153478
16.40145719018537
4.522022311199208
-99.1039182811523
72.69446122697346
50.490980819089714
75.40975878704995
-64.84181778699795
90.89806273550059
57.40404038321449
-30.539397982339224
38.83011137672182
-33.95898672714594
52.483942114730326
66.61741207972221
66.60305525582893
-26.604099125714484
-0.9528358554104841
95.81302332512854
71.78235048739461
-79.43520608239515
-40.85173772462285
-53.6331954956768
16.390177795568107
-23.536968722312636
