52.596588933982275
-0.7548043279902856
61.71946919317105
-69.53476868232684
59.839847502796374
-86.82512638732145
44.943083317671096
76.88126274316065
82.19679815548204
-23.103180940735385
-19.806497410988527
31.47020524942252
67.33915383905483
34.92939844850059
-89.93349263996782
-75.8421980869592
50.243620987079765
-7.648855065848508
-44.69768638953293
-8.528352548480228
72.42831185331002
80.22382037798744
-37.198510006312446
62.330207954197135
82.76524362209372
-77.81267374030875
-31.111129211481938
-39.48224719641755
-64.76681637378604
43.17893105229069
-56.97102176907445
-84.22162923524787
16.332207066880258
-17.714286942925696
19.5397556436822
-11.279393804085359
-53.19498554055191
21.99658104827546
74.1275440232424
-11.579334008797758
56.898322622458096
6.109198283704714
70.11189771684784
70.51606467349657
-26.620994888238485
65.77685910371176
13.864321213962597
-26.879996707288285
21.300390591332174
95.53264371760889
-14.986124942795627
-60.64723477756346
-13.530072944256545
84.10368898290886
36.36230575173386
-15.004469783766368
38.293070926311145
-31.1708154838054
92.45935144475524
48.54840742118455
30.374437311615168
-49.847669985623774
-2.2851759941264334
48.85022115104698
75.47685344553398
93.72719496652417
23.47127881284578
93.20751668408596
-73.59086803239616
8.317800246223328
-97.78894161685284
-72.46017297381846
55.91971829617481
7.158850170038704
14.650524095599465
-6.049824358985973
-25.118755220263992
84.97965708035304
-96.36330885196467
49.655218052165026
-38.655687228454696
88.28382114253989
7.857882477845024
92.36147592037969
-63.20795134869108
-53.283852258675026
-48.783337535001436
81.23497036060016
-3.2089177863785494
-99.61922981412216
76.66383093545889
74.54939036677561
19.853317400408272
56.77335694368378
-86.05604821761621
82.6730863137478
-51.086709757297164
49.87475841936006
29.980891709552907
8.494310441311796
