-16.389535035811463
-43.564290862679144
50.020805613090374
-91.44872262454933
-81.85550083906088
7.107764329663695
10.664753735962762
-98.58245252121276
57.712275841469534
57.381344925660045
96.38136799060155
-14.024468814752638
74.84434266793738
-51.79249550012395
51.74426236504087
6.439773643199558
78.36780962077631
-61.980007503150425
-94.23450217882043
-34.30714590791588
24.719360735078936
-79.61680999855957
96.68740939505602
-44.27126297826989
-44.85977911497492
95.61244701324316
36.31445588137058
83.92574735530346
65.81878673437976
-5.585828094198035
-73.93617637011802
-80.47266744628357
-54.990691246349165
-74.53904726343947
-63.118070121856086
70.86288860734408
-49.65799524810737
60.93370346501024
-99.11379501876783
16.85009345285249
33.71959745181715
73.4846075084738
-25.27191442799395
37.92504698901175
-71.97034984835904
22.726842741381077
53.65823116903593
43.33125008145467
-17.465697751557286
87.34182939714009
17.06561474131027
-52.06027489558671
-45.18271547482635
99.7476900483218
50.00501092070394
-11.19110910953529
-95.38949922777147
24.05623131769721
-52.752971187400654
-31.531260251858356
-60.58397700128588
53.65166309069676
20.232977197629268
-9.200512219481169
71.02523225623062
-11.680699128848659
34.91439336849638
-43.502140498085296
26.14223986300945
6.0948988207568675
-47.55229443374698
58.93815197048599
91.33616594425519
91.87407855170778
-66.55211611518841
73.44420859520423
99.07131562521985
74.50146533133847
-98.37000845401134
-59.83269321264408
-38.409983212192465
-3.18014393676269
-62.010268441396256
34.22812895615985
38.21147118416249
85.25924220794067
0.8618450767546904
79.14650009462903
71.539608596595
-36.92259711928625
79.94461824750573
84.04106390340104
-89.252511022896
19.442692661949494
48.44798836535375
-98.49454825882064
19.397370276229097
-42.07202343514616
73.45944734511957
43.71477785542373
