21.90067017643426
-47.49779646633328
-7.631332905976151
-42.00858591069032
-99.29673891959743
-64.46323891012563
-84.15628117087127
-85.4913454432257
-82.45210481063529
-22.719490133455906
71.97247117637801
-51.622138184373846
-21.665775451010475
-98.07598197172169
46.29957868277927
-85.49736616559085
-23.836237118447173
79.9251174111931
-37.46895008480116
72.77596472716323
-35.50745342725894
55.891867099573176
44.659813424335425
-26.70842066762424
-17.973735356825713
-33.69161332956705
-79.47035129749963
-86.05294141637843
-11.422438120085715
54.289705368205176
11.397952590788549
-74.82339902179092
85.4468853148106
15.66300552221223
74.04361526596611
-6.408510827576833
30.482132633223443
22.48339915927795
13.46578614196605
59.58682088236725
87.73942339766174
15.027148984854819
31.464114754968108
71.45652382469558
67.76469943962101
-14.211832474919987
88.88206325981105
-96.85115979100136
7.1037984640357905
-25.097402438990528
-92.96066308387367
-21.26782761800439
40.73111615849419
-39.8272344407109
21.137274477252575
-89.04122282249311
-33.11554658667795
4.63909144432651
-89.32438238198125
-32.13162820991391
21.62174921989643
-33.000354049310715
51.446004598975065
-15.001284074325355
-54.05481117555133
-13.820798974165555
-37.57905137298552
-60.51658449047188
47.4544916507777
-31.321406424645048
78.36539223904052
59.23848841310641
-91.8326975035504
-41.9722708047612
-38.99590237335629
98.78779450995594
24.966260116681283
14.338805033957172
-53.19739829194026
-17.948035716226514
-83.46245702657296
-17.216600740929493
53.48507511327293
-74.16174707897332
86.47536628238495
92.57139483721863
32.2955469341463
-23.37885431813325
56.11570668854725
-68.59205261775736
-74.40004689095903
39.154900535508204
94.43243433663184
-82.00152158560098
18.838223822710205
-96.89609187902666
-2.4939693164520946
-28.784171938446562
72.57070859608712
-22.003321546881722
