-23.11831716851644
73.97401807087772
79.4306995748496
-99.32150502988134
-95.04005904068691
-6.335223253781692
-86.55436007666297
-88.82841538654247
15.795753792064744
-95.43678026345339
29.805510975464017
-64.43310829979148
-26.332068972450486
-28.608350548402825
-26.225840001821894
80.69478245269002
18.58974231240586
54.383081397977264
74.04255492957296
65.98237930485001
87.08245083799662
-82.74674982467991
-32.14366345997597
69.73797894462311
46.266953935483
83.9311729803901
-24.069807834386964
-39.902470925989775
41.8641128523808
-9.53484265463888
74.21152371951061
27.753043068097895
3.1762817086229376
-87.1521414651762
-53.1813289396488
-73.71018848293289
12.68601691068227
-67.46842844804058
-34.73135715163964
-64.68670394406641
-74.84847582068927
-51.38172194989315
-28.90310643577496
96.26024897805948
-21.372231503443075
-82.11664309268652
73.43388911525182
-8.630012946588295
28.569248177086592
27.201702638120878
-91.72780132535532
-12.756966567347632
80.52250008669401
-91.33374317262333
-13.93994354008538
72.92808950963206
-80.59434230499063
78.59654546669285
-51.63630654520228
-68.68767773102266
-23.002035774886537
-92.75809541380846
18.970780002349812
9.120716291945755
63.31953341353798
-84.51627823932446
-4.921161562289697
-39.28243797288591
-16.424572507150998
-50.34018763363868
21.311612727306752
-77.38169357297906
66.53723907567945
63.36992965548396
-78.72890945833073
10.953461269207978
-65.92073779135745
9.468074809077635
-88.16522307331785
82.51208964961495
-22.23695095752751
-35.48441143938619
-70.5060700459845
-32.54744989522074
59.22975381036227
77.33095005082828
47.361940917982196
-74.43485361342341
-53.34823479531132
14.355140239119706
-93.50626167938852
51.77587696699217
48.6164835091883
21.044381062525687
-26.503436637384212
-22.565476837484283
-30.9733034902858
69.69263399582363
49.93054635431244
54.71596214939137
