-44.74168532959124
32.46479292072982
-11.796308885021745
13.541075114705919
29.22716915447171
33.01237256839002
-71.99057783665977
33.90987866638403
-81.38537508104963
-39.837312464570054
91.3308036486365
-27.10558155773022
-94.8025528439499
55.06287207587158
95.86276224389846
-60.15550550946838
38.28472994793418
-59.44455639641608
63.17507057494615
96.90657537276726
97.45347819432851
-16.726799434391722
78.82168773244084
26.71852647826482
-57.9467639526652
-14.04088754077803
17.09439751753858
-83.62398155149937
18.063178717680557
-16.547257813919032
82.35843586330651
81.13093574351348
-92.71418012114722
-37.631564023356326
-33.871570234783064
-93.5615021990817
83.04287631491684
72.65207786458717
88.72403088113333
-35.5453191123883
66.39081807115693
31.51458748646462
-36.992804329681086
44.95054317072788
-49.58660358173444
-58.94696447677175
-12.550397749147194
-51.84447309808669
55.10525951545475
9.817565303393039
-42.36209202134411
-54.24587548634583
-20.715117289559586
56.93153985459281
-81.79904990702377
-10.404037456121813
-7.575369538639336
95.33307518068654
23.765130516784907
-90.22533284063627
90.12564613741637
-23.03133076866881
-53.90872341166837
-98.06044394080868
13.803649817931145
19.395890166926577
51.35093145421888
11.612550327086808
6.746400581503693
-66.04360530253477
-89.31113833655075
-79.18768825554592
41.63061492527069
-70.92243729237597
0.8560054503819288
31.321670330485574
72.46721328968829
-90.39150018406636
-3.902719197155278
88.55724189475487
38.070920937551875
27.31495574614877
-37.43910676452173
-91.36374042539268
74.80616707420717
-61.88054237150198
13.788723724897139
22.498195230062606
-84.59143019681785
-87.95340526362398
51.828956467640296
-87.831551758915
-79.17574259660904
-74.42236379154332
57.68832758989541
48.2269595871993
90.58078573049434
-38.30770608336296
-58.89263364579378
74.71474849892624
