-10.819135650317406
3.768334382846291
80.27581970126141
34.286126685971254
79.73736310692502
33.19779479030842
-22.588265850263213
85.39068246071028
-32.3874234697886
-51.64016174017081
-55.42511657161056
-98.4843151039297
-70.11427563947584
-40.395322071581944
57.35345722450242
57.84928491627582
-38.11843448423235
-33.14120853699494
51.99220228710388
-1.5341735122557054
-56.94690840481156
-65.66293533972868
-29.842327211377025
-32.46485200826848
-17.519571979020967
13.816058768204371
1.3118893556701892
12.57523827505321
9.877986877647587
-50.21472367520487
67.34680964190181
-31.257343565722337
37.77071984255841
-38.812966509669586
14.382475236610787
90.23350433760567
-47.25346454076953
-56.4872965497172
-33.50250693784493
73.32766543359014
32.59264783496144
-92.65791277002742
62.30217072608457
47.749647855999285
89.43461913482801
91.76714496656714
59.94723203615621
-41.368305772582545
38.0084154646718
-65.38088433822067
-58.77050100866135
75.64726181833038
-64.96698323665373
-13.776787312398355
-66.15071018571285
17.11806036025459
54.20862908009505
27.093087736888705
30.92146770281073
-66.30075647842185
85.40165065027051
-34.369721340360314
27.59295214095721
-64.12295850627383
-81.33453761524123
4.225483657685743
-99.85547371948513
11.170731847372409
6.33336177726909
91.05241569598931
-48.597830593179616
76.29785427547054
32.673438027301415
-1.8627728666906478
-68.17887273148764
-44.16935101471018
-88.40823969198101
51.39922842258039
74.45615018056273
-69.6918232557566
46.97711088400027
-95.80138426385456
93.8736269229023
-69.8206544065926
78.02896333344304
57.28814444911649
-84.19162945420094
27.0505011119635
21.77466390671303
11.978605940988473
-8.419378834289247
-39.50312719097475
-17.34534220082395
-67.23027911354289
-60.50395161233484
-89.97967361394201
14.96043149605623
-4.753798213593768
94.726502092581
-96.85998357799124
