-14.58871405104074
93.44778971713447
79.53056583607844
7.431646072488448
16.894163974467517
-88.68611189087676
20.090009108737178
83.52613927031248
22.22585246265352
-41.35429853789652
-92.59069157505328
-18.626857839391505
92.66317523610891
-75.78638327063605
-86.10521849963983
-69.62991397586364
88.62707804190569
-91.98682358196456
-9.49358646530247
21.734398347822776
4.583499280332106
95.75258836308603
98.95771464618457
73.46579016050893
28.300849746860393
32.544542896020374
11.478845742436405
42.66742011587962
-10.645490859465738
-9.806627326249796
42.15892811330494
29.963901839178817
-28.514547030112553
56.383756989114545
60.677156070746406
72.09693547957775
-79.85424307649545
15.228858547231866
-66.51962365424666
-70.76757565929952
-69.20382845580662
-39.9120829648695
77.68153322724893
38.10164239230923
69.06328315736371
30.76615564987233
-76.22223499712263
-65.31882291442429
5.553012446921855
-71.48240307109548
80.13178198239791
48.58169169559662
-40.09822485450134
-86.74984813920483
23.102891148564964
60.17877539284285
-60.12375099809959
-28.721718700665093
-2.2114307075911057
31.904251494466735
33.27127276524564
92.68036147486137
10.130794113701455
-49.43943962408586
-87.256437549719
40.2932167232762
3.186782515552892
-87.6983819471085
69.04188305312897
23.34826694736421
-98.74059156153778
54.19052531393109
81.26745110402453
-22.479465065982197
-60.66350625603545
-22.805302882406764
74.89722226397936
-30.776925477370852
12.152092241797405
0.20229456437054694
63.984420281588996
97.19694148051093
-83.47080982603872
-99.92633214956948
35.27397835207546
85.53260976392579
85.20304617347531
5.29767421307406
-72.07682972404396
-21.904237069663182
60.498892206023896
73.51262433885549
38.24048027129476
-40.68147862687055
-98.44408741685888
-20.861394745247935
-30.421770010440355
49.04959906737133
60.87664615882025
69.27430296777797
