64.42180473194759
-25.91610506691356
84.30543289546745
84.56508354772447
-13.471276994580279
-77.21408648529271
12.490581394739507
59.39212971846621
-93.54886300808198
10.480419661866748
-85.98744073223965
-13.996170676798926
51.96115632451176
-98.14965163159843
-62.53108981219704
-82.73024587338682
39.17803317662484
-16.565521392403156
-13.372629855835342
56.900989465718425
21.952210236702953
99.28174901985213
46.45226004077685
-7.218800420007369
56.83934563089218
-96.36108330441844
-97.96685084507486
29.894848006313026
-14.178429008450848
-35.82599746649235
-55.51169790169339
82.0815648900795
-23.597802976254712
19.797047759649658
12.403428444876411
-45.28053594583954
-6.26494489285821
-44.20067584365146
65.31102083725878
-55.21523528114085
53.33111308867845
95.08213711910264
-23.05649438305784
-65.96155337738506
-61.693487160699156
16.15190816952125
67.83354639340834
-50.66169700648497
-81.01474793183155
-68.44996592206418
35.32264889968545
-41.18190297922877
57.516754148977924
26.717127713784777
39.619647652153276
-60.038064648487776
-53.55182022904099
1.5074927300907603
-22.159417924359758
51.91738712298712
67.56304572966377
51.63421871998244
25.071625276739965
65.4209656274808
24.164584486440035
-57.680686058672336
-79.85273971458635
-94.75631012521879
46.213390858811124
8.953785703880385
92.06887518325996
25.357776846743363
-62.03912379105472
1.3973724795771147
-43.613100992689844
-49.75550543728588
75.93251618204499
-49.81661430772548
97.79467434144254
84.3812487114254
-73.13413582593056
-32.58384585230864
-29.15002900927061
-57.462182323503775
-57.13254682508959
-98.70802825720173
71.84575130295761
6.849085905690444
30.081618381500505
-90.36897889566235
-10.74827545084689
97.66085906793208
-38.12508141404531
-7.646217848725328
-3.3406663164948043
-31.33235235552125
-26.715459626820063
8.964290140052185
-44.99942399953871
-31.51324064500885
