78.97122798399857
36.009405370674386
88.54305681730273
-95.2031988950528
-84.4494873446437
-99.67489666156214
-5.206937339150315
-86.67927058968002
-89.33522336086159
25.59925223671324
47.57464422934595
-47.92870458124643
27.06433445650758
87.88773294371762
80.92212362146759
11.739374922528057
-33.68368724755048
-11.176258571943336
-89.86720331580365
-85.28377404627503
81.03492369077762
-39.34010398958749
62.97251876603934
-20.986319222823326
-31.789861537342603
90.70227367148681
-11.628095527001875
50.353693932994815
6.854143937917456
-62.62581300546095
85.22915236125016
2.639340160030045
-86.81747468967953
-77.34923648941287
28.097067546318698
-6.194592047591769
-16.905565232539857
-63.63085089499887
35.71073195359341
-97.15087248282401
51.708835709464296
24.927586610144488
-37.40414560764709
66.52562550298572
12.435080117831234
-99.03384584326625
-92.77868434397885
15.706335971872292
-58.51897609590466
58.54131910488857
-48.497433595195474
41.30909113653655
11.34512602524147
-84.83651863215198
87.94601748284049
60.88663601640084
-45.658428833532795
-69.41861031188157
-51.179553354373496
89.38329341177749
59.14201439977154
-2.884367213777807
23.250629984485172
-21.93498989340239
-91.23670970030231
29.358011235852302
85.51693504391963
-93.54750356184367
-24.498149019017518
89.91511835889398
-32.28033016408223
-83.36188971280878
80.08079823814316
90.11440902033948
90.86772360194149
-31.723947434793203
-13.29511854569536
-49.50602443458567
-32.59544516881212
-85.21474301726222
78.81109978627558
-53.091349591148344
50.753888754880364
11.010373778126194
2.176354895312272
-79.10079722943495
17.91508093925475
7.000315078481023
81.37062978470772
41.724419628842895
-80.44889664943855
99.6796759324865
-55.3620019702411
20.251558783460524
89.49670165991529
-33.09230912860805
98.95870847138542
-61.075723487961795
-57.52103039551868
53.10592275003421
