-37.149994589038826
81.83850121852043
42.41562793061448
32.61500696634846
-75.14147953678597
-94.52452672351103
-58.7986720775558
88.63389192357357
-34.492801085224386
-34.491953184896175
-82.13087744890856
41.14993010265084
-42.42782565731227
16.586215875894794
65.62720536257632
91.49154675922352
43.58469785014012
-70.37233946600921
50.99939772072355
-35.771012187493795
81.27033333148282
-36.77058457982718
-39.66186126463496
-46.50508736464152
65.93004224941231
-2.5179577158733935
-28.155521551394088
-7.268067194542823
1.765536041328403
90.95947788448368
66.3454520886919
69.7115624984109
69.04106354436686
-83.50808210514806
22.509740037005344
-15.918173307260616
42.36710291090495
-47.57076750451361
-88.42484859382827
-83.94076051593188
-57.29428195632518
23.52580707705296
-7.106845664203149
-66.4074564999298
-13.14190847397532
91.43033741660616
-38.83504177391277
-24.925674684331113
-23.976819996191495
20.83506633494241
70.19193455731087
-72.50195378456452
-99.13960963874399
-78.77033996692235
-58.585170854438
9.027587287960557
-4.577500536571733
86.05288250746005
-36.86384776842737
-5.757799502206225
-23.061108965065173
7.666993041993678
78.79140437147751
-26.19970647827465
31.270778437004566
56.77752845557171
29.280787640823462
1.2791150291630657
78.07302144815941
82.28096995018296
-86.28943591359919
12.140997987501365
4.460221754475029
-45.29483685894957
56.28806809004479
-58.9511698270804
10.235991042435685
13.9718439474469
-92.06065082169314
-29.160671898120327
-87.41724161996834
46.34749079254439
-21.030119707811792
64.2375790038958
-60.85970431635908
2.270447872547649
2.604844742627705
73.93815028228104
81.35087327545628
-75.2351590550467
-72.97338193944576
81.45660752505586
-95.07477955936776
-46.630846478309905
1.272565299515378
76.80579330268264
-83.84900932854637
-37.90890793863204
-75.65324159155062
-12.77204157012173
