-96.02389806859075
-70.8028735282519
79.69773411145263
-65.2886011647239
15.858891245696952
50.86724212876982
15.87504066277414
46.368988048279476
-98.83186550717869
86.15525548922295
83.30666655685562
60.61778085065913
-34.180701579668835
-56.300586262147
29.197838743006002
-51.95043758751638
-37.31898942751639
83.19129005613658
-51.630455288584784
13.567178602988108
-91.7209546575547
73.8434156198611
-61.85117890030148
-45.044619738529
84.30239960574423
4.275203423475332
-28.202739331298417
33.07920566459478
-20.517155406971497
59.33320630098689
-30.851040735507723
-73.06735848209709
42.28438354872915
41.15312104345935
-26.458481229530378
-92.73885796550154
-11.554146689630713
-93.34703679602856
-24.665471528370375
-30.263256993556638
20.15310091425934
22.20852089077232
4.193735967618565
48.27242266819235
78.87254328553271
31.01933597670464
94.68506186261953
-90.53332722499987
84.1530886885258
65.75734929901199
7.100879418177854
-87.41803854539006
71.64627482414892
-14.582563831376191
37.271229432757394
97.69775394743817
78.34018015778099
-31.693996102638394
52.11021678448256
-82.18883760694011
-43.51159139561902
17.73552917352417
-42.08172088229236
-18.160386313706425
-79.72319097978189
-65.97894192187579
-49.01331503261832
42.06913161236275
10.695978930701713
-26.652569954317357
73.33084018603125
-63.384599148684195
70.70216952650549
26.70060119827815
-51.54933960103223
36.282629658645874
99.99165014130321
32.718379821108726
-70.93622734147458
-71.29478994236622
-69.6278698524986
-33.378880912862144
43.32837000278141
96.3705561964631
33.21282673696629
67.24040123711285
-17.180743721838
-31.208699059387655
68.87019024577128
-1.022430124462275
3.204110020850365
-75.00192726992323
99.58597954553053
85.30790446535411
3.5959519782239084
80.23311595306691
-8.80274375354331
-8.049766475845317
-4.766208396112319
-84.49801425461685
