-38.54821159515585
1.9075465419578848
50.60489760826121
-83.95216894765385
89.72650258864596
-13.949554660357194
-97.33304352279535
-47.75363256079783
90.25737712026748
-93.51338272939726
-97.5132635112443
-72.27054518388442
-71.06043767872217
47.74245844558283
-77.13217170744142
-13.0237364166602
9.802123614131887
19.28190208679898
68.7977582458526
-56.64196957346175
84.3369333301871
-88.9669661434914
-67.73630794841559
-59.77574775373462
78.82422768209457
-1.4628545641675004
-12.74931724376411
29.82374067958139
-33.90102179639784
-42.91036463130076
98.04824165786368
45.94439999950103
90.1836286107197
-16.223525400951516
21.199918338834493
-14.98548758764062
-18.21903864477892
58.35860480557102
75.56130890075568
28.567947842375276
43.161417215654126
-16.258202402054422
64.41661207102146
15.023773233979142
-35.366909302180986
47.535211942743416
-87.68637608681415
-47.51879019023122
-10.450504533541107
-40.63346932067782
-27.88070900967324
84.60970304768082
46.30401041934263
-96.55106391082849
-82.73886557703597
-17.671159156558375
27.506194670821742
34.29103886966459
37.883504498881535
-62.39754377069566
55.31592827929734
43.618080696494616
72.34130455872344
-17.65144051127234
52.98437117986475
-58.52333774735714
94.14231366715049
23.326242465488377
14.684896992487381
-57.42881520208138
56.69732592038085
-26.3097203812855
16.496483280298307
-57.36254471631277
-1.4072725988435622
-46.76775217105862
-6.284437820259825
-84.07779814383214
11.039966816977099
-89.89343697525034
-32.807559019277505
2.3122859979455512
91.86132987335537
-72.16707804556688
32.23539173096492
-97.66143313496525
-51.67626770489886
26.67072876342
-29.79352828980268
-45.47609783762023
-53.244568808768136
0.26393353194846725
-13.742567648680804
-68.47337393542273
-42.636680742746044
46.48852008904291
-55.10844566035966
-74.63224445468921
-51.91948172470495
-90.84324971705422
