-83.09807412851553
-59.66578607087345
-62.8438445181005
-76.15165378037807
-28.87824211188763
15.455619182998163
20.461515562311277
-1.2306836723522423
-73.57156879693984
-19.09166725353593
10.113535570910841
-5.782595791643018
66.89915783223069
-31.94100227387156
50.16942368191002
47.98301181482475
-69.05167913154565
-25.454117152854522
82.77450188438434
-74.287398643256
-46.39181723833276
61.43362764272396
-32.812650995875
-15.706378368993995
-24.050481684775676
-4.144750429651793
57.69425051809216
13.234491295557476
68.56715595668547
-43.25015615383767
83.6599408371903
44.35401564524199
-34.35627071184757
-5.18581944475001
34.50857627341017
58.053576801073575
13.373218716465729
-4.9146661196569426
65.30656691907174
-97.08360309030081
27.65007596478148
60.308633321008784
-53.07368798163567
37.36266870179526
46.28647070602409
-94.75284871200222
-89.50991121641587
56.6014988533735
-87.17785592329264
89.638895972591
76.42923950777137
-23.159019496846284
-27.18356318552992
-20.410787589370088
71.57485292110957
57.10682374943329
-2.5707497196913494
-67.86009566475657
-85.61952812446141
-6.733156843398149
-64.20214973235446
-43.15043604467708
24.0999536797288
-17.181548517016026
-88.11938130116594
66.45880262538412
74.44888240990747
0.010312166878506446
51.373213545423084
74.01090709352522
62.40277556591752
-51.69363488204057
69.91329398068004
-32.15060646889066
-38.279178117097686
19.57094002708739
-46.06429223467927
42.51170684185789
-26.99205589219133
-65.59075621592012
95.0402299531809
82.70524081745108
15.69402133246524
66.7901569837014
-65.34602609431815
-45.58990676589929
-98.65045986368668
-30.318974533201825
-95.66460410242045
-39.62037813267114
-15.293798793675279
-40.5240146358669
26.69382978470314
32.41989202543914
-62.153937219277026
-36.30509300514464
-39.71508133853787
-13.31389716493112
-96.61216329428912
-2.9903585261723578
