17.66382881329403
-38.05967306224181
98.2682420944929
48.43459906955604
82.56230160794851
-95.85242497742554
-82.58858130422996
-10.761788858499855
51.49531018034932
-83.92459224893871
12.16118554625514
75.48445498493732
-84.62392626980038
80.8989477148549
74.28011762988311
-64.26692150039611
77.16134335867852
99.22831530184621
-93.39229602606932
-32.8608869158779
-92.43718366354021
29.19116668800666
17.80634526098983
-14.932635122441894
12.91768468236863
-20.307296698955483
81.23426724823926
35.01963068104237
13.895638405140502
-4.865159002131605
-3.6784751875466952
59.14076323239249
39.85830076898225
46.54079962625781
49.03323386290879
92.45282468891259
15.943283378395108
43.467190680159774
81.68767622217649
91.98876619065442
-98.36629381819442
73.01911547492392
-9.884798531517376
0.35160949389410234
-59.830323827563504
25.36057712777186
-42.664759531105624
-80.01342720460238
73.04252731112149
97.40716516342107
-90.54367273193265
-96.39587126989366
-79.7089550530363
13.7774836539148
-10.116240787022932
23.880367901616168
47.198913111194
-36.30061614169171
-6.637406807550789
55.29837581901634
-45.49291710591446
96.35460255000129
89.41274860496429
76.84686750091313
-48.33550503641302
98.46849500017686
-39.278107933894944
82.14397887277272
-45.982145714198765
-83.65984491214039
61.0091147595912
-2.2743057781539022
36.11689519612722
98.51811369699973
-22.64093985717905
32.909050819070615
-87.44129331668604
5.789079582696189
28.781510128362783
-40.28433949549197
88.68954611572349
99.43570385974064
92.14550084596581
60.61465384090582
-31.555627028418883
94.66710401242156
-16.711029861992174
56.02474477260196
-6.937164819975379
67.37860489652766
-27.188055935329587
-53.62549978930951
-34.33779768001753
42.012026883444975
57.94882257395534
20.602707753914927
3.1585342445839046
4.11381675718016
-50.689415941363514
30.940770671609016
