-36.012729467776424
75.39735430795935
84.05491178058489
71.13700125517033
59.81616848824197
-73.18698232125354
94.58511415110988
-10.497125068780463
61.515197847080316
-68.68646938108986
68.80571496200363
-62.84248337164764
1.8145707543257998
-96.54283043689591
22.337654178743378
-17.594794251655443
76.54153361092392
-87.277234378379
-92.36548994274844
60.200145321820884
-48.09045199904502
-54.571507165937774
-81.83309442014794
-9.227501740068348
-91.86636505369884
-63.86924424555151
-87.30848826987389
-27.92233854955866
8.797513322607003
-94.67858497677375
-34.90637256679949
-95.69892290059676
-58.790485320262945
-34.10902038052535
54.457603470863745
81.71934268309272
29.85330536308163
-35.47485023391515
54.832413657869694
-34.071031625766906
15.107603940526985
95.2865597984439
21.085069767236874
-68.4994784637513
62.356120366446675
-3.1742805127357627
-60.10571961553835
23.775102263782742
-36.72740218849286
-21.715287487131476
-91.77459830802815
-29.495003848962085
-27.398978159597903
3.1152468376295843
-28.960941567179788
63.895905302617024
-2.4657519473891796
92.85202872408308
-74.84060312357619
-52.094732085683624
-59.82460520550168
38.88871345832365
72.91612518168034
4.397595382747312
-98.23300494110086
71.63066673693433
98.91642756832286
82.28507787314581
-20.71612803477211
41.578201419736644
-16.23132796202607
4.617170519132358
-78.65589496771742
-98.09641537577289
-14.22781939838309
12.835943838504235
38.892562937755855
-20.281365107536374
-66.09021150176066
-84.26680429189057
31.390359569881923
69.5597698851563
-16.47842695566837
-65.25967937436516
-70.83893533133684
63.68620210034081
-60.695873927852915
-50.623977005209866
-77.98374869788381
-73.1009001973252
-87.82388748709045
78.6857157225165
68.37197462763754
-57.2329303570557
75.09622798139196
-27.067208380115872
31.31370367223022
-35.324286652686794
69.61887609695134
-85.09091701830664
