73.05457016923683
-90.96287312494178
78.5646467692639
-81.0351101162054
-92.41671106079204
26.96396545861333
-56.69546480993044
-5.040809001538378
33.4263990743371
87.22012406613086
-49.47919576460693
75.52795696380232
0.8281036153793053
30.735391118275487
-55.67548386961798
-8.887799339195766
-71.01132525335834
77.78012612624238
47.78592092106885
1.5272592968592562
-57.07778224888467
58.70488880620138
-80.20971222470166
-97.43579725321129
94.23579737761233
93.53369397859566
15.112153374422405
78.3114980649604
18.328001077641204
-17.413694809531236
-40.65196056526774
11.212167438430768
95.77123523003434
43.613035910499974
-4.122633644349861
-24.940378031768688
85.97240602927332
-20.192567267629258
71.30705813018889
-3.1255066018806446
57.94952718024956
-39.300166962122795
-51.07588481377279
-17.0267249153393
37.33777529177672
6.809568002100306
47.29451930880427
76.03681403741999
-59.94899261045133
16.151864095131714
-2.894074592804401
-35.8620116545556
-68.4773761448916
-8.939405031648676
-89.47818184249381
-24.31519223563005
-76.91893275976352
-1.8343134979964049
48.05489541435165
45.98470339536945
-75.39682399480509
99.02202395055204
70.08873803756671
47.93475932530745
52.197218639926064
55.71073142194831
49.9955842519085
69.89711140423952
92.72685050352905
75.9890099879866
18.14211420400153
-34.7175461874716
-93.8885658034809
-29.37552074500138
94.01659155150224
-83.1889198949189
61.67721215927941
54.58731358777561
25.656102868999128
-39.97632286685202
-56.21592584850068
13.818440335982658
58.68405269255442
38.005291297509615
-39.528931353489114
48.00718524374494
34.665950402341025
1.0949884139715493
71.50846438253461
22.76150146706621
67.27466505114128
7.557119060974287
-93.67544882966922
70.41121301675634
57.315200692527014
-79.73904801659802
-39.50406666452062
14.883610094227379
-41.327265541404266
58.51326401691318
