97.0683565694375
21.36280457017807
20.083395165479928
-60.16529591239217
-95.10728139849644
-84.31518360516907
-66.82070454407096
13.268337970042253
18.510800311789552
0.6742486736323201
29.559724462138973
-26.604335233630522
88.08668157773437
97.33267168544532
10.324622225696316
79.47919880221389
-65.45837326140398
-34.14781432112821
91.96820861375716
-72.73084271572282
-11.547743989995922
-52.83486763228913
59.78184867802506
-62.24578740372826
-92.51237452213475
-39.66105168682659
31.48799347579478
54.455100218635835
18.043558016749643
14.891205202757178
-85.46021091998955
-75.44500915641112
13.90925710155237
-88.59179578191629
-0.991178628481947
45.135883893057496
44.01692936020547
99.67595406633615
0.3218581895549022
-1.0586825676409717
30.902042697550286
5.382093285614701
-95.68195940644037
-98.32763012337335
38.60846606117033
63.06501698127914
94.48038487375086
9.178974053340113
86.9299365037036
-78.08909013612293
86.85311082202324
-53.24424486903987
-86.36888541551036
-68.1134570358745
24.785391444884254
72.00441797799931
-68.2835714019059
65.85300577886366
81.59275005024907
-59.290026252876224
50.786307983418
-97.14194692681643
-27.57733956544854
55.43174385489033
39.133501119068
-16.66006873308656
-30.637782434838414
1.405895743058494
-28.566678350438025
25.80710495809437
-28.384876307265912
31.84098701027557
35.51665655630242
81.35373786170291
-68.76867257214643
-18.621306167070387
-31.889491182689838
-88.51414912273515
72.63614341204106
-0.9672957551528896
-70.91323395977406
-19.617579456347187
-56.39748205130803
53.08693981490586
-35.01437883366923
49.69823139121979
-58.9117488333585
-95.02833183943076
53.115656922252924
-30.039720453112523
-28.179951122963743
61.36936805631129
-2.161327889613986
-49.33441298055461
57.23643490661149
27.961207072437162
6.859042592670477
19.700774170551185
64.32177578148824
20.905173922052114
