57.124305087793005
-27.1446632412476
-14.51164039441744
1.5404609461333365
-6.2072532436974655
79.56858827243215
-75.97548201917496
-10.757137762848345
13.345975532166634
-68.2641529860993
3.8540313360891503
6.681914685567222
-57.27056732562428
-78.28842432277523
-85.74815152826207
-35.6665841222068
59.32906537900345
-27.63319591080584
-73.7939748386695
5.684478482156607
-38.12409070619651
18.624695058450286
-8.849589770608077
-14.667296713129431
-79.013616237294
82.62231495767156
-58.99452616117544
-2.0608136410501317
-97.82693451326753
-2.2764293307591146
77.70365005406148
3.0257794949747137
-78.59754544248503
-29.669518137905754
-96.09208861059454
-56.4377092283467
39.80352106677313
9.855869533356113
13.082904428095944
-73.39951393206417
64.30876291740165
-88.53980500527847
33.2735579409499
-25.876608373585697
-10.92950337897814
4.185394604724095
98.10754127962429
-84.82523480124185
-28.188168365953786
-51.745364903935155
-38.08662207392113
-51.985175875679815
2.5371033669552787
-17.28483997551639
-62.882812058352734
61.46738363860263
-87.76466055834837
21.594612718076306
3.162609898256605
-68.41760277642683
-3.9014270818500876
-42.48979026396427
45.818057107325274
-83.75157587930879
-16.07842077163322
3.6011216615093673
-47.7400073744998
8.57299667990901
-51.07114178811316
-7.741773984484283
-20.382228522226683
9.85348497230278
26.208290346956417
-86.21514538177735
12.567839656099892
-42.10956049829257
-16.881741845140226
23.49805959846188
-38.62028490216491
-81.36457475172325
-52.33172981232035
94.88723962172102
12.010292972590179
-31.855234054608218
-3.6516178547956173
-28.604449160789287
57.109310706716485
-92.4962767576214
-13.265806912347358
-22.525934671465023
-30.370219954043122
-47.97048298248352
85.04014269327507
55.38199657804955
-56.84027791503639
42.081519821685305
36.17851519110505
-68.05391067738657
71.89539976324502
-40.95885199270934
