-19.586989272863036
-12.998550926736812
61.92982753906037
55.899372429484316
-96.03955070488269
-87.493364123561
-49.934469423365194
18.841998321374675
-21.534498781656424
67.74599134770469
48.95041931661325
34.04309808051792
-7.560605529553513
14.748126222881908
-20.533660929630486
20.835122434749252
63.72593374329605
-10.731615645267453
61.3316449311813
41.29959634759231
31.927261819063204
-84.51836460882616
-46.158441695723496
16.451913473850738
-43.736003967177275
-10.05712440662974
5.2682322922575935
-86.20412629983257
48.174251266383976
-36.9219963887327
38.666231912132645
-87.40090826989343
-25.30827880449391
-51.91679373396394
96.17974129075964
-97.03910248327534
76.92544609271451
74.88274724333641
90.47833550342034
79.06828251698533
-10.504265111918272
17.001074124103212
-0.6989153098076741
70.56966135583744
52.35760720452947
-52.34752632211141
-8.823630361406813
68.1377834955531
-69.73480556180664
65.44665325079248
-21.313216125014804
-36.72951601396113
86.40411056356149
50.73316452430288
-53.989147817304925
66.31250998627604
-9.51580353101491
78.13739386302055
-38.14652798479621
65.347324730304
-73.02571804542941
69.27680718936193
-55.292518994123355
60.626980001799836
9.972965100088757
-58.571019516746084
43.26967731156111
-16.194066936145973
-18.96257076108874
21.121270715003334
9.389309398631497
63.734808126455164
81.96690638707074
39.49450388153576
-72.50773375059573
-11.538434931587943
-96.26261315262381
-25.0096345070192
-19.535757615565785
-32.23293313156444
-74.60737780591087
55.66602103165846
39.00218242345042
46.05144433118349
72.32855458570106
-3.5601395801781734
95.89367238496382
-56.58022923957746
85.3973088244054
76.43386777236728
40.235371607166115
98.54848122515426
28.62532260003269
-99.48059749615959
80.01644938009272
-39.99577159747258
39.008949392818266
30.713642787586423
67.09051994236737
79.67988344584143
