76.19961004507115
-26.19185216296691
68.59239425633675
-74.54766416450889
-34.894323220868
-90.37317015082633
53.5604961759681
-73.33716689418674
-0.6181033188108245
76.55720794799302
14.456214268662166
-9.906237802975795
84.45459275148391
28.525876832336706
52.55921588082043
-97.0681498033367
62.752326924182
71.78020994540975
-79.91495648651215
37.90032302079308
-4.0175017372778115
47.58490088686483
-42.907935316216
-28.731829614321384
-73.0932533203605
49.19687152670738
-80.50313600932424
-69.49890745363498
68.76692285455624
59.89686653536515
-28.49369932914017
-2.5098899857197665
-95.25715798123191
44.46601380004344
-64.97359633156276
29.087966331030145
-51.78720622140691
-76.1447318483349
23.682871103070454
-41.06136515086405
-53.29451365124329
-85.70349208521475
27.836655867581925
58.77854780649224
-22.215504481712827
91.47093971887813
-21.91967080112842
-68.49905260690971
-10.21497840589845
19.055597322007102
-80.61442218736127
3.7052107323424934
-15.341583191495673
-90.70882774057579
25.292840186164042
-17.732219914053687
-6.191988826554365
17.10408340968945
-38.153596284458224
68.13161696160822
-19.1077371108545
-39.22642131684033
93.67546162773581
-40.457247967070685
79.70151755839129
10.520264704206213
-54.703501547834676
5.477540697161004
23.61751758389117
-30.435326216334644
-32.5351193766988
-61.186243614298654
92.18133408416708
-66.2512894082912
-90.84365742959308
95.02088098897255
-25.446396325073522
97.75976097086209
-72.69138637823487
80.29074039189743
21.195229289884182
16.17278378489202
-77.7405533799039
-84.0695763195444
-51.911685598835966
-18.71070859061375
-85.9150147160882
99.28122583311753
-19.45352021593503
80.04808274359056
19.209057239555733
11.57917049562063
-21.04946232200618
-35.125417528733976
-88.6192694730814
74.51257890829436
-20.271726924839143
-16.11796871148499
10.165039027953938
-86.01277605708174
