44.2394616382484
84.22342052546617
-90.07268796960099
-14.632417999275106
11.663598608531899
42.103819001042524
46.890542081490736
75.42704220097784
53.30888590931016
-14.075182682210823
-63.712116663394895
19.867432269505542
3.1652673644289706
-38.93868595083507
-57.91829342822987
89.44377355361132
34.190811499102495
26.751705836853517
23.38446360099782
5.450275051883693
-48.8475599022669
32.13875376087404
20.45701411041017
12.001119786316366
-67.66404780659468
89.3614496894262
-64.2037666394684
-57.64969271530025
80.33181901866135
-76.78000096806691
14.515126893912395
-69.26699845577625
-47.46412226305505
36.97520330325227
-91.86850018323767
32.20257142659443
27.883465557036004
33.21900474582685
-15.294306945099123
1.2896338289305902
-52.61893929163139
-4.767940532376258
-99.20215068175683
-75.2569159908097
42.4426681978438
55.02033271476941
55.58372727732797
51.778216864579406
-21.97056036497385
91.9792931518231
18.750926422307984
34.14786730216798
-25.113932202843614
-84.11374711194566
82.9832785521802
32.26093887749005
97.43109411798193
71.72442223240466
-83.3970489648175
-52.49612283283265
78.41626314856532
-89.2828895539147
-7.8649521224253505
17.685142765798687
55.870651453048936
85.67709123384785
99.67026603620025
-64.17725704060464
80.53699673541058
82.95883959939255
-45.114875771996225
-66.64227627673577
-75.22235683707166
95.87396357619099
47.46918540423272
-72.24942287955366
92.02417370407187
-87.01872359524079
-1.8536061034964746
42.10548725726946
3.372565291150309
49.71514099660658
32.25101986359121
-66.52160478171533
-7.687258209205311
27.473852559136816
89.91566542446566
-4.996789620197433
44.75716143287718
92.94601853523935
43.22318675308699
0.16552223056002902
50.71851326446094
68.61968649907405
-85.93759347130452
4.751036324590359
76.37627224143597
-22.295797576437934
-9.158429683772653
31.5296607760572
