92.27062536413163
-86.9537185624769
-62.60553956534387
5.343601823366882
17.414365210899362
-63.415700901142834
-46.18721299801294
11.97205509724138
-75.77231101734965
-15.152248796386218
-93.88319589994036
-58.288957480865776
-56.95956886318208
58.22060297052755
13.164607829475187
-79.63589097185476
-41.535207940075615
74.23096552351475
-27.521275227856037
67.45377771024786
-11.335113916199262
90.49382067895596
-75.3414139608741
68.63018333835487
6.0656142057434295
-85.7396650015601
-6.39896423347912
37.83226226289867
24.948324527956146
-0.6993381366725089
-15.35646802014368
-22.41029732726045
23.854644498163836
-83.58850327347076
-36.98043706024923
50.67206602436022
18.98165509602879
40.8906404083597
-72.63726898689411
-87.76795805819184
39.84547152260461
-54.21412128102532
93.79123423699858
-16.79641850232956
-9.386720228376461
-68.98574077103537
-87.18506011459436
-28.557666897642875
-31.929585201343286
13.025607481538472
-78.14807866532706
-13.313752257859647
-46.004222370578596
-28.663300177978982
-38.91472053608411
75.96470497733276
-49.764812549421336
-82.54131488162872
32.78279773754244
69.1453708996803
83.81468952722128
70.41961953565644
41.87633223167484
-39.34387075245993
-1.1353908293667274
90.37913398203128
-60.826509047935694
67.42852585555062
40.375138591906875
57.014776293832625
-76.02872600907197
23.432467741656907
-20.086275357600243
30.73224901490468
44.0477030449712
-64.89679359660725
56.02800228988792
67.62654790964257
-89.6072162446461
-70.04951747388688
32.724939759697975
-56.61592751986433
39.188073651544215
86.68128428847018
81.35948930392698
-74.59186029246183
-59.22116650950362
-71.66915864639549
62.6208425320136
-95.09255352553791
46.3558084503652
61.43288542479905
-40.01872327200615
88.34002003641294
47.49892899468472
-94.79029150636885
-36.415038619949016
56.41664040717066
57.31200658648194
48.353243467510055
