-92.66685534133003
-65.64680904672164
-77.38010808603708
89.60209490981063
48.11180595576491
15.31843677787883
41.794793484928846
-37.128552461894884
2.4605492325550813
15.413110249211769
83.0440080168633
-24.527567229374498
51.16030064391509
80.4812264120335
-46.34980969073212
32.266816181068634
89.48745670738646
25.844704611889767
97.11265114852074
40.428747193341536
-69.18304146102668
-2.050551904777535
91.4165756533989
3.7443628517533085
-47.70896432058236
75.4255686537023
-8.333913572356934
4.057767669776567
-67.36248898832527
73.95297279025363
-80.07179495198994
-20.972754212309837
45.71943350193419
70.30629742486195
-14.196725360318013
60.27396189604673
-98.45510721766522
-20.673571403648495
11.956180007337963
-44.36526781693415
-74.90143697464397
70.9690857672262
-99.78223454226827
17.64882951692867
13.841259212485753
89.17931429619341
-16.706324231616904
32.78115808766424
-46.779855674364846
-25.907361112250115
-38.134192539324886
24.688514269356716
98.56738956143803
66.30509179988556
79.74667691942457
-50.278173621606534
-70.42022834221034
-19.954271543973334
73.00483982901099
48.83050818927455
20.299948724473253
-25.442464198384968
-57.17823263258835
-76.27368329437772
80.98963109117756
43.910491196051254
-76.46362349144052
91.99183728108261
-9.188693979935493
7.915764114362858
-50.42209604988199
99.65627289267601
-48.20396764909325
-82.03702931449857
63.90958215231757
60.595617948539996
-15.969533440700573
-75.67688450913852
88.24256991426665
96.87717428762872
-40.07686601549689
-54.238372383204236
65.75842219000259
-57.359757280099814
-73.31600393059863
24.877399319980853
53.37739041985418
-36.94703724555251
-10.059109297400326
63.3099616480533
78.98546718394599
89.66978249593615
-33.98610030459082
-4.31372664489966
49.15856049525823
-76.38483382518402
99.40774061480852
-79.9144921397301
20.177791263558348
85.25776783574722
