-42.82600476774001
-58.49668055020643
-52.329773219192276
36.84178690621786
11.354759547943488
24.591535570489384
-74.76029140366467
99.99465944888857
64.86353379563374
28.17571951370249
82.08064996265767
-90.18094859027339
77.87700900124338
85.79936045351374
26.727301193273306
-67.67045701072098
-47.845208210877544
-44.44965079212015
94.45543378118086
-57.035010485879
-72.58263237750137
67.89252228767137
-11.02084598026498
-32.22212475195133
32.81153417721515
-62.52756873863537
17.80490448698309
-70.93866379453414
-79.84487284878772
23.05058761422896
-37.02249055785287
-88.93227324981778
70.03900566907419
32.41600604752816
-74.53381111780573
62.782565811177875
-46.70893121010167
59.478629648317735
96.48588658418817
67.95754289820232
-83.36616346893808
-63.43721808452625
-82.39353020409435
99.47903369486463
-85.21896857780578
-45.2194466594062
1.4727478190191619
-75.1626271603336
-62.79543880312082
-52.71468228651406
55.48092174702248
-10.872980872334153
70.36552770732541
-60.85527470529508
-66.8028625123099
-57.26113749496935
-84.43907197055454
-90.28762278919046
-94.57356420732701
-85.93841289717756
90.87541371607747
23.90625355827798
-65.63211218975215
36.093069033422694
49.855994665890336
-64.56712893293404
33.61433931122829
-18.83328713626851
-95.4091241606742
-5.548628341684619
-94.80020423279016
79.42244201082988
3.8709540683264976
-89.8055077653893
-48.16760911420304
52.74271031851987
31.252331422954
-69.55058788018226
41.03586798559809
-25.135557769318922
44.133034318951246
21.62044028217076
80.80334395070003
-15.030311917360791
34.61239086340103
-94.60529191245337
-79.1622065404785
-47.93316588349887
32.38313023099076
0.5137368595107432
-52.20394313406751
-80.21908605879875
82.60939889162918
50.221181118524214
-47.49068500111038
31.145490134844607
-66.488638239307
-3.8143225884483627
37.574922545380645
97.05399387111834
