55.714196047416834
78.38148135933034
51.756368775663816
-14.463273849371717
68.32879078282329
30.878323906735318
52.032786562205814
-75.87195965343365
-5.903245023064898
85.85975416799462
42.12623761355451
70.55977805657051
3.158442207556206
4.000530900897175
90.54253895224076
56.500163272011605
-68.92985179929846
54.613638367885585
-50.10350246622348
40.09972835082445
-45.37352138230886
66.7845728495756
60.89590352013988
-67.05023199802363
-4.381234184382549
65.85415777574562
-73.76931316931476
56.11813228194518
63.66766815215496
82.75758475568634
29.59759745661586
-56.01269374489208
38.4091354546573
-95.95835574943206
33.3653938278963
-78.62884834211943
9.456338409612087
69.09165405724488
-62.31216581081846
39.68891269128079
-37.30350562683
61.068168645414005
64.34131845346894
35.55271330093316
-90.29876551983125
-2.819594736159985
45.764719992534594
82.9842378796611
-48.987626462062074
41.56073362193581
25.0234097749382
-46.07668079263898
-46.27738740843861
-28.367144485539782
-92.55781347065542
77.43914439272487
58.53678001651983
-88.29716327878859
15.93611106535721
70.90958124508458
63.54655861236492
67.10909195486246
-33.21309896031303
-31.135716087447918
90.0978344941515
57.23853563932255
-38.27479466688819
-57.988434753303906
-8.262201636216176
13.326974433275709
99.98704125267668
17.35218768022908
-72.05780685896734
87.43315576022249
82.35286829504693
7.865024567287392
63.88324507867438
-56.42653285244397
66.91983652448761
49.83330013997508
9.25374674362665
86.41931758988909
96.75523021155877
-47.47794910565022
56.00781845854331
30.47617510194567
40.299924293077
50.29862777995723
-42.12225635275897
-92.98232081413171
73.0135389876259
44.727590496667574
-32.02010794755425
-12.28349126001622
-0.06951406468400023
39.487910467409506
-12.768155391703615
-45.93035682725275
-56.145473844900785
-17.380868187128968
