-32.330273208838165
35.607655880339365
-37.606621406746996
-3.5851629985203886
-56.48175019779913
-65.07979963523903
45.72231156797466
-84.03468422835907
-53.06886476840549
-63.07185768710373
-55.002549990363335
-75.26652142648052
-84.96473669757236
72.89463890187159
-58.014044820133215
81.23525496701322
57.65835055749926
16.304714357184082
9.432199369431743
-47.17235496933432
-36.45232990419389
-35.17240822245921
-63.78954866594106
-6.285676972193883
-73.54067582157195
22.320753173190695
-50.28635490279163
-89.46401202082608
99.82183818468886
0.9167990631067084
72.87057442610572
-81.38482360526926
-1.0800782632229868
-45.961089603523945
85.63299886723226
2.450704855505535
-9.620111512548675
83.35469089936765
-93.19184671832852
-22.860836663742262
-56.51406643601098
90.26268527419327
-98.39935158438561
4.16931826688527
24.75035794588476
-95.97108423374421
-43.71515256728824
-97.84647410480387
76.2034423733092
26.491030187592514
56.960650895518086
29.510563241437723
42.31614700620722
93.10370809945766
95.59809482167029
67.14241332705046
-87.94631833000774
-64.90865541796273
-76.68060962105741
43.133250589893976
90.26209381661064
-85.73199745445345
98.99303421581172
86.11012777846153
-93.21754636682103
-74.38054427972048
81.09613909247136
9.574098432471146
7.904889971260246
-27.083794871192453
-40.2830882873384
-9.952655406379307
21.677647500209176
-34.37511614737603
-72.84285256513044
-94.93831771546543
61.83980048959168
50.40430896766762
-95.98277825239599
6.66947987532582
89.59120049986637
25.185720390116344
-0.26088284695231323
0.8037877902188768
-1.5984317833481043
-54.57623934434957
40.86642088957697
-3.548569782420998
-42.05437384278004
-27.928159712637736
-96.18923749288271
-54.98554737102823
-54.027173691972344
-67.01317590323589
-61.03218526886922
-83.24233857962386
-35.18905020659915
81.31993944035324
-75.44536567701203
-43.46763549550903
