95.3230808606389
27.328762481256504
-4.727565876956817
96.64577751211127
-61.45786809798801
1.0224871324029436
11.326624622378674
57.81259665071528
50.7933320049263
69.14734626440563
-4.330082593450442
-59.05490834813547
93.7219526830369
-41.28221639171918
24.27124847304924
-31.08191242322019
1.0361599164537836
61.57850188928683
20.241197289460104
-77.76661241665015
-50.20362560071732
-60.56441935446111
-50.92014214071669
6.817642767575663
94.10920537260512
68.43081259553651
-87.94663630935023
96.35509377072239
26.904545886514214
87.09247863868589
91.0527788312778
-8.980907333462568
-43.20476856513766
-25.484209323162773
-83.50977297149917
-77.46323676639196
16.884951727754597
-9.164520579456209
-35.024141312416916
-56.94307371995415
93.24291067215182
40.17520099198518
33.17897922976917
-1.0957803795365493
-89.69226093090458
-58.09465090441637
67.04796388696005
-53.0397475424635
-70.7713455113523
-69.49431366769876
17.76768889332341
11.70290847818822
-87.12046857416729
-26.68548783606073
94.62328811492335
46.69928717710371
67.74504528060996
57.35248616125267
-98.07654192892052
-3.011941064644418
-66.12196889023633
33.54881497080035
-40.41845817191234
7.817731458845117
22.943746971568117
76.91235320975031
21.978978507645635
-23.881373760780548
-76.20364858658687
-88.70697578632854
95.96071852831687
-77.5964117630156
1.1592959435158008
53.30479565121976
71.34409300211226
-30.026927801576093
-15.932834551890167
-59.24131240617114
-13.845776972706304
-86.91663398218428
-12.472276940217114
-40.29902565888885
40.02696551488057
95.94040090109348
35.31187458546188
-4.865555888910308
-8.071253585552412
57.896604560583
-60.78629573122154
94.0084580776269
75.51451043176476
90.96355011345244
-17.57722377290716
-80.78836031796514
59.79618696083938
70.04368025929426
-76.14500175252117
-61.299258010305294
-96.41035871643247
48.33765416144905
