-30.30139795662261
-58.79342992457977
26.614118747469746
62.027737680929164
-32.19723843080442
16.692159201491123
-99.04547429733424
67.26792828693792
-66.27942408552948
-91.94672304267375
-3.4943953797019986
-44.480792988149354
2.8141423685188443
68.48703503024021
68.21592261452352
10.619571617412987
-92.83532632491931
79.05150473121961
25.424082771534586
-69.7954453948903
32.53449999396773
30.00685007954388
-24.929988835162547
-50.84453647902401
-24.59881860988196
-86.22355114926972
41.01589624046758
11.30402835555195
45.002675276857076
89.95288073031742
52.81291964460749
3.5554415812192985
26.504956636398873
-37.911048824281735
-35.617835315393506
40.6563375227
-1.6447787949524866
-76.13066939226734
57.72228382241897
13.427353674290671
73.95028104183876
-65.1067825852447
66.08671926837764
47.36514777057147
66.7209688674767
-56.07775652631079
22.504680713103184
66.07799929300435
-2.835280295713332
-42.134234819035285
73.66515595168596
-83.67145650026572
-59.96667555295476
-39.810990985844306
91.66070943949552
61.6763538038017
9.931354647069284
94.43589842720027
28.49756420169294
-86.87365778259249
-30.599302127506675
43.01571061995702
81.79724867093569
-1.6802451127023517
42.600960456239335
-26.990619524981312
-72.02291025405913
24.531281680641044
11.747844312696643
92.90049035474877
-20.963298009733734
11.67427641274719
-35.01546250726304
74.12392727847018
-62.72400726621869
-34.03346111132248
-75.66283866408892
38.31497755703731
-52.77786799203847
91.92951296558692
-33.164229077970475
65.18124402483264
26.43324355987744
-48.63851877552179
-12.743018353261348
-97.19424697589996
35.86050365133241
12.313430427216204
26.797170719380077
23.54509479797302
70.16590203636392
-93.25490654004045
75.79105351023782
-95.7568561566692
95.84043709332923
-74.69664392351847
87.60058890247606
-34.139921278697
74.1625468125099
47.32567192396749
