-0.29695638361894794
81.36302775386653
-14.81356369788449
-45.08843118214691
-26.02406707888929
63.8373945618236
94.07440317132895
90.23216527993029
-85.29513292264734
35.37861942657082
-28.499503791654178
-62.60282820690932
47.04005502184151
-85.98050661566734
21.14527050626465
47.076325512683695
54.623482027635475
35.52435281996634
48.02189832029481
-89.63697090991604
-79.135841010859
60.19730074338878
46.29500154022949
-64.31013426999513
63.18747898551649
-63.06665310366037
-78.36772364893335
-21.22246794012932
73.60111184390908
-15.30120120729488
70.46902107732316
59.291904365139374
-74.82506909181777
-83.91143010513082
-63.545658287250276
44.77660143287517
44.280487785934184
-52.34537401321118
-59.75726961945706
-81.46593239448023
87.62321670088119
-83.15868897609033
87.97199659891618
25.68844746188394
-22.772721142762236
16.324758768900182
-56.18190469220783
43.476284827011796
-8.123664472597895
56.3335380931145
-33.96458424314599
-94.88830288158627
48.6304508389608
-75.62844045763619
52.178846475341004
68.59276288551646
22.750274847346503
35.88739576470644
-21.85989411852161
-38.880292283404636
-80.51656794482798
65.78005534787482
-47.2582969453303
-70.77408958451949
-20.058136849320135
-19.661341707895147
-35.077800965901005
-21.51216546988988
26.607699867755798
-55.1247613079604
-99.14276344192719
46.62672966595363
42.14817517696545
97.72070055937274
88.19625417722895
-91.6633604438891
-15.262111450342374
18.105141341767222
9.446262810720583
-92.83017165977448
-61.46895473472382
93.32843285401714
-39.32023800436502
-86.91238179621837
-3.4403885966113563
-41.52547829866238
17.255554713240272
-94.16064751904587
-81.1758771452092
74.63158680541434
39.650570585048456
-54.89827928140358
-88.72833359661767
70.2697900054039
-87.07492011752187
-88.51026448153416
98.14901326975024
58.8039497924791
-3.401503484475896
-51.06304631487954
