-7.356788561154843
60.93422949435197
24.842033491667877
-24.559906414725745
-43.90235449948876
43.038325283919164
-39.10000882305715
-43.93208686211214
-64.34029593802344
-81.45132547957606
24.962666337343478
-89.47473684308567
28.392667771800973
-11.568176637831712
-6.019173020803635
-12.482213444079022
-19.381661071054765
68.95531176579667
0.3396570663516627
37.657307400104
-91.52079984997215
-44.62242720069413
-8.174662659745294
-29.23159523093817
-93.30225438557471
-94.73388201588695
70.57279245361505
96.7693531330901
19.49825463412043
-64.4781318789455
-73.9651909721738
-17.744181111237594
93.81170973799405
-10.146177344058344
-77.96048886971118
-59.57440523864492
79.55440200355358
-55.739790466627845
-92.03701571953333
-89.26884856897237
9.351966058352204
93.26043136352408
91.33576521802814
-21.23410352018307
-13.883778754158541
-71.2031990222573
-5.217823769373453
13.390844604029326
-72.02519573226795
72.34331338068418
-82.8410674005992
-74.06178646889552
-70.14162621868117
-55.840230450853355
-43.241459952788965
94.93953391900726
-71.17931591939804
29.92133267707581
74.84341659151858
-6.2821891575791255
-98.13900168280311
-18.774610426785742
-54.37338461472587
16.321604720059383
98.77653352611802
-0.6405970277739073
-50.21123154316391
-71.97495153996417
21.10348810290317
-57.88180378022212
40.07720035037809
38.831150725019114
-73.28028705932958
-70.17659116013115
-24.013737813193387
93.55402261659893
-80.65192968795363
87.39289910969813
85.12348135148676
93.1237009617704
-5.014406147728053
64.68796874285644
-78.64100068868207
34.55178603786101
6.973254219972077
-35.650430890433114
-51.40958775507303
75.01664161034657
89.18242486522675
-53.18639401612258
2.988880260745262
-62.24391036439607
99.78290494413991
-56.95408711499896
97.8959276324218
82.86137963993022
33.615699135049965
51.233681863454706
57.943132857182945
-73.10530947824003
