53.291034809683964
-73.56045343823298
71.50104025682197
-90.69888250190658
-15.080143484414862
-84.38697370189487
7.240451791299776
-71.8837185012178
-96.16218823509328
-26.503582890663452
-0.2548246476981433
47.057582135728325
-15.850175449276762
12.115563299619652
86.65298292138033
41.223436595933464
81.85273495588024
6.4830336591298305
83.45587362525308
2.0381207815578506
36.63956533058408
67.15864206045546
4.478483365862232
-99.72658711472606
24.962843893150662
10.754297856000264
99.61047954884856
81.32748528665488
-39.319233433629954
25.76281267119036
45.66392399715647
-35.55738640123121
43.988084136691384
58.56976006291808
43.27262239390876
-92.47430846320476
74.7599008812683
84.11691601050796
78.04228959477135
33.123357076113024
-48.35346861313874
87.0536442107352
-90.99886220995397
-95.6483693086749
16.6827727064167
93.3517734737676
-90.19077462992145
-78.74421834358589
-22.798872822598028
-10.90681262060518
-24.37377928823139
7.048587763952668
-65.24950780646549
-91.87784264064396
-82.02065305642452
-33.25870611064555
-16.662149052477233
40.5701571094076
-21.252451756350183
-46.78952908687106
83.87265345135683
-68.4566657987381
-12.552744521486005
-39.007838447184184
-22.31928453531853
3.7445509542333326
-21.536538088259505
-59.37091844812918
46.59155546104182
65.46562862125737
-75.75436465045047
64.20366787548119
64.47020049812454
-82.28317755976764
68.83853580680369
-71.58851351726523
-24.499505201701282
-21.76132283137757
74.33176295971924
6.381909249632329
52.55598225255184
18.149640905089342
-95.94065956467325
60.907944240592485
-22.728814627299258
72.89051215805054
-2.767070122105636
-22.562396622466707
-37.48514631971356
-84.21488400508565
39.33647737335082
89.06180793383174
87.15085030046095
20.85768575100559
62.25243311505926
-17.950890552483912
-73.57538688333773
-96.5772998338516
58.966749062948196
-13.932644222075382
