-62.16060718037328
-31.11615688685727
43.729955812766576
20.427636368503315
-82.04136520255614
49.0719439900727
-51.7783786951854
29.299000464601875
-49.094769020779005
-24.30760569544867
-17.712418915579946
-93.13705822921938
22.94234754275537
-86.24176289307388
-52.85706764722371
-63.737443277837905
59.574481663176925
-49.825382086091885
32.931353269399835
-5.974515702476623
57.18266206321755
-62.408241372201445
-68.72645348422097
91.77241056676942
-1.2191752394364244
-28.517755953160645
46.383231283948646
35.96843799006274
-54.28684883825685
-10.896869754860177
89.35320211050691
-9.086008033953718
57.719366518795255
91.87574476983485
-9.217172009316641
87.22226752053774
48.03566542044456
99.7478573076703
-12.21666546374432
91.08754176532048
60.85114321400832
46.55792859197055
76.28740827864036
-9.252569942950998
-85.86288311667451
-55.26447634059819
-38.56206586005899
-7.375108451416665
62.301359100308105
6.9055683897662306
78.27174402398413
24.154885517356846
-28.25611888746242
5.280373564661403
25.62372186158383
87.38397466197216
88.15268743369583
40.24924380900546
-37.22857628672902
91.46336529213039
4.045608618092885
6.957173122121745
67.25445056154072
10.55678564946217
57.151200136924615
-12.670867225356602
-17.7837382180424
-59.70123998551517
-56.85576158933472
81.73460552694686
-27.923986203668377
-85.33340429420882
-62.77799859165736
-77.59394697763153
-41.31510077511673
60.11667231493129
21.460077206452908
91.24661844605686
-12.057354779923244
94.76287186151
-58.91763772178571
8.100752083016644
-27.121853014058544
-84.01693077185325
84.27484464116824
99.76140197853243
-88.91439106561101
92.32536387019391
-25.67695326961295
20.115996152406154
8.134882957021944
-33.358821298764084
13.30440183098223
-93.32562088302348
-57.24570909768669
-62.96319910044315
12.616874503245953
11.664052396328444
60.495162704312804
23.82922253471959
