-78.91280058985333
-51.7446775986768
14.873339740858384
5.655756249404504
2.95688007610606
92.86460243738108
10.163460641392618
-24.64169212626915
81.46689522056519
6.308370228909894
-78.45061673504068
21.988115803235786
-87.67160789016674
18.497192173479363
-68.14079183873613
10.250690956675811
38.11542189959977
-18.46692155879532
-68.23265813900068
46.14317462632465
74.87781086985314
59.754578050321896
-33.65782176179491
21.32119477523429
16.4808561743139
-91.02308966206061
-57.36454273577352
73.70592811718404
57.860339849190325
33.995362151040126
39.163154960709136
63.26282831848167
23.722087257581677
-68.43204571212496
-19.222036528625594
12.245533635939793
26.73875922238571
47.74094637574885
74.45934372000329
44.40939955372835
-68.00679265621115
-44.01170048363057
-74.95151261487116
86.99085399679993
68.95558810752692
-38.16334973220472
-61.65388224022055
55.61713279072492
-53.931219753278995
-75.7914928474921
64.22225344240974
-4.8535409618907295
35.53124819684717
50.37781721433814
-20.19048835138679
13.056821582900511
36.12685563108434
43.428424188442506
-91.252935340678
25.086356490480938
71.2339338277223
25.280775476098412
46.37239943344699
-68.26051285319663
-58.937929349441134
68.5488534829409
-64.78053688390841
-54.54687291525826
39.885191350435036
25.72304775543546
-5.56390072154494
7.427563668302284
69.53323816363329
-58.77494216308507
-9.130621685174674
60.03011622818903
41.63922586562455
-86.85089474024186
45.70690442092473
62.64518321330391
-16.47910020387407
18.836816723431497
-20.388269425353812
11.86418233019944
0.1622197843022377
97.32745150868877
-63.51663014564697
40.96763553723392
13.082949556427366
65.08022141577518
63.927701205881505
-13.800932934138885
89.05979510022524
31.035317204904516
57.939963652855084
9.828390946324276
-18.230600203888827
6.509224591996272
-79.38319419481887
-10.606335486782655
