26.63258496097349
77.0340030596848
40.0627215611085
53.96474033573989
68.95320829317214
50.25119112291213
31.45099991237069
3.031282698669102
-85.66322378117069
49.138560255161366
52.516908866411086
33.53997045945192
-26.578560260465963
-55.22752356394132
92.76268520360901
56.07050449672465
94.91858486556771
59.11455683548775
6.281506913378138
-18.73775192385132
-74.04331207757096
39.91999182338395
8.217092848348244
-52.14961450302018
16.733315441447076
-39.56699092602163
-90.57990675372704
22.201159932194287
-40.62762610288257
-18.306544189643986
6.983921737575656
-84.28523305971352
43.64247302040803
45.24255788164436
80.69592256540659
-1.425483978225202
78.07539235490017
46.85981545794084
-78.48473924723135
-85.94525467939253
-67.82107550291144
-91.63599573980261
-80.84763213070359
78.33231303193776
-3.2295881549544703
-34.27507332834503
81.3771719300843
90.49682046003522
-16.145542920811423
-14.522669137123785
-85.6094016066486
-48.82046938684093
-90.76697021192041
-4.524470824847455
64.3736642807591
54.266574239056126
13.703530720944073
-6.629056453239102
76.55102155091373
64.05578223878894
-38.25855966680347
51.62554551159647
81.17583242718649
-30.867005494519304
67.51545917523705
48.34175498470137
68.8478079804797
-67.47030383983326
54.56052554639223
-23.98255431838487
-61.63158911087518
92.84474110493443
-6.4760941256115245
21.620466390538425
-30.465370272718744
-9.052019582416932
-7.190597348481802
2.3064781007271904
93.2352201209832
-77.19193655403598
80.4902808856356
-67.30921320682964
-15.53215329104674
87.12961602923349
78.43504830114895
-34.299998805621556
-49.19791579949335
57.08893760669653
-66.17533687384105
-11.243412447472139
70.13658412564345
97.43228321376921
-72.82530416569624
36.055337191593765
48.102920326947924
75.09392873034537
59.52703158564168
72.34487039251673
88.45480963811909
44.09769828018767
