64.3704472814523
-48.45443311118554
54.11263599044682
-99.77386430968538
-8.445215354972419
-77.04181666691687
-11.475608334984926
-18.423024864739546
70.11395852011023
-91.87944742269298
47.49179055045164
14.47668638410515
26.31128760842718
98.10203034603742
51.25860577209147
40.22930925368914
-79.80939357874988
-59.39102405597288
-96.51379199126858
24.005991938886012
-5.424374205941646
-11.922212930292517
-53.62873653578668
32.42349207832805
36.94274314960444
67.80546564679398
-98.48114918854532
84.28990205794486
-49.222962127093716
-57.14357648214161
-41.63815737050347
-89.46993313636769
89.11190158196706
47.511789716524646
-43.25030617431522
36.60478081175549
49.64474724149187
27.509182201555134
75.89466438412373
20.874465512368047
-19.322154969525258
-63.01315141105053
-5.1471952903134905
72.14355267053395
-74.8602690184239
-18.648102640761934
-19.71399833297582
40.359679396013775
-11.177068481825756
39.83531640620609
65.00074913448341
-72.87598443877494
92.50627973193056
35.97908722394146
-53.79625551617835
-16.81674344921376
16.287332025892056
89.57755251131425
82.01919646493093
20.02572283474025
98.25204470622731
49.40392777784663
90.14216611712504
34.39398140572024
-35.48086909456572
-70.23097884633367
-38.20724415146033
-4.624040757639008
-59.52189038855427
-35.14832795099238
-88.59821816634101
-31.409983706736114
-88.45954624251362
-35.08344203530764
-12.49438735053208
-53.02545051716041
47.78664551585038
-9.540381273921824
96.92440790029738
44.59813098283888
46.24089609159
-20.39287667001986
0.003339079806849554
-25.60357901462558
65.59726769172946
58.17066706099331
-59.222910606210256
-67.06594153735725
-74.15327980117416
-90.82324457591189
21.865607160446515
-31.005600612214494
61.98420450841385
-34.353142399347774
-13.975964798598795
-9.063834941055475
30.080196045154025
92.64825237282761
12.948346951863286
43.30986360810394
