11.71157346762466
91.11368146880102
-62.34870090297788
23.908816815916794
29.606509536511396
-96.55221107041052
96.94090328425588
-29.556990715086812
-41.58948528278763
-67.346271320655
-54.66619686626988
-14.859730072698255
36.308222477068966
93.7499370369433
-36.566765426459604
-32.55874924325177
-40.935120169375374
-30.958391474223077
-51.54215834067557
-62.642774971516666
71.0919058965365
-67.92024900215854
71.37337082695853
5.674090173360753
-27.941207440643836
-12.894825342401077
72.26384337742331
80.42323081272781
41.416348216654114
-66.28972834553917
-41.253032805029676
12.307288996374382
97.45254586379076
65.94546456371006
21.537209083529845
29.671515640421745
-63.62318074376172
-10.82058768982354
-30.206662225812025
77.15550176702791
-5.221219800035598
-40.29147124455257
-77.47288606726124
21.36966588636895
11.34903182561608
0.7955836498918956
-94.87438106285117
4.712066978634709
-19.209460969622853
-61.604518721626825
20.541270500471114
-51.34400261497254
-78.31110717074475
24.312150943113522
-66.85152657756095
90.94029176414224
16.750353444431767
-53.25353480460275
18.96949880555357
62.69015877384936
82.86702783429996
-1.355358694535468
-95.64790638407648
95.05483051714617
-31.849280059650752
-99.03723161422585
-96.46803092520702
41.05595745358596
-49.72430543923609
19.54552134732978
-90.93520498843704
19.339713745327742
24.507049234357225
35.327214995004255
25.29444025930161
-4.065460914866364
59.8345766164646
64.5779939979885
-42.34493989721726
-27.30881269662933
-64.65601060557833
-89.47872691973424
95.7501978380929
-79.4528553321981
-51.94824768968169
-45.436250014471426
64.79844557078061
-29.44176172771708
84.51726381166787
-98.94109701552227
43.44735673303458
-41.57306311608622
25.335269045796792
57.315294984802165
61.34437930048719
56.450189583764285
-86.44398724004951
79.88114138734664
-28.111388922338023
-68.95720991364894
