-9.017822373366073
68.41548686423823
77.789854945868
-8.27837190430887
18.181152607436516
-82.45814567373515
-58.903087653125795
-85.80187432056513
-96.48091935751242
-48.24551956842833
-33.511370122983465
18.07786072961686
61.21307252731697
5.6845557467933645
40.281160574326634
88.83687200952514
55.0164167482709
12.849379288333495
-85.81616535065146
-89.11164083425247
-34.82227929827597
-35.03365510092185
-58.827476980808214
68.03712800470566
-68.10616265246878
57.58625358035019
-43.82076354707822
-53.344088147720846
27.951377408527975
-8.969763652988362
-12.195260839138243
15.053553255765536
73.58607664154138
35.748884048965465
-9.412473577757765
-31.30281118033784
50.260740897676726
-65.2479924772843
40.941805249260995
23.867631361902
88.90520693014892
36.38069987108108
45.28702435149768
-57.972404980357986
64.22845874319037
7.823695051449221
4.580409049065921
6.410038392451156
-32.54392099741128
58.50477064917408
11.644464113377964
-86.05050704292015
-53.27647361317782
92.03868332377414
65.84284936054806
78.61792164990052
-50.68210627036744
1.5202303646006783
97.93590239995908
23.168258692892437
67.8947921599088
-99.0867415703583
72.27149429883923
42.656175287582016
-40.387929701451
-20.889189963766313
2.3155910165223474
-74.95587630941438
47.284690465291646
-71.741289829179
17.57658628164296
-14.376233773844788
60.62062545470988
-19.26729306808896
78.75651452217244
68.60782062665899
-99.02369498879948
56.28211854448736
-63.30510974201986
28.358380027035224
-65.79539020296512
-34.12034894916884
-86.12332015065701
2.4364664733227244
48.00145350602307
97.12882994320285
80.52445464719506
-55.02365903840825
62.70679861681498
50.80448497479168
91.73425596741347
-46.93132752698421
41.197782079631594
-88.16245953426429
-4.398521453237208
-3.2744107443595283
-78.1980776129936
-10.180973037708767
-99.29175321538588
-10.76182501927785
