58.65656772765357
-4.723865306453078
-20.624524753401104
-57.53153389182464
-61.98924302682131
-12.873921880259758
20.979347611021666
-70.27975588574569
-56.27005460347281
34.0192340407753
-74.84939936284032
-93.85252249685065
69.68754133237559
67.9311587420793
72.63255462247923
39.811426528049736
-73.80200145790343
78.72768390276511
-50.216411283374704
24.452407680090715
-66.05731950639522
-38.80590854131265
-19.42943126746428
-39.673668402796025
-51.373245074683325
53.90960834692197
-90.72903269199502
-64.96548022262954
-0.9438513119853127
-17.354216906697786
93.44242281056353
64.29686040755504
27.038623256246666
-84.73599591646017
-82.06742976940708
38.57942452156968
79.72670580979363
-71.21866415316795
-67.77300372965269
35.877695919647124
-77.1676685421973
-22.902932996422365
-50.749204178355
-84.5640026130884
-10.491768489486802
87.07107126657198
64.99778489305288
-79.9095524014617
96.55977470476967
66.5849352396389
57.705954864607435
-1.7268305156842558
73.47815231000016
68.27914203961461
-94.71394902469035
18.556684073032613
-64.58892823791369
12.926732561098802
44.918373100580595
93.147159785188
-71.91607906098284
-63.62682047341679
-61.52118856657827
-59.90338553979424
84.08715794757566
13.04760270862964
-22.13478642100219
-63.18834842132011
40.45229573295492
-28.68708537311069
34.620315629175735
-91.72650403993717
-53.41204357335228
37.103142022933014
19.968183906308568
-90.85827109361355
-58.38229513679962
48.99690629671929
-0.23376006458786946
4.219324900950738
37.31107351676897
9.743165800882394
-88.5585657491452
29.785668492359264
31.730136533258246
-11.599590934267212
-38.3517025294035
-86.54112113591472
-78.32041351459624
76.06342261959333
-69.29346242287284
32.15362230801165
-17.669334867730953
-87.06109043745744
-14.648487772213684
-14.531783760976168
36.961681751119414
45.19853868507073
-58.1362215384362
36.561691073268776
