-8.412024080012557
-93.82242727382153
34.586088321876105
-85.06377705218034
62.438246375177954
4.974946876316324
-78.01577104999751
-85.05463363046167
43.970952771605795
63.681385776860395
-94.88560288725844
41.07062973277982
77.50602208721742
58.623636006413875
-94.88200032063905
83.87902371268692
56.779728860243694
-35.30910508965361
-0.11716837923599144
82.89471640503481
-2.4294179250499752
-32.79971240647066
41.464492350229506
48.11740096979963
77.01952451162387
10.473321014429416
-99.91496545585099
-57.359803934703926
-72.63553297539227
-10.096455221083133
-95.22410562760919
-85.65163159498302
-1.4363052746878822
62.05956457242928
-86.84121762325722
-97.70585290707162
-27.42023080164384
57.428239452163865
-39.717683324567886
-21.144161625064783
-39.7470848093112
48.66706767267465
-63.64555654680362
-89.5689805750335
-61.94546500851577
-76.82984330358435
32.60414537001424
38.845007383557174
34.294102498506646
-36.80086264853295
77.47654034217425
28.150840216097492
66.38555548016836
9.519240228478736
-66.86776814611892
74.17654070141077
18.871397823033377
-12.91285692221966
67.34001155164296
-38.30359272234691
52.10986736286725
43.89081180517206
-81.9895363117839
58.653813859235015
-42.42738292430366
-26.896950565137217
-51.164576196118986
-7.516986938911714
10.313489980392475
-27.135618837685385
65.86698609678302
-36.40506285041067
-4.039900188149076
58.92530178080341
-60.30948393468096
37.93099047204521
19.297581650863265
-56.06717069346039
75.88656894344518
-12.717342136176185
-79.96422836711825
67.2021835798549
-80.41837529660734
-68.95725570476041
10.288683358141967
8.922587083905611
11.201024195503123
35.35043122643478
-5.54739755106462
-30.219531257885407
36.7908349155735
-51.678486849552165
-93.30031044487639
83.37321120429141
-67.77727297793828
99.9084013811217
-95.85674571480631
83.16452316288834
-78.67434657140642
79.25671182080922
