-21.719374429973357
-6.668179335823481
22.29889571834933
-10.398132178884012
56.43056272539681
-57.547667108975716
-7.478778170939179
12.747906854410346
-63.98297653736464
-43.26418368384748
18.389563166925996
44.43735217027867
-17.606893465588286
84.721039403428
-52.93262344803094
5.7176990828848915
44.46187266605358
78.21838811648615
-35.19976172649355
-44.524412119604165
-24.234897319061616
-29.629470546386315
36.79231235265479
10.592791559772351
11.027890719159572
-17.930766295680712
-94.02534742866537
42.97662319419416
67.59936840824358
-26.146004772090407
91.51514637545631
-87.49042671843713
-83.7790168318353
-79.01723093085027
-8.966658623461882
-14.06369673568824
-72.90135069940831
-38.85551023415841
-37.07900848723189
8.767329349827094
85.75093798278928
40.6096909789469
69.66308695966367
-59.75193199530822
42.99579837442758
-99.61075558890013
-7.186363379450469
4.156364145693956
17.254055286661682
-5.758623365499133
-60.35006638228497
-89.2644519375811
41.43477813574174
64.57279233694044
26.840536442836864
90.71581729238977
19.694341960556216
-15.334175311536796
75.39498879702361
34.7405942360345
-13.392762550189559
93.82614642477884
17.228050066049533
-99.93280897205767
13.137755890591635
-68.43818949695373
93.56788532401322
51.350394264297165
44.788944264829496
-77.20112959071379
96.8495490935897
93.22974300527937
-58.160789056995334
3.6095242168713924
5.730841934136606
-34.35753961186039
-89.36474278828992
-71.95393928272992
-42.024556159705284
-26.762463465434408
34.212045963609796
50.03259459694391
71.19996360730121
-10.481538856233016
6.321113109653837
14.058019503685927
-42.714652800329866
71.09975554351979
-58.17894099711274
93.52985694583319
17.03298165334965
-29.557764920700464
-38.21775155855931
-26.212026213952285
-6.36128675902836
-35.490396732344394
-43.72379618354305
95.63248448102115
33.66289364324447
51.255295472388184
