-7.7715925061252875
-8.339238790520184
67.62532528346506
22.434458206345738
-35.19607958540037
75.21517367996879
23.315721465017347
62.02920270157688
2.369079449891103
-82.78079137901875
-79.19875050988041
-78.70066766227346
60.829882203108156
-54.05441118730978
97.01004228928531
-94.99937516207035
83.24303974618314
-85.48220544594523
46.12277037446054
30.692287056612543
-45.18564962013421
-97.46023780368157
2.0277443230056917
97.31357208475941
43.57271668041801
48.88384387053827
20.70699269059331
37.841006303095185
-86.21584291984132
-93.40866137703496
-19.187542906695526
62.13329527894504
-27.582237682864758
91.76844696308103
38.874922847094496
10.22758530334933
59.56389034927872
-0.6057821233083303
-98.6332283754323
-4.85645687005443
-47.30454264800219
5.626148410789938
-51.655276210038714
-63.53616837106917
61.67702745583833
-7.483279529117226
36.971545340467685
-15.478249740940782
49.63712106367748
-66.17435970626565
-80.54737318343612
92.67627372245894
-40.17347739870809
-28.736560060917228
14.221087684268014
-9.336333146970802
1.7747359117158368
19.367816980717095
-46.61228707254881
65.58805920915418
-63.22558993948111
-28.77621309004681
23.30198360443046
-44.77917613109048
-24.33942161207321
43.57802195648824
99.52504252865225
-66.8317263724476
37.52594968285834
-32.02088139191849
-28.701681212973412
-3.7373888785804183
-49.93347055311681
39.77194011694701
32.75031860215759
47.27855719154718
-1.4270261571691378
-41.25439331249865
-93.64332005673475
-39.81632885915385
-2.899194375036444
-45.772229709844424
55.90899212530968
40.37917771897716
-4.843272938601601
-25.644145573910777
-69.24019175906685
-8.351240839791359
52.89479540163936
6.520802015292077
-93.47486817231345
-99.97898358170605
80.15133098397072
-5.487875708799635
74.2987746511887
97.81084925226966
-41.41936458183106
80.43571241664267
49.62658307280171
61.47901686858762
