-36.96179369152244
42.970364491626555
6.106349407087848
-61.17870716180034
74.3416554123425
-90.45956312246217
-67.66358504667609
78.05854561243626
-78.28364318504177
-61.35116065329991
18.082317360126822
81.29199885385404
-16.712127064295686
40.843723839853055
71.95784314478658
-42.95462295768666
-75.42925946913708
29.103484256715973
36.328572341080076
6.570731999193384
-35.94374220409216
8.03366064584094
57.63922161730429
-90.50134656686208
-44.17637667662837
40.04440975383142
-96.03950300074764
44.148380517890246
62.03746329279667
10.207075400096159
35.06609903202818
-86.02237615569742
-46.925950128208996
15.831014189293356
-0.08343349439327596
-69.04718203393898
-41.835944584796536
-26.802455923855902
15.386542103909079
-50.26388609203845
90.25973972050366
-64.33168482981336
36.13244261439601
-19.319088142216145
28.013176802082427
69.64659641488737
97.42467534901826
-46.03123657784811
-66.44120861357592
77.58598078644786
-29.405798815883543
26.49479879262455
34.16710332601821
84.8385808371234
89.51479365624894
-95.17718745472709
32.5199188497655
-71.70771862283507
-27.166551902736714
-45.2676520271019
32.99519363889411
-88.50483383761
45.45124073111012
-0.44483477085518075
-70.48887872962746
50.9155111450234
-3.7625095144368004
99.55456152477043
-26.446929106650586
44.86498293893294
82.94698068640344
89.41746595857859
-49.99578470704948
-66.76518857966964
11.161848286673901
-12.075481520649078
34.06817557318166
-62.0930464212506
6.690153765447775
93.24618484055028
-88.15727527217055
25.88952290379771
82.91558696484563
93.65158563026279
-78.33507976906915
17.711875453418656
90.22612263137083
-35.40271677326068
73.54948690335002
-77.744901841998
84.78347763349333
-91.44245699382128
10.966755897823163
-58.977784941327684
-26.391384713146905
-36.61018307544677
-87.47402521090713
69.51650508525887
-37.309820980001554
-81.89663421866351
