60.1671191122181
-96.03284376773777
-56.88766814031765
-92.2087000554407
-1.3812482634963033
50.83832198686619
33.304961938275625
-15.65905847973579
-29.778308142626628
-51.05982840202372
3.6007289396160758
59.221346459521186
39.141229813196844
-97.86808831846474
1.6743713481417046
49.266482713714026
-11.525128970042005
-88.1797705009244
8.077271235580085
21.22733698328139
-58.889152286854475
-82.93734136352988
41.82085681969704
-89.68699540566305
-13.772149949856399
-88.31729469751758
-51.41329531006242
22.25164041110355
57.6571498400952
57.92841684236819
94.33817109741395
82.1766770692796
-75.96333814438508
1.6375089863508236
-42.980398431706426
4.660128443544636
-11.63560929467036
-51.43166121538736
93.15725811469656
-31.53563031815176
97.24673527184996
-82.02380255919073
31.00606713826292
32.18381503671827
4.336903268622464
6.594080781354222
-39.1331664054666
81.58415848079014
91.31585494619344
79.16965853085512
-6.038221070130234
-85.21986439590006
-2.9550372642767115
-25.788680373119433
-7.465388874814366
27.121143966412802
68.67164542155413
-42.424255320908074
-13.20373329569999
21.20320558826154
-87.24434844570786
-42.96400772568436
-45.645635215266324
-27.063149004567876
-49.68872099664201
-77.96425246249026
96.59061221312314
72.61276047911431
-69.52524249672658
-79.31241888868863
-1.5676152552962463
44.492176513114856
-18.516242985660327
-38.56584471269362
21.50121444810486
-55.384027757367704
26.408509934378557
11.783623202017466
-52.33640111449349
41.98125541783685
91.31651259262793
0.8367575563032972
-27.120893650585614
-26.91296044726252
-8.866211036278187
-6.46550611351087
-24.137284822993664
-90.08752981268916
-38.162261749510385
29.01352929365052
76.17550609019335
-74.04501435093974
34.35315017652414
35.98922585554578
97.54728813283776
23.952104948261763
74.53787076113179
-16.205049397336737
73.68297220450643
-43.479832940842385
