41.688684569215184
-80.2356169620865
-17.27106026421636
-25.10446719896926
17.651224094795197
33.41115008734462
24.5909082356019
-95.49799295690416
98.62479683070939
-41.36660020619867
21.63324939973863
27.89594593873889
-23.02785892604848
35.91351575547003
-99.43289495259269
99.92777005684971
83.98388568762081
-27.3655456058262
-25.723074022817755
73.12628730290893
-74.88649904554867
82.64098446865273
-48.64251598246836
94.87037619868846
-86.52584322020958
4.32383570166148
17.669211735524
-28.089554807088817
37.513047331679445
-22.91954024376122
-57.99592732037597
-30.83568986835661
-63.72043925976414
58.674070508605695
1.7110414158944138
-79.37461252002889
-78.1776308680908
98.25348108223469
-43.60739788105714
-43.47129989464547
35.3699444815947
2.4283467786317487
-82.37833974369238
20.38176724657042
2.0540416358566063
89.41885531934105
29.262202245082648
78.2332078278105
73.26153314677683
-9.246411428741808
4.52251318754486
95.09562349364296
-41.82417746133071
-41.8799499607526
37.96863238255733
93.13849987945267
-61.375488363414085
43.92569569612442
18.56200861398709
-88.16935764737326
-25.453666014155502
84.64353528201437
45.37842107164249
21.218468539729727
-17.704686170135957
-70.62520939851086
-3.977571542450491
-74.96059170082256
-18.081107425975972
82.32978466523684
82.4274355697022
28.604041001874094
71.48002490389916
-30.522046714364848
96.79375231997648
-79.41123611280672
32.69339260263388
9.308999953201308
-87.93331216329348
-41.655005650446995
65.61142882433447
59.02584393447546
2.192159897706432
77.30677255696855
-55.726401902672706
60.75417772043443
31.36275699434708
-47.83542280303037
50.325813716949426
-34.92041596007968
52.754553471719646
-74.5680764841381
-39.191832474616064
33.234689214496626
36.14236338474069
-33.97190828453279
-32.04173052312291
-2.6515048135929504
-39.37857472983439
67.98152938677217
