-68.2277613914612
68.17597034706245
-69.84423908638362
7.533960440279515
-9.158360687381446
92.29107419556229
-85.16291661068402
24.88512244794137
5.5227365069106895
98.04015239820771
38.99670658205042
15.73691450468992
22.52728516754594
51.52809557742785
-56.17582168317712
1.322433113703127
17.275546947418945
-2.826967355957862
-93.42194516800704
-75.55076658298343
-5.190131746860544
58.4547175143463
-51.21874601798459
-40.04178746573921
-70.48191022573215
0.9966969475056118
79.85147877196664
41.536417990171884
43.94627192870638
50.03053831594434
16.8745630122461
-54.17026951607578
-13.23378713396373
4.34263937755226
64.54980571172456
3.396631480747587
21.224911339530465
-12.809677962463638
-70.82323292380988
-5.675215989829724
54.408787495403544
-37.30391428548929
-8.530922491326052
-82.12337891556129
-48.39137531795068
22.100240208590918
32.51071736129262
-1.3039086202086594
95.98810927289847
-25.921450330265998
-73.2103297747546
89.51902679915034
-17.561448268621177
-79.04108752796736
71.55179123843385
59.58088827151019
-19.666185787706667
67.98287915752658
-65.06550715228978
-39.48502887382303
-11.056358773054058
23.509572508762446
15.799529193265457
26.892437696992573
7.722039541172904
28.436077945837752
24.607793062985976
81.11048155020111
-49.07800193404543
-75.9982667924541
-23.083364867109296
18.98220105108817
81.10439634864858
3.2950632244823623
26.237366108635968
-11.613794790683627
11.241814440849566
-94.39928461499267
47.58432735125007
-77.52896567300715
-30.45153939055014
-70.99499062039112
77.00903986259331
58.89239704019246
-71.03761757635034
74.4174963919335
13.143299935483284
25.974934979024653
-14.829555207481064
60.12826819459855
-50.10778668890048
34.48800509101869
17.29171207594078
63.43453592414471
-5.702514818890833
27.91442437969549
-89.3883181563415
89.22352736488094
-12.979712865270159
-41.37481985147442
