58.115102677227384
-52.45363598710482
-4.092052842609803
-41.6837078868961
50.752485398458816
-87.90679992614503
-30.926831859246136
-87.07477782371953
94.78976395478892
-95.59940282070478
86.14835067053824
65.77881231026893
-33.34142515660312
82.4726302433678
-59.227851848430916
-88.96599277416357
61.95233581952428
-69.8472903312329
11.425179417593029
90.78220593895014
-71.54330228517884
-54.15861033018856
-15.290298615713112
0.5762883633560563
-3.9480638058067825
86.73937216683939
81.75117376555431
43.07430950024616
-53.8754263067623
-16.541135309737868
18.824017595502312
-69.7291241201743
-70.27627897919442
-72.21346767983614
-0.4877829731622825
-22.519176849555663
-58.45673793408914
37.19701578639928
36.05663009443677
-24.361877692656947
6.564631441844071
31.323978983190727
33.76255414023947
23.020315229051974
37.28571312085734
-81.67727083024774
-77.51920936777526
-21.80606718118274
15.787983688535206
-64.20095209402707
77.37998086764469
-94.01892104257037
-49.50870617984479
56.7034327321127
82.0222050844855
-7.945327305975809
4.912643174943753
74.81798221048646
-25.42557284152214
-91.9148359302393
3.5358934765307595
-90.19798622572767
-72.41777073574538
55.34651943648987
50.173987127781714
-31.34553648723572
-38.836905847431716
-22.065744900704914
-72.80076132545884
59.46066221888921
95.67104608492357
-58.00988053079554
86.21975546793769
68.72111268513973
-13.195408555927713
16.571177494780784
-1.2866580413369633
78.96790679479739
-58.28855215739039
29.84265710790345
-42.388109654832085
-1.4759664616976096
-98.14574654477681
-49.53021023941684
21.95053204404718
-76.18267131786402
-37.34284223322295
56.03758727565253
-50.93638400415201
54.95118252902455
39.10372815036126
-28.63929108384741
-36.36910795083155
-97.99902510418632
43.371677682072715
12.861300897808576
-41.01364143892425
-11.562330279280303
78.50214006957077
-38.329114351021246
