-38.105792409454445
-34.38288455033789
99.15170474133566
76.18744545981494
-83.61657216322325
-26.236509505485415
43.79966974582433
5.270246723488967
71.36932320034356
62.10118587228854
78.38627103437906
-61.29775693703052
63.34926358049219
-66.39120329676373
-99.75919369201569
-60.28674171198747
44.58436623808683
99.26881236067601
33.75832828158343
76.02952991224637
-4.403849128023296
86.76060762052009
46.404430860420575
-55.18175621137467
28.61890284026532
-85.4946768915943
-88.53175908445567
-25.264037013987092
-42.67880450887991
4.202616298887008
16.88624039289897
54.351619143911535
88.86341655961218
55.832300656479134
-5.144549642986206
79.94317255089464
99.04861123181237
65.24261491954141
96.03008351868033
94.0699672938359
57.10697548859852
55.37992258683704
66.23883957608405
15.542546225713096
66.65637766262606
66.81303514915751
28.551036277061712
50.912488511815866
70.77899317926742
7.840143430893832
46.70047821927622
-98.92767050118307
-96.73447205926107
10.935808586061086
-49.9517813737411
79.26307290138519
-9.161750914752531
-98.52608133962002
-29.209440857810904
80.26644089647135
18.882884620438205
76.51867298406484
-55.5625476115146
52.21382615637381
92.35881360276852
-16.44623578905764
-75.38805201427338
-73.34522138275221
72.15985032850512
81.03009203201336
42.31076084250293
39.48119021455392
35.36002456936154
9.287076790393527
-6.988348884074298
-30.653189878712254
-8.99788908087045
4.467446465776831
16.486329683352935
85.27403883223718
-6.840445419713603
29.443684665192336
-81.13927242138415
5.573749541724823
-50.92790897634796
81.56392149163162
-45.21060789534906
81.38593975920517
-82.54036335194172
65.32253378753953
87.79052857168392
23.981497391548515
-3.2272001396543146
76.84059886820526
40.39234857461605
53.055075189866926
74.76017921963805
41.75239639641927
-4.569935035128765
-84.7588758386657
