12.747435879068519
-3.476262307178388
-68.63536182846576
38.04964855947921
38.91650726743674
-39.41916523317177
20.55215657258165
96.30208313260371
-93.53708404544703
-4.563119830908519
58.64527545816762
-69.95195443347903
-43.776209331109975
2.53639738227416
31.8834240195242
-53.53056297551759
37.63604364293985
-50.26076360990337
34.47726494836846
-68.26902960616772
83.48616736989479
-78.55161102020594
-15.348136658141186
-54.42836193488168
45.23995825008541
90.48944086928853
-37.24539740722788
93.70617196833598
55.897755818246594
-47.54751989426882
0.5335675067573646
34.45329063422892
-19.09652045889463
93.81138359436284
23.09804798715686
-91.79816632613178
-20.74178911823124
79.82858390839948
88.82488883526474
-0.640724242206602
17.033848511781358
54.30960561113787
24.36883887375143
-45.424843682380335
-65.53462309649129
19.450598527580198
-33.17109695428971
-26.448600149987627
41.638786446107616
95.05688838258251
-82.9467455976073
92.58041413737936
-23.063622778455567
-70.06495116770887
-74.14604144872625
-89.2347513081267
81.53630199073453
-29.421217953403527
-28.744469347576057
-45.86745923643267
22.14931615314019
47.57501821077551
46.50026196985334
89.59277283867263
84.74877017818724
-6.4217857311004
18.16587238037208
-4.353615096825152
-28.444081168529294
-41.13412239914418
-49.19935351654481
-82.62209008691437
99.6542052572164
76.98772432963074
-23.350069720243667
-15.607225950463402
79.61823236691538
-12.18164620571251
73.69528836383716
-45.284151521599014
-71.42867929539918
-72.38841894374694
-80.38636898119569
-7.625527416651153
74.46372670601548
9.085411910640644
39.38203965674583
31.15743855372449
23.797434431545554
91.96654763177003
13.195046148420857
51.67620302912533
-23.27545200917504
46.15565438013422
99.69084265088884
67.50387689763835
72.5940977383396
9.261530094571242
45.27252180200264
49.82311912400775
