43.37393825830827
-6.353020231153465
-65.47524725154021
23.68088163951785
-28.272213565679678
74.80167824963456
13.89639028581972
11.13543269097201
86.30053947846699
6.589260755880815
71.68450040116593
-17.658804032011233
-92.8230386727486
-71.0410313984267
63.743573155522654
-69.98884396417269
62.695942521834354
59.85162171761226
95.27118399384798
36.26041794500446
-40.303849000578
60.95224975008847
-8.467168787479267
-59.62717422932666
-8.532203338947085
-43.611742171899024
87.64427610359144
-78.97150469308703
-33.980661584362366
45.743154111600575
-71.49960865344497
-49.59283834654771
14.696237991436334
-93.26842094386822
66.1872859420275
33.77270452228086
-78.94987258021253
58.116490085745454
-46.31192341403907
15.338657789796201
25.664259223434655
-75.57480052639083
-30.42669526519913
-51.536651830770744
2.0784206372606064
-81.65233715561953
-11.683478737449434
-65.7573417909148
83.65423374143055
-89.92459469499023
-78.44336448885008
-64.72492336855693
44.026305342533476
-41.3982666321564
-17.396888809509477
83.00905174330666
-85.4912746945645
-46.66899860783238
78.41636233586505
13.926635167647675
-95.95754340463112
7.996862524698358
59.791959712649884
-19.77893615478952
7.301822537456545
-93.71181136305789
-53.54286423030157
-82.80211312584977
-70.30423722225282
64.87120959920932
11.922146705877097
-46.261128382253204
-42.837671556742386
37.78567887647796
14.05505322007265
-88.21056013164421
44.16928580277718
65.87237509937626
95.5723037177259
59.66800938574431
42.77446034990879
-86.02664054160618
2.697357404991635
28.57429623712784
38.78030210161677
50.88031076103448
94.56915647440178
79.30461216522991
-5.6347002606641325
-53.06964975226454
-38.63752786953383
-29.2283776821737
-98.23885076252165
32.13844711517791
99.89021875543486
-31.844655019418028
21.0655718911471
-31.930251764997692
-66.34896353745283
47.750082200689604
