93.54661594808732
18.941496417658925
-22.270145712951802
-46.405553941737665
-53.3163557381078
36.240564703751005
74.55963102981173
-44.873987726489936
-23.311752367095124
33.75042506126488
-14.64663253256326
46.37920911332472
54.10006700132169
-2.405840490098001
-17.548606974951724
37.56453042941237
40.82515650386739
9.363169906964487
24.376229888862966
65.9219297586661
-76.7724501448736
-20.509639723530555
-1.0888076982752182
99.99594750668925
73.11172252363377
2.164955860162749
32.20718980508036
28.335873844662785
24.42189458576445
-15.340183153138227
-27.991603884091703
6.043937019283902
29.120735818835072
31.195810541141867
-31.70952683795963
74.15105379411747
-66.03955235545465
52.940588369020304
26.934728036711306
-37.82826861984343
-44.820093789405476
-25.831532823657554
21.370817562747277
-69.4898900519712
-62.59457483445809
-44.89480669185906
77.89315258531457
98.39241067000467
94.68592036175357
37.93094861016607
83.56341924166168
-17.327090740650135
67.69469338654628
-88.00446464491145
34.29338772834484
-19.399982605026736
-87.66387426408463
-2.9087765802418915
-60.1245625798251
-8.230880271135078
25.355422637387704
26.033710271419963
-72.51765628845872
48.90205974098072
99.435658183327
-19.81497913094745
-35.09248658790585
77.36180820143994
84.7557813837588
-90.11006092001057
-77.53354989962544
-32.95269159411356
-16.297692766309353
-87.61771876567408
-60.1509997960793
32.630801019400025
73.20005361355513
58.545581967822756
34.36207040850067
92.87081891763921
36.49903393889821
-66.32583521118103
-33.662400417410666
-96.52971165866981
-51.82539421098695
52.713800985290675
-39.417433329461545
33.19054091074818
39.10519298408184
51.993244382535266
66.75384928652184
85.88276386907901
30.75285592013728
-0.2979039240739354
-4.33941012377808
82.65160426205921
50.37808833516337
-53.71135192262013
-0.10135720982647456
48.836005444829766
