-29.96864918440339
-26.23205377507452
90.86226334756697
63.17391827070651
-45.38951406779566
-53.3596588114998
63.92643634269996
34.463180691834594
-6.459666880618258
80.8947272199351
-85.79543977933035
66.25248298795924
-60.084559970122584
93.35209823627889
55.13454734961101
69.36416860589597
86.94008881139854
-82.65639129584832
-31.907680469436656
-69.90991463177852
49.26094309261114
-0.5741326871130212
19.007608117854062
-14.629381270636927
-56.00597326442349
23.39288711986633
79.29709159005043
-99.20627098157671
-54.029483305104065
-1.1990100833210846
45.963411132328304
52.61777675424483
-95.59443885353687
92.5807679295088
81.79997774923643
-85.43059757675644
-35.077255353803864
71.93351472222514
-0.06529593611108453
-88.76983069339306
-4.232014369766588
78.52625299588871
-73.81350081765355
-64.61713509783529
84.64900905267905
38.47969198830171
41.562172724097564
-53.02494950098902
-26.66723853919038
29.511736179812317
-58.794625609661225
58.19904122240584
-98.76296840733778
81.0789273636884
-76.65788670483332
-76.18127613019412
-65.99370193973564
-14.533428321642987
-0.35944107031546935
17.407882882189014
-51.0044371883309
65.3835094442276
58.466413096096716
-19.441444404497403
-31.464342914700637
60.86520567632567
-57.1033125029724
-97.49350847639178
3.7178883695131617
35.468216131465965
-49.53603932817745
-33.89362616499794
3.9855987076017954
-44.09784354624713
70.31056319534972
-98.00346673853282
79.9385282994673
60.6773683253424
73.70304463674114
37.42578928568949
52.50128019037234
-27.83183492096761
-73.88967540608618
-65.95759630509627
85.26757712035874
5.444008285881409
18.14727363348942
-49.41345042761029
-38.15200962823759
-0.34386168884468304
-29.622713557641717
92.09848566159891
-3.4567802585604426
39.43536872014539
-59.26355133748022
36.94835353693014
41.87519316915515
-87.82788128677686
-73.1205729809612
-25.73893517930965
