99.66322822329286
69.06374358489487
61.66882512137613
99.14776741915446
-42.93238421760963
-20.492028027025015
-14.172521017781591
3.6674305106947855
22.087820000967824
-95.02624975880913
27.846383179698947
-98.34331862167305
-54.81385500748899
-45.29031077045771
83.75112992114083
-40.97838563706064
74.2810431641469
-91.72155201102785
13.5016369948586
-86.7202257909205
68.91806758334619
-12.899053938753596
93.37874341727371
-91.31152778092655
-59.88287444678446
17.173146789805173
-87.61298889218749
-32.82736643172434
-52.90464094994582
-32.859830471037625
9.656760798112373
-22.896124347994288
-57.62798164916128
-82.30674981119348
-37.36511394739399
38.62096536007658
-45.64707216927666
29.1946795710856
-85.33403708271827
-94.61870346779739
1.7108251408517248
48.10125456594156
94.8965358500121
50.289126307216605
-21.41775852153505
-46.02233033488397
15.431175470572555
-22.59162220675333
63.6866460488111
81.87813777764774
-76.25193883056514
-18.876514691529863
21.9234539694569
99.89327875844737
54.835468066298944
71.78457577915697
24.78362716182916
67.82914516332116
30.324533632453893
-46.42519076839407
11.723941035262214
40.8128509734795
-64.92192382882237
-46.65778075670512
-46.78699723495019
25.851699022577407
29.552144231308944
30.67345299209245
-15.342240776487003
-79.46339886170242
-23.78061062546783
34.68689000243131
-46.20869530090761
23.747389685317486
-22.12024906379186
72.06242111205586
-87.61697372457569
46.19056876220796
-89.68465281644329
-68.19396654234077
-86.24038557714454
-76.32036047146266
-46.17216378605502
-84.49482623691749
2.0523353608545136
74.54752729391734
42.33890293130534
-61.760322054148254
-22.84331019776576
12.606308391708424
12.21064485211214
49.80709748168891
4.208169669774136
85.78050855640913
86.61023351297581
-45.4553293907245
78.69551174677329
71.42481391841591
-72.95105522923927
-94.67546824169443
