77.00714421658728
-81.40452981996704
31.332100949021566
-3.4089366353506847
-0.47732261693921885
-93.13957439126379
31.69464256778815
13.93136366402554
-46.56473123686757
-87.27716890385729
11.571036285021592
-65.24202728106351
10.599969454267352
-56.70759196900508
22.09840402613976
55.723231137827014
3.621029854967702
-74.68222017618882
-86.86745559979238
96.20494976304795
-7.137081417380159
-94.07881353479783
-2.4687192372748115
-88.80235284499516
43.622302238479534
-85.81107667660012
-10.966936703876144
19.154202616444095
1.2002642159046246
85.56705921106678
79.50836770138909
46.452583174059896
49.98114257502482
49.83936457753887
-19.24458242235812
-73.93269842667502
-39.56190800957631
71.93843312292222
-60.79892139885597
-27.406930015057142
-15.922234231203731
-21.830607601292712
45.82460898904455
-27.13138491315425
73.11010701780197
-31.799566097863277
-94.95404268788108
58.39856126712809
-65.97982118912098
4.856664303634204
53.11930170027844
79.00373784319655
-82.88115300900422
43.750845572139184
86.30141987575553
61.81894496184208
99.66403284567735
69.33674579632188
-53.309395537208395
43.35292859360544
55.127543538785545
-92.86433730567522
54.347416397677165
33.74066924210143
-2.181449107051094
-43.58560580099664
70.13488682627394
8.10114443154913
14.669544392336348
93.8673236735628
-11.358063749002568
-72.5209816453376
30.976008274356303
-38.52315862975939
16.589959324742637
-73.72537917692723
87.09936096601078
67.39419116171891
3.737366556706263
-24.86603901991495
35.77388619871303
-13.688379225787656
-82.24350850753272
61.794311999749226
-26.80386716118221
26.306507009572528
96.6722418854842
-75.08739437861816
-31.056661260133637
-25.981564930863186
55.36853931802676
-30.336083805182597
43.1779461366894
-74.56320253676353
-81.5561572489466
-20.826994970674832
-13.906730386269928
11.053022873899579
94.99661593917196
-90.34586503835374
