66.0811062928669
-7.14752979087929
-14.995016477815
24.522848601468098
21.614363942387158
-95.50422864900077
54.481030338950774
98.88981664060654
-64.08212017948256
-35.479410518741844
88.04735486032692
39.01380279115821
-17.648248317584375
-81.27655535406215
93.61555610957663
-84.17200601647583
-70.39451265981846
42.184395088468904
57.41467761235407
-64.17503989439427
99.19875899879747
29.957225210877027
2.7898899835989965
41.53990165076894
76.81272030703724
45.48672056482482
-53.476704619420865
28.756088492649894
-12.05910261149154
76.48826883351029
-17.091215510728787
-55.16649011499555
-85.46990102571692
82.49521572255688
78.0147466575961
-7.772892204644634
5.96376908750824
45.87056030293317
88.23130955830999
41.40732656547067
24.862489728263967
88.03141963350336
-74.26134738324437
-88.09078184449028
26.646048433308025
-33.106849043825875
43.77239782438329
79.02618122566187
-71.27337574231929
-52.49796081468556
-85.31598568615036
79.96281779807723
-38.4793117787622
-55.41028254443159
-2.9563839957568234
-70.79521504662884
39.34718411011238
29.45003188059968
36.64459727570616
-30.084267990644804
-15.369242153863908
84.58617970070009
-89.22624055856
29.632246417270437
62.415552719079585
83.2064195835924
-38.37633962441076
33.348929538749275
33.78793769328544
-74.80670936791505
35.64308040709031
-21.04768440582427
-87.87716866561858
-63.39097198921604
-82.0729110972774
-17.482337265754566
24.387060415995492
28.381296536757702
29.809993392819194
8.43838028582364
85.7935881198041
-77.18082954746757
19.428863182114526
-33.3689882414745
-47.412532407951666
27.501334308011337
-68.46616397224822
-37.08174223224976
-39.998873346456996
38.080437440467335
80.48104305541369
53.261687782924355
49.76363479622273
-33.27910917195828
-76.78127577121477
40.72915832395191
-76.92503329733242
62.054801642003866
-95.3562349716036
64.70711456598698
