17.165442776247943
95.4760126439167
25.91089220728739
-18.36255615323985
99.24316649917512
-96.41063633247673
-31.837630533296462
-65.02566862427466
8.066683031418492
-37.16023056811615
-11.286524623513117
-11.389495590139973
46.23184229444419
-56.110778220064475
-42.827608918026996
-84.80785233248172
-40.84369635484628
-17.395841808701306
81.55359521921545
88.47175594241651
6.944015410396105
27.296930832157628
-19.570234095947
-93.52485244688134
71.24036966439456
-31.71117001493981
-21.97313262054601
34.77154981040562
-44.9835508778446
93.36777107161771
-65.54705322190011
-69.18187191391883
-13.859040887427739
9.958333991142922
-45.74786143528582
20.20380268371744
45.795676975183085
-17.133532990968632
-4.248099001409855
6.946881363618786
76.83541026424254
-73.72410466829797
-17.680817168530666
-16.942379689822545
64.57628369809072
-45.79861160869236
-71.6780009402365
2.7683132445071266
61.25326445346877
-53.45627413281684
-50.19751646302504
33.63649563381432
-71.31258168574382
-38.4961155879606
48.21918363299332
-49.08344642226694
85.33923027182325
55.662777410399144
-77.00836306681727
-0.08304987877274073
5.250772954313462
39.9650542303076
67.58800598673466
-13.596773972822902
26.66933067031077
-34.68465159309832
-11.705430672569236
76.51634311059715
-72.71809095812165
-40.910605486218834
94.86190438723966
4.219212764153866
-4.350781043945233
-49.642519205984456
33.28459737118709
-41.82075403826604
69.73252044181291
51.14337084579182
70.66111937394632
4.286392388378374
32.3720475967246
-19.98881390061385
-96.12292750481069
83.29012578117647
-8.61131088611198
-61.9349983626295
-46.137317965906654
-26.094962777509267
-98.34816905769867
31.754103266448794
86.94233398391859
-51.54588787307033
-22.800215670744308
35.700136217112885
-39.61926657264683
-69.87279945735617
48.03256951839316
-90.39991736250413
-84.39011020212068
92.11151689218224
