96.13120827035348
10.551372710392542
-2.9573409913080866
-14.253480101289952
-7.813193250565462
22.200705788946465
-0.20716078721211773
-71.96549626718438
82.17810560193436
-22.413562487778236
-60.5508354858314
10.71775395670953
-21.18064187586903
20.47104492711223
-46.152729897545484
15.144878056719733
56.547946502127076
-41.059444364713094
83.99386265552158
-45.4357892522816
-23.60437238504059
-12.058389042845263
-70.6102558106209
-21.700051382313745
13.026449607920426
79.39582042628993
-84.89093928671865
-82.47102769879437
-85.1377666790037
99.27935068672437
65.27034636077622
29.45911831447384
-77.70631469338743
65.94848575598297
36.439168970300074
87.68736541296875
-54.18885977474164
10.02830625794391
72.2054752340162
-64.03739391179057
49.79729481637008
-42.448364857888144
5.025124112290683
-35.79126997757125
-98.0260101402716
60.540857585532166
-10.657901789231559
16.852632052820013
-86.85436594411331
-65.44170835054169
93.04797225414944
33.68971829457783
-39.40044905941451
-24.023976286491802
2.8855837169996477
27.302456793013747
-30.908788032937224
-71.29136337437939
-3.7752819183862982
13.774836612136568
58.88584162205973
53.80100661004238
82.38815634315915
15.664468124779859
59.51663891243581
1.9837983965130093
-54.31716585713251
48.47058815853137
84.62323357834666
4.973696502954965
-34.86331671379324
-18.50326485962934
92.28648113709573
60.125217034654526
9.662664157692063
-29.02456304523669
12.988509692733857
7.17324267360533
-84.53835522095872
-32.370634581795656
-53.270388807053905
26.089237201814086
43.82951587310231
4.642368169252478
63.66512643316213
-58.35761896868188
-99.25486784497973
78.2533712828942
31.786390986940205
52.94790953334169
-47.094942068629386
20.11705718458019
94.14590131664394
-9.204304256593758
-81.28701730063084
-51.159417426406705
57.277418388750306
18.678967147608702
59.34207412037327
-38.65017525365766
