88.13345724814673
-22.651035151446266
98.23360199561807
-18.249861132816548
-22.290793779426977
21.16248332560346
35.229234592211185
-42.78622418435041
-43.532348595736714
13.092972733938097
-4.080319590366116
-91.15130324995569
49.576747792775194
-68.2343252645989
70.9041390014923
-55.37514780873867
66.01224908150886
-33.325386065723194
1.3042195003187373
90.73055387180358
31.773138510561836
-27.15641157290851
78.90813467001772
-84.99641548537937
27.80230549840654
43.90751829384686
52.975563707500754
-41.24232455079859
16.735840161964205
72.21238040082213
-64.2519209824066
-15.336793892311704
-73.41053336652456
8.570287799250309
-28.072451571201597
-53.846262009888044
-94.71922271036848
32.43511065030404
64.27105129983605
3.585994090916529
32.61468711074721
-40.61785779142384
43.33238606911104
21.649702876258402
-28.067172631384523
82.83377518150255
60.75352065319365
69.46891774475014
54.83731518268297
-18.24953487559395
2.4524263190767357
51.706061551858966
-12.893676090676792
15.941959619157615
76.91274674827125
96.87067833984366
-19.701646711822747
-69.04079837681584
3.0908840823719856
-86.70239074547158
-30.496507425873418
90.98871590343163
-27.169147536204747
-65.8001860557289
-91.05420264994967
-91.83908124969405
71.72576211978335
8.972944193161993
21.876588538042924
-98.44941371160579
64.93903479891023
38.70902076497447
87.88632415796027
-28.79279026316
-42.01342575198106
-92.66343648986361
-44.29564239509429
55.28232691385762
68.47613788505987
-89.98191125372847
-13.823575181271465
95.86925677948176
52.78922699207379
-35.75202327878773
-38.706746805228406
-10.90747342578426
-58.03319522381693
56.27976631880958
-48.55518381251147
95.34596114015775
73.41161384748332
-64.65467181339042
-14.108817406745715
61.32514105559832
-45.2688033511258
35.68094097711375
23.922922832249952
60.512896312984054
99.09964770671613
-58.67479703143814
