-9.884535707179424
-66.65675097259485
62.9296872614803
75.90114275587692
-93.47032705212912
70.88080442935697
13.613492119844366
-9.773716087788415
-35.3912097768784
-72.00668089853895
-68.6099598933788
-33.61463981503681
-78.23763007162879
-3.8494604601143436
82.51610894631159
-50.8903124173256
57.31867788946613
15.692174486003722
-84.67683856395831
-85.36291007533686
-51.80776388355932
-9.62001590199209
-37.420324898308955
95.26516520949528
-62.039726142769005
45.71781010444559
-81.33276840219679
96.02159809412066
-32.365102429816446
32.41103200291772
-83.67232881434832
85.91503441394747
64.72187783006595
63.85201777814095
80.92663022283949
-71.07712211922832
2.3954587111037853
-55.38499843177338
31.456218929757
-5.507219177172658
-93.79732608169253
6.039261015154992
35.607713261018375
-87.39708794389047
1.6092813105436932
45.313721160467196
-36.66071789498267
-55.68312189601712
72.03169491597626
-80.71746767346434
0.3896436524699851
59.973154047955035
35.99817329405107
-59.54546273467314
74.27838710517719
-72.18527313174326
80.43262999655803
-62.73658776450579
-94.69686227349901
-17.00617238250088
19.23444266668615
86.06392846233135
35.33829520249603
69.69303481952713
-54.28929854782552
61.2008537971889
83.88127398246172
-99.27885602465139
53.942948535995896
2.7232291938261
17.481959717401836
-6.81580209538852
-5.992902605633361
75.92611737074611
70.07265013725313
-71.22999142476259
-10.466694056231091
-3.931109620934464
16.590818800294954
80.14860200274629
-21.323414597293436
86.50459462140478
80.93653851737994
15.795413519343413
66.26324679391104
-7.56508773306561
59.610915285715635
-89.96844910221229
-17.394023849859238
10.588406438299742
86.10760538963288
-96.93769212464419
57.16428315784245
-60.92165232055136
82.15428387650388
-56.40001736397999
17.01136909043099
-44.0069593675505
33.62605184991796
-16.422736398168198
