-94.38339570101206
-15.841496165194087
-8.3737767955014
-22.6689640573408
-27.880550919285895
4.923288199226434
-17.7604809010176
-20.166393027747958
-25.849185228420637
-6.2131698670243765
38.887283150946814
7.686962401240564
38.4108850459053
92.94029570596854
-21.674168900304863
6.9470297664358185
-11.453528082693126
11.673286361276539
61.33510703589954
25.555035425877804
45.47509132679514
-74.26121529931433
-33.961845638922796
-96.85963226042232
76.32845826048708
-53.553152184207
-87.74725655699056
-38.23807011532201
50.00607547883749
25.49424290078042
-29.522501016542236
72.2985752254693
61.128504429189036
-3.990646140382424
-17.751764815974
65.31522364285439
-25.086706192841106
-68.20259408751619
83.94748412518118
0.9826464516607558
-35.39250667152716
-49.76756740451231
-42.475142464451785
-84.2813765422695
26.412847444249195
64.44207433796606
-73.17245619141319
-61.87451466284926
89.98437350547368
-81.4355999876106
-72.44692205717189
89.19052137782975
-35.76096226878714
44.80338016153678
19.359413742461797
-37.67112426762773
-5.404741187170117
-60.882165385327
19.060642113311204
31.732074950434253
60.32509357323181
-2.312752351659668
59.867676643357555
-87.95200244855938
-77.57883269049637
-90.71561239590753
-55.29427360063757
5.775146825510873
42.15562979802638
74.75735140342124
61.019790382419416
-83.13401056772017
-18.137350897951947
25.926862218199773
57.2472324955437
-31.708276054402447
-0.7223037199973135
-51.43308481730982
50.89301523006199
2.02515030750925
7.781069425164318
-18.520413042295502
35.71753551495195
84.65023215854814
-10.640573115761455
14.554135979699595
65.69083312692214
-73.69424193117631
-79.55702224483991
79.30384453926422
-0.29807369034320175
-67.27430447591297
-17.289676999533626
-42.50015276058252
-33.324879758393195
-19.740069514614717
-44.666776498728076
82.74801238363361
35.29894265315514
-41.32496988922105
