19.823679916899636
74.43035841881229
-30.120097944030746
32.24311989623493
-14.359986201263396
-10.550967346777512
25.79075554139854
40.54818336659366
-93.35585509209355
-41.20012618635967
-52.44846283036215
74.52867172638668
83.81245919358503
-63.66994183948267
-28.089773075425768
-34.51396911871518
-84.68805391840533
-4.634613402264279
75.23673611602905
51.29670659581683
36.14609250161047
27.92738719125576
26.992747012470076
-41.10566924244017
-83.13452735049181
91.9431449249424
-46.13460987591833
59.619118041164086
-30.434557641134944
-0.8817644108538616
75.52623818846669
-77.22676290102393
-75.20615352640488
71.31457662027836
67.32951394832395
-66.99666487355067
-57.95826829995754
-5.1389918240490715
-10.768169499792407
21.36976010675751
-18.839057876300316
83.32565347353409
-68.45997001983015
-84.41307305044965
-90.96907312218656
-73.54645415844789
-75.04841284549022
-7.5906472899730915
-6.315276618632964
-86.7862849540252
55.57935970852873
-9.092038539388142
-68.74649495410358
88.16714407161905
1.6028556434793302
99.38424059318095
88.58245679160191
76.44167517392981
-55.28017984910991
61.109873745281305
-11.400923279890932
16.446544302397285
69.38786756109224
-88.41821721172451
-72.00992767268772
-69.20776571435788
50.057005129193925
-95.06969350810851
-79.46156309590728
-51.96324079659067
-99.3041939067661
98.41104799777816
19.16139861723896
89.72086628696621
-1.9532891975721896
-69.50878478147129
64.72848815900872
28.491854737852435
55.79763549274816
-25.037591491850037
86.07407480634103
56.8442046784584
71.27088878818122
-8.165291139470668
-51.794384691924876
37.20219367721265
-62.44332453466161
29.06613892525928
41.99825318219038
-16.43663228680721
19.070745372398193
13.38198881635293
-69.02782085170382
-61.57744698952781
-12.361273632708333
67.56758409930453
64.61105254201226
-22.278194020005614
-58.93213702228572
-67.59029551742563
