31.426396891759055
-40.71897589495303
-36.428651682572166
10.346457164336684
25.965727316143443
10.365328254869752
-8.79081048436339
-78.17898807356647
-16.501582504732923
-69.66809922194051
-45.553636104217496
52.54383206045415
-93.69996457735724
-73.0578582925671
46.370434268990095
95.19933830103938
14.866537295837475
-41.614289261259565
-95.4966334683349
-92.77612998322952
1.669949687948602
-43.9338782334118
96.411816641885
-19.001090671905658
53.613927682465885
-72.929260342151
91.09522491401816
81.60161411157912
46.012617305073036
26.373355978622072
-55.26852915388483
64.89283893621896
-6.277276764135991
99.56765263850912
-64.79724738604648
29.69504106502123
95.64097110324909
-98.23533556777788
50.40284140289529
7.873152754382673
74.75708142397872
20.632029309893312
14.214701374903811
-27.824691935928442
-72.55260376046849
87.81736335318507
-39.41896356691159
-21.944394213249893
80.79196653479636
65.24877103099519
-8.045160272358956
-7.525068838847957
19.907123786500165
28.888686132965262
64.80921097289055
-38.16975267305411
11.79447557690682
-65.51162358178632
-45.224305254724854
-78.30881277203466
49.75521615492707
37.68737465564351
97.83342244730812
50.63037692742611
85.38032437022193
-84.56921714783714
-17.596505728827694
45.29171550817722
-17.73599271303665
-67.56248454087478
11.036329578124324
1.347153179075761
-91.34538422728151
-26.84924615580084
-61.76925956342287
91.44385711941169
40.34848969459438
-48.91460441972417
-73.92521000362764
29.249375156131862
42.53913001904698
-95.17655784560002
31.896072501670204
53.43924211333618
91.41308701006275
79.62684131830778
-92.43061976993803
66.63930392915077
-21.25036798477157
-90.5214870371303
61.803349005162715
-66.30997485342895
99.00163421613328
-37.38422814404239
65.59187263939037
69.24336592585698
69.24704909029816
89.87533975169012
22.89721992328353
-36.218735868490626
