-57.99562466039099
18.267236875000805
97.95732166180522
-74.30629188451422
-72.10548015987763
51.07850994812418
-68.16063081277603
68.70506848407777
30.800639503726615
31.204023688317506
78.2889104180322
-82.61577760395697
2.6419198448091947
-92.49087025029124
-80.57831371481743
82.88813224985464
-82.30056103670857
55.53133944840815
-60.78228171772242
25.311825645734288
47.39306226473133
58.97645665447021
69.66065405133091
-82.69576480733778
64.51255315210466
-37.17998103829512
10.039623553705937
-94.60694903270984
8.020414275967582
-52.782125163302965
37.619729547845566
64.49346834680068
42.248087104074415
75.11287968546131
-97.91801120911417
-54.354670589736244
-22.38352743235461
64.56657053911613
48.23160999654104
-36.07661218046976
-19.462229214003955
56.07743587350279
-24.306363087810496
-96.97725538501774
90.01308670254048
83.27696942833362
9.677768213499661
-57.487970782222895
89.00995774061485
37.046374877273905
-75.97601394183029
-30.332307800751806
2.093819339320362
0.1960717421116982
-96.63049364896304
-23.84910451338662
16.714323552535816
-55.15185508884388
4.253817725363859
-43.21833263488244
5.05896611565268
-27.1078894833134
-87.45079798440443
-68.01643125562444
-94.37182479185493
74.60847229908325
-68.59162316276077
-67.05032935089085
76.13194006400056
-55.62317235253755
-61.43276949437808
-78.1896589178003
91.82742794229705
-29.880291157777435
36.68565198513775
88.00706140898694
98.37259053341342
6.42838944733235
-54.379996604875714
27.309217612315265
38.911504433512846
71.83586598912837
59.259960258942726
-7.2941404878902745
-55.66214449019515
-27.950695316761326
51.142799221058624
44.73888275733776
-59.84104027339661
95.28613750145229
-39.99603517645887
14.767418383948609
-55.99319058860151
-76.41120066212977
-74.5347274135195
25.555120935725583
-24.99821068821953
-6.170089088527291
52.707486913980546
73.26751750493295
