55.228454511965
43.58057353197364
96.63151364964025
-50.338560644792096
6.68023218329887
-61.727945633368165
19.795794935095913
-75.14931261869795
-47.01398796216954
74.49069844687665
67.57197948340735
36.01852603807194
60.62324989171648
93.19379617849762
77.21703742242539
66.5782004830223
42.63629440082795
-49.89371287836721
-45.57506098445528
12.973531460364754
-24.933270156508172
-62.820608438717954
-52.61374090402629
87.40247717785908
85.65064263503638
50.32813798853141
42.01837130173516
91.838202534094
-31.81457739088671
61.314092683561086
31.75490314806561
-66.52285803602098
-6.955386687017807
72.77426943192097
-44.670215523485645
71.1473068173309
50.23169569867602
-22.952871197070706
74.99354418480664
64.46060322239947
-24.825940302972782
90.88325121348905
-77.71873004127701
-32.33214125820045
-11.171390180884671
73.21168359532979
-4.017836604668943
-28.745297495633707
-82.6150891753832
96.64477382133188
36.85937101445742
80.68585354982352
-51.482505023390516
70.40140942470106
-99.57929521970037
-95.12202468883632
9.905355743092485
57.376108125123835
-13.020753304905284
-90.05337374420613
-84.77244477617982
30.157496512958062
24.571353374559024
-13.918944437275016
-91.69513169149184
55.144219508023355
-73.56841134351643
-95.36325509510102
43.8791536955531
57.33645727175596
9.074360001333304
-32.46121074321189
-35.634689003438496
-64.11356280288886
-71.6494760299336
-7.337671210335543
-39.322803847069096
-96.86187338182857
98.54833190760849
-29.37474156933402
-64.63879834166433
-60.649923436770294
8.646229593951404
-87.50275510316328
66.66110808704383
-23.45159186598913
90.76360040514274
-10.774974522392668
87.39377768253667
96.21215924019009
88.30613399899298
-56.72538458577954
86.89959078987391
-10.182916786804427
37.14774272566433
6.756002594909987
83.91527408420657
-13.302928493224115
3.7890787451943453
-65.54768412500233
