-91.2414068547138
-15.575263894001637
7.410201668642415
71.58422237718182
-8.011729878611959
14.817819142999184
-13.500650086813408
57.98067834150547
27.493362554767515
76.42445264897702
-75.98180569452116
-54.06925782616086
-0.31794782427070345
-20.922630361618147
17.68171163027614
-84.2992235293965
-9.195027675271831
15.034202080968
-90.21737304628252
14.3216914031091
-47.644679026701844
-78.67045717293013
-15.323513855814738
40.494253381889564
87.78444928817072
-95.71562596718326
73.28068566284432
-42.99633725423462
-65.07627677352
-31.903018305904695
-80.56030031641924
45.35359545511045
95.1036690484732
92.54153754845137
61.94257803133527
21.26286268772013
84.04927047461294
5.086686512319403
-93.31327738191844
24.916508992318626
-54.942719861139764
-39.08858250394653
30.706709382742616
89.19680290053088
-83.36282182451802
68.66685098689078
12.968936298024516
72.98301869403875
-5.435642654993018
95.1068937379502
20.84616186766972
-54.27925650699024
-37.165972631060164
86.00029013661396
-99.5573336148925
11.980823558884964
-23.178545615525664
97.48815860663476
84.0747841704912
-64.4251817371746
9.786072366506104
-12.957879844399827
81.44281580537944
86.6989621740332
-0.7256643808800618
34.904763250597455
-55.81315339620683
-38.42891167658606
50.41044596183488
57.92454586845693
27.38501339143366
18.44322586288432
-29.073206341870602
-78.358686864016
-16.360623046689483
20.092992946796386
-70.2977462654735
89.74121105840891
-21.23703724585171
-69.54924764146796
83.80211408633
-60.080404765777004
-6.009496848925892
-55.182150586904164
-10.485891234056567
64.55567815049059
43.67733227134909
66.58951173139789
-1.4075147883353196
-15.377565017622643
-93.32698579545713
67.81281888219593
36.02644066349268
46.91776506284856
54.3506342203722
98.44111886645871
-38.53993021265518
-82.38252487789488
23.446583668040105
89.89159628581561
