-73.8040378013665
92.53948754067355
-22.97725025847768
44.45944177589368
0.19149875403181227
-80.85547155048145
58.09332338878747
-2.6948785856915265
-41.364064909937206
3.9779992746189947
40.02013827247998
6.040240106601203
-39.75582484326969
-54.784357765772576
-89.63990780319595
-47.36993430071266
79.83892926173826
34.4900459519566
18.284820430875158
-58.883856603582416
-72.72145309647362
-35.34938678918449
97.7122255597865
8.167061056254084
20.327199193335204
82.26864472994524
12.21202342451484
-43.97640088984311
-64.4487780388915
-94.56824403982952
82.6414420683436
90.37223814670665
-41.68391781034917
92.41567390021234
-97.86336235890832
97.00366873807096
-48.2917283813993
40.31326934719061
-13.262927160531191
-21.480030144081212
-9.195732031715067
84.62348854640297
95.8628131576543
98.01791985414343
-84.4236378899351
53.444429583643284
97.15625070126083
-83.50203467589895
9.799391358333807
-18.419741209836005
8.639953247106178
-18.644337571699793
65.13570264794609
91.69069649764467
-34.538575944924375
-6.196518959764163
76.31306601299431
-43.01717214975533
67.20920195341654
66.81516384178474
-26.59274871703188
-26.275543868420215
26.877929100177013
36.08311366352672
-78.50437193379295
-63.98963971142331
31.742172160115956
72.569757707751
-83.79374328028943
-61.0001684797161
-56.2415316235644
69.56562694468371
-46.29436425996087
-85.39743307362542
48.880002723440896
-4.220014155642701
-80.1865407074007
-99.89996484993395
30.21241107689451
-78.00723509378284
-16.24021903817288
75.1059671535557
36.575868845661574
-69.87809703672335
80.93372882137413
-15.431666755592005
-0.6285682233692711
-22.526322769166953
-35.7055286338658
81.67867494503892
-45.00070662947535
-48.000178542456105
3.2680122740050166
-10.467217439637963
-29.521878180939282
81.39319484121364
-33.9181419773908
-58.83422840606247
59.034500173032285
-9.607086905303674
