35.86730917868468
-93.15235300764317
58.53638195717983
-25.872014982630546
-18.322614626875634
21.35284812394444
-2.3478131651543066
-60.08166617494013
-16.1967924701391
-7.915803350796466
-27.94086568245588
67.90344041619764
58.215981689222076
-67.36111704382077
81.27383525307135
95.37816990768113
53.11536831495161
-62.597950466537156
-84.72173371189476
-94.40608917712518
14.09647983395486
-67.58997719619808
-87.56004470474026
-62.57717097355125
86.36574901021748
-72.85743486781186
-67.52822066599975
-33.01922503998507
54.62840799222249
-9.252525079631255
-4.2216813487783185
-58.26049836782268
-58.00453119414377
13.548574984778924
71.83814525492656
-31.574870806119776
-33.65751347620021
-15.11163760703434
-70.2775719038288
56.3687448435665
77.78970066975162
40.421557801718905
14.63973512883922
-61.64724163064861
-71.58557657671724
-84.10582326339791
56.88444967179299
-91.12423747435267
-66.79515785830131
-96.47353232306114
-34.396074024778116
-34.00583591987282
-47.843833477810136
88.3643841965478
70.89415191642024
21.24047861465121
14.441803695693636
-47.01656848084448
-80.93807797511576
-53.185777681367874
13.375992474464212
67.99220282586256
-73.84246165950591
-25.307391746519087
73.30722197663019
-98.17621924578685
-87.46459616648872
-15.970029944468052
-30.091800221544872
81.64348250671677
3.761855545133443
-82.2452082150482
-38.38988765157292
38.76875067145221
59.537541358490955
-62.79310279914536
-68.84705181110235
-58.61543809607963
66.90779203081311
-95.90313307608456
-71.69345650075186
-88.92314553443109
39.40479883500757
-4.469631306640736
-35.519831783118775
71.04990644677835
-86.6479285191108
-20.658237318270494
67.77664548947749
-94.0954331298171
65.5441267336023
-14.46218299677544
28.874588879249927
72.30939739393347
63.19176786727513
-50.21538072019427
35.07422266864103
71.99260548456806
-27.079667966014355
33.39056285212166
