42.27384207893161
64.69110371365574
-45.11613692237597
34.71808442968867
-88.39424168263827
-25.651510697486017
78.10503677128554
-37.357379042905634
95.7093108022284
-39.15811901799826
9.642216435796655
66.15266466086794
60.26939947433115
-76.58539845291403
68.17261635982379
38.00303928922281
-28.1726061534755
20.11579416385281
-51.689921180702505
-43.69092484755037
-26.280399811806518
-34.43405382199205
96.42642745831506
31.548246653785156
-51.08682209110689
-14.95818985327216
21.729630275858568
78.99735376795599
36.50179654119253
94.80867076574188
40.991501503533755
41.69573582133893
-43.984196965723754
-73.36739467329315
32.70988000284299
-72.65791864928062
-79.83082635078196
-83.92083420762901
-19.080176355735645
45.76236883683828
90.22313938877201
46.49947442968809
-58.56151993555794
-97.63032033775873
-25.470288170747253
-20.164178739715055
-2.4245192455680353
78.32219736245682
-54.97492873822929
-40.02618647139364
-14.235483491725276
-23.413144909530942
27.441420097555508
41.75482442431476
-31.45301112376457
-74.32811824900591
-97.26960532393056
-36.0286318742518
-10.446040562291415
48.116944253620034
-97.47003609634612
-76.46179412702286
-74.39582095559786
23.6995557644687
96.83884313947556
98.6516536189481
-25.1672743700543
-41.15564670400911
7.9683945542763155
-88.10086878713695
-30.962369776387135
-35.41951647629773
-79.30869192057179
10.516170554910246
-74.49176841889214
-14.537476263927587
37.58972568872164
-73.8580193210488
58.64850776431567
37.224002856931264
-11.531941669770134
70.33484524520668
37.036161405227375
-59.844684169966825
-9.58774547555889
21.463437032191152
-1.5894653478251541
-46.21744596697326
13.1009631005508
50.120442292720156
-97.67840204837432
93.68585842626365
34.64848592687804
8.031042052456044
-48.852346956375506
-14.47348260858756
59.159378540813066
20.327857513447682
-15.927250819608346
-8.80062747051835
