-59.69646565323039
-86.14592557693983
-68.57612170557337
11.583984286190699
81.77326650956914
95.95668334345046
98.43979006100099
-6.204694909007614
-42.02635829769803
-77.60687407405496
-79.89465505810372
67.02654590252627
-35.28718801892717
-36.64434607991858
93.92151710898423
-39.066749804500844
-36.42233838239717
41.975821487755695
-59.87872022111125
38.64735774279944
71.57121448204194
67.86227295949021
-50.65116295320966
-30.482985719391763
-41.50480271458172
35.30287007275484
-76.60103575102079
-75.61863782457579
-55.3457950927813
-19.64150661558645
37.322288556595396
21.524860906709378
-44.552377696296766
59.949124303120584
64.02950393760653
-14.936248128095329
-86.86082583019923
-52.34993018563701
-31.97095675156278
-32.02083166289695
55.625918389534434
-55.77177466024559
-5.900089097951806
-17.780336698550485
81.16770196944555
54.809922244288344
-9.14039540169071
17.934824992573553
-39.42452889736789
-21.809778410099767
-72.73198627128869
-42.718922943448725
4.574006039122395
-57.29182792814369
50.483818288037014
33.21938731287025
65.64883795348806
87.45788630710442
-76.67649568034875
-60.085341941285165
-21.7745034168868
18.676281704452833
5.597574396797029
-83.57588438164981
28.729377960665914
-51.031269199162786
-61.32243988712389
63.04965123278362
32.0257572292565
-54.608729129508134
72.28268075236747
85.16481854143763
10.165123167440228
-39.551789300334804
-36.57608220467132
75.67442559615708
-13.885010782000379
-63.98146603282038
-52.30348505631204
-38.55632617429401
-71.3724981790019
-7.833681800193972
-44.349284278661386
-12.342326446478722
68.62787896226749
-40.58152664751589
-9.99409105393896
-0.6116837798735304
83.68831949912962
-47.82998504383429
-46.11918954370622
73.46371520567405
-43.15415163732865
-49.179273164366876
62.96458916273153
-41.591076298383854
76.20151942939327
-55.59480694906425
83.36238340147258
1.0865258755449645
