13.495006702539314
99.32018772935527
-32.711854123909106
-33.778486814586614
76.60886524699765
35.69646318561482
-19.663709539159285
87.72712458059081
6.972453109479133
-27.56777206015191
-26.149200527713063
61.13457601445313
-48.823605226247956
79.52358426794206
44.10248417367745
-73.8831510777047
4.045444040059394
59.82418129507661
2.243092600730563
-14.357545689147315
2.4411612975243457
0.8137422794574576
35.70560577206402
-50.129486827469115
64.51336177602334
-40.224515722140765
-88.65025992686651
98.59887017337167
82.45421882319494
55.74416864437404
16.80456462575124
61.53894153405935
-39.423159691737084
-92.65956039422292
31.199815511129202
24.11602984673327
6.741776523923605
-79.37969615441223
-39.935093627026404
-51.6713771714232
-30.361593327761938
81.01811491554562
65.6343674037056
-28.87339491659158
-84.71777355560755
70.83625572417677
-0.11635976286154914
-89.03680379355885
-73.46822903065842
48.092721549133444
-69.72324715229934
20.129072532570575
-16.118728567678346
46.06387930665832
-31.278329136318987
-0.14742150650049268
1.7367955287746781
27.361091649414007
-96.32616186740108
65.68252101771316
13.568412916060524
2.408442705836535
-23.16322698673885
-74.0589611439766
20.53558539120361
53.00878865146956
-49.326651211463776
47.386383697761204
17.120758507717483
-0.6226359164346746
-74.71124720199968
-74.30093491934011
23.62979424685379
-32.27108824158907
81.66354829519281
67.05071209448553
51.88149375128967
-95.4457613573911
-80.27776993966964
-58.59231087973824
-81.46980146028433
-71.75752636521665
40.83713416056486
45.3822919613516
4.724197940446359
72.14255737281775
-91.05272188791639
35.621334735203845
54.56101519657156
76.22785299274935
-17.5627961046723
98.37067900689297
-54.943559617311564
84.11491448743809
88.45497465713706
6.1221072547237725
-34.82654177005546
9.277253236092122
30.22352893315184
95.81921797070183
