19.206923414498362
9.319511613275225
74.45878198091009
0.9180756040288713
88.43258933288931
-31.636719832444385
94.99847668009303
3.7079870388759133
-95.19392120780512
28.995093774242235
78.86932892339075
-26.717699251849638
-86.45176973147028
90.79429313361118
37.79894054023404
6.0351783726794395
14.978207047198126
-44.74369907688136
-78.21866555285051
13.5893631168383
77.61733811372798
82.08356285871551
42.22299560723778
70.51437702032217
-37.037225025825805
-48.63558716160892
-20.24189842154047
48.358553782787425
16.559225546763585
6.5040411619752945
14.135525428337488
-73.9813004098767
65.6837182247572
84.19771679479692
-44.6402663450626
60.46344919336627
18.780339166176233
5.308713194340413
-39.79396897217797
83.40030979175148
-35.77379501539359
44.62165781370794
-7.616424532943867
-13.576743365621297
60.953131553000276
22.901332627169424
-40.223955563929856
-92.24426043413034
-4.6643965697120535
-49.40436987809056
71.09755024972296
51.28048777014857
7.995597083647922
1.6046492648311244
43.69078335658625
68.92700981490174
55.56470705726457
-43.442622255947505
89.80472097380735
89.39227971837121
88.96529779504613
-65.28843251608072
-5.525740326434629
-13.091784440929871
15.381994147383722
49.41110459115811
-44.37020918796244
81.69261987949824
17.852106474312635
83.78907315912971
13.702115762989237
-61.83633192312881
-55.84793997242332
68.74493818668438
16.13403240607812
25.849594307505214
-48.30380782673682
12.86674051371621
-5.841303782991588
41.36765076693476
23.86549980963153
84.74272652296949
-42.231998938243365
91.22576002276526
17.41212883448935
71.02619330781371
18.37303668247148
70.23074897396563
49.01732719392734
68.61773472513357
-81.10142409355517
-34.24118945327315
-75.40765296028525
82.86551477780446
-75.06712528857864
-60.21203116085046
52.356712151501
11.464002692455466
-38.97947064065696
93.82926424139916
