95.26007770004452
75.74417953962504
13.098283014567016
-10.452638432726431
9.614696747981029
-35.18068478443068
-32.42159283345292
-54.07359248717167
19.341295359790408
62.3409278748648
-8.771934635589517
30.810446084086863
-46.03844882620618
-49.4732058911375
-35.387278663713644
-86.90734495345036
-45.98094274051974
-92.13215058056585
66.91008631349325
-17.52253746390396
42.68304348068526
-33.67381525283393
-21.409503068968448
35.9845479590868
24.370013267254365
-63.06474417533852
-48.405117149162244
72.22631573143428
10.866428545057573
-57.04876151628597
-93.1002513807443
-4.289730999906965
55.337006991082404
34.95401968924895
30.233542477196607
13.281766492725097
49.65046497605903
54.472379467878625
75.24557012364303
28.751631569745314
48.72131510664252
38.00142875496789
15.674838273192407
-91.15882732834473
-22.609674003874886
-38.75078069531388
-75.27194495951059
-32.04308166900225
-42.83727724020405
94.90308387879111
-27.785614050294157
-7.338954155191416
-21.784598497774923
55.504219049674674
-51.98273319676752
37.538318015470225
36.74172261871297
15.788440217887214
50.500872906377225
-30.078512312082623
91.1163599920803
86.34585011834088
75.10340617197937
-46.47658118382512
98.0773558352515
-45.81922094390774
-45.48080096403617
-53.14848317925047
50.193239173837696
51.29846517839934
37.851098328446625
64.7997927057639
59.23408644926346
-60.975017796955335
-50.86959270428626
53.623815419931674
89.86972204631658
-90.73307281229641
-13.352504311105932
-49.801815333167276
91.56382304528051
-96.1472702877467
-80.88069225323808
-3.3040832966182165
-72.13888075195267
-63.06254396374884
-49.59473822159297
-54.3553149506935
58.89927919712923
-74.5180319297494
-75.42558246800817
-77.33802196882436
99.73174170272765
15.707205922161663
74.89699033799505
-29.66803826673842
-56.325863733759604
-76.25750690474923
-79.9688825012294
5.7684357694995185
