-1.2349105627228028
-70.81893076429817
45.454484474644005
-61.261610771905104
93.79621770263037
-85.78634986490067
-52.9194270740621
-6.526554351131409
-4.286944784030354
-79.78305892623034
-42.680368470683284
-93.6601185876311
73.55314126458617
60.465538981329246
95.01730495900301
56.42534026574924
-40.722599847936735
45.834049732240175
-99.12668625645225
-39.35324068910659
-27.7159901290088
-55.48790517597757
76.59167354777273
-49.40954405163034
-29.732575558605873
-57.5633960592713
5.9961015780232
14.106556747480028
74.7873399800005
4.91958575825042
-94.07474693226622
-13.155826709640223
-49.51871474465981
-39.07028518779969
-52.81680984768968
-83.83750515305648
-61.07737034314971
15.258179084326073
27.25070397632288
91.50765836070761
-91.16654704345157
-88.50974383199619
-11.57057060063056
-38.842240988934115
-40.77877890025685
-61.589500252430284
-84.79775998577588
62.681434334328884
-66.46481060168314
-97.99867276398473
89.63356858934583
-66.07744417335527
-6.0193527979552925
-65.6224756818051
-77.32584182241833
70.85611200386555
48.258916445402804
29.53095626149468
-26.305753145513336
-9.447573333101872
98.08388793690071
-97.4129892296823
-70.09539577129138
36.95172703762873
83.309440903666
-95.62675713424518
59.9026664258823
-47.110642084666225
-90.55714484849275
57.05332626396432
-73.5473552945513
56.92362430467736
-79.89431557211017
84.12013943779411
56.56698946597254
58.01456172988429
-5.671446706444257
-69.1583524563586
-98.78202723382647
-47.24323736069067
9.673998659186097
-54.928671232440365
-53.82959650234944
-43.19468284737926
39.554022529108636
55.32614485558088
-52.358123511257034
61.42720682257999
-59.451104584675754
14.71961551858385
-76.83184172813617
-25.48458877964717
-58.74139268036607
55.55618084979474
-75.05692678996043
15.317076633386591
68.02861074629612
25.97599220137974
50.64317423315049
-56.334600724900376
