4.040778277651171
91.44830171053474
80.64034075885857
52.21160379513745
27.984725749223458
94.62785871688382
4.409276560510904
-84.72213611193244
-45.79401674808767
56.165568295976556
24.67577509369943
6.239768483548929
96.029102077651
29.98927676001267
-29.669992282526607
6.484207430997628
-19.012326469478765
-69.79767758638584
-41.51449859186458
-25.11230908226807
44.87789486608091
-74.42382078068668
-15.892110788295184
-68.93182548479
-10.253325714770085
-8.231945850829064
-44.028897608120964
-39.10374191039134
-30.41955704961245
8.084160248559442
95.27315813175079
-55.621727492538554
-69.50322619927613
45.19755340179802
9.206502429634853
-22.845906979059578
65.57516837129504
-45.133795404632096
23.29788129256481
-79.85752697584951
79.29671489346975
-85.90443467481286
-70.81009849054196
47.641438625391686
43.75655035518662
-96.45178378624747
-39.02212699473506
-8.716823748486235
-38.9540093935051
18.214525719539566
-0.02434708080967596
-93.99551205625691
-56.558065361583964
-72.44975502020922
-32.73517900403611
-42.76632740521833
-4.741133992107166
-71.63531486387868
-87.21949661206204
6.950042702338848
3.8770113847075294
-44.38265779577575
-94.47093288030433
-85.61550498476231
-43.65466767267634
-47.71432634319057
-21.209400558318833
-3.9017202398713664
64.26322402190016
3.786405898421208
-3.238310087744381
-70.79429237279331
35.72002440591811
20.340511927022547
72.49385585156193
48.04954705489135
-13.690652642662599
30.85639319660538
76.98779820102206
5.660041417309003
-40.749040049802
22.778949353297605
-50.15637817359775
58.19507788352806
-49.084990656958325
60.09195637595778
8.562566977565638
72.59006286448738
-84.10422474064107
-22.43224367996632
-80.83338092630837
-59.60830852980745
63.221480193060586
-41.076447379173665
-21.639492432886584
-42.267969228294014
64.89552964330846
-91.64250035195833
-45.18210116907275
96.16231794456417
