54.64554762525211
-45.16347199936202
39.52148104091228
68.10765200092746
-57.071741013771614
67.90717417508074
-43.01624457903681
42.40567925521688
5.398228161373652
-62.400625455000444
86.12914287493018
42.55976052489916
41.53908132472898
94.9165051849468
39.18087704838982
33.14918489993852
5.6786487363361005
90.13629563098849
-91.40792070787339
-80.23396523074851
62.11530590558209
-88.98106540815218
42.75494823280303
-96.40581571962663
-52.59614731517877
-9.705161410648373
81.92384774421507
-58.73975154776518
36.633447577443235
67.17105378554822
-85.07811322834655
-15.007205635490763
-50.49835161291873
-64.54445510943017
28.579490116328998
32.85319243096578
32.30059684962629
-94.39928315297155
-87.2282286431642
91.4760595380252
-81.29789786756392
0.25106056040003466
-17.322451077935796
-70.15234854527372
-5.095992009282384
-79.00554386332111
-32.57750062634818
62.43213547023578
69.2534139925612
-46.941431298727345
92.28834732176102
-27.17721631723873
-20.630151287050083
-97.36146214206917
-21.44246129335967
56.02587123074761
64.73553891887761
25.95300684813924
26.0135620066674
-87.62121661887508
76.69734930529239
-5.19929469603116
80.30014704840156
-88.2231645869809
-81.71114374602917
-21.304765050718416
-93.2230385341676
-59.16097845889659
13.785741433970486
-5.4948789276704275
-37.2466769550011
-4.8590762518331445
92.34204956760092
6.442770042260349
-40.84856961015142
-69.81366712466273
72.50553805836688
-27.222802280716422
99.24163703187457
-12.19107194874411
65.59336172154161
28.752829519147554
50.23631953957852
-18.857763884410076
-32.11158345819101
-9.535826136005298
90.54525930911333
65.1975370433405
-80.36427534438442
86.03986389709712
28.288305088937193
99.30565458601265
-32.25362674367402
18.005559560039558
-0.48019933636267353
91.39612421150477
1.3911540679480083
56.56444978681989
7.037968030008017
-60.65969506388578
