98.19353779895371
-37.33529559355908
42.75577465199714
-55.83760504575219
83.21438198637705
49.2075943967574
-88.66425033340839
4.129310121546226
-67.22453400291018
32.54376834991646
-24.898385584155534
73.76571676240746
-66.93581432807562
3.19789029567319
40.88586753779094
-93.78227989389909
-94.20167379636675
-65.56719635887217
12.099102210534767
52.072406984504966
38.72487765350087
-87.95412330126922
-46.61350405942901
54.40781833525952
-69.32308031613515
-93.58953094020161
-84.39161282624474
49.16516668014438
-19.44407294868509
92.84772285820654
-30.96836225238839
-57.63360517625977
-4.08742870459686
52.75206202262106
6.479212710882095
54.983855943096614
65.59933524997979
-96.20524469531469
54.77037748226155
-48.54396837353801
-10.27497803712896
63.6674695966864
-19.296187935680038
69.8379081092726
-80.69936320194613
-44.81174297111763
25.162932751814665
-62.498231100503986
75.16892864760848
-31.504293359118833
-77.08680032244528
-65.26306342480163
56.64400597411887
33.83167171956384
-2.7473935272009413
-18.243784142717146
23.132123092841866
76.26663491541979
-81.15401924014694
54.857572772953006
-92.47323647578607
63.41944847549004
22.66644093822927
35.76938172001627
-81.43142733739865
-50.88709591689744
93.62888001281257
-34.98782713282185
63.479013678311446
-90.08453306809348
38.33237063886662
-36.943450837773014
94.30264716367736
47.849049691703414
-52.71322835535888
-42.81816461899206
-6.792939150341056
-0.85972892197546
94.73436384548546
-46.929695774748566
89.95317660435333
-32.838200165840135
-62.63390297779989
48.85681850634322
-76.10603308620236
44.66218562923322
55.39200206804455
48.86560547418833
20.361819620654458
0.9801772511289499
48.86968622331392
81.29781406234619
56.02471104660222
-59.93350105922883
-86.2531007045118
-52.90251158376833
50.98336358529531
-88.53973002162452
83.05903605189297
55.556264756554185
