3.921884012383714
-56.9406540173423
93.99001621645587
39.021260252848094
50.87637844559791
-14.877150712647548
-11.287383236782603
97.89862622809889
-15.225408226040216
39.86195934887132
-26.48392019124715
48.15116056638519
-10.002183312682462
-65.22400995932549
-65.0312290918155
3.4765111927157193
72.17694014854285
-44.94816957416437
-19.356342281455312
42.592557971107595
-81.76837125405669
-53.171023399097336
-30.46708016555364
45.31436166808655
-42.196552273722055
32.926069516245235
-36.515541894835145
26.02464058122773
87.52019937158317
-8.38995745387507
-11.043462016809812
59.30856105906125
-99.23564925030432
27.52982350628021
-94.95444303937006
5.194849269351721
59.71631353340766
76.3200511051526
24.63559651091431
-69.35640007929484
-83.12511487891715
-68.83387830899015
-72.20392642662488
-85.73333296907299
30.726626109014404
90.06268185122036
-52.73230915236591
88.81778296951126
38.31642338687456
21.510611261851537
-98.11734092312172
41.14772572965995
46.97435640621907
49.452655406077156
37.616228313621406
-41.34747684743725
-79.36806386579039
99.60566900509716
17.26129374019203
6.335537456220621
-80.38240227437028
29.705745071998535
92.43798554596594
-27.342235618878007
44.80791411656716
-48.193328093747056
84.93935300048946
-72.05511785026826
-94.42093848113792
-58.358233027238086
24.656696048556938
-97.65112899684763
34.630777569138274
94.48941207127893
39.21680740630714
-68.12726174860072
22.800752358616577
-49.563988257297666
66.16730596668384
-55.81554150637555
71.29162250679491
7.953226575206983
27.07352779486638
35.32953606567918
57.25684725773195
-44.88375738719499
-65.35223589762798
-13.889674551229973
-18.089174729539124
12.488834077434944
26.848688893952314
38.8507623965306
-69.54240693732983
-35.09570594293858
13.76013675006564
-31.184446450294217
45.72960391053928
22.281536997135404
-80.98273273292811
30.260860016464306
