-91.67362462395022
-57.54657843781714
-31.243952892622005
59.91279771635604
-13.798614980440064
-42.801531243107725
-18.35348505235217
88.80730168501185
-53.7661663293519
19.50043629177192
-58.52025166270727
-90.05762697862667
62.30783396581009
23.40850494085744
44.321384324255035
-96.56796320239087
63.8895199847496
-40.36399161511453
43.93024011735079
76.24454050683983
-16.565708526315177
-48.87892276362366
19.233544514808784
-87.4469234965751
-84.0806189710645
-53.235025779783115
-80.73993192091022
9.823872633451387
41.86386689239353
-92.3622934028263
67.38611672591642
-31.786224457144144
-79.93438914301186
89.71836230384358
-4.434365684309256
49.911322269613265
-77.05614999746334
-79.33225265993984
9.213727781633281
56.13703871461129
-98.07570047600238
-15.340176098151275
55.166101573154975
77.42448942094882
84.41720373046965
25.225148292105516
58.510913896384864
-95.28393403439186
-86.20683653473864
0.413181230810693
91.8927253564228
-30.683482805337817
98.1175273321401
-11.740618513999195
48.49899046557917
-92.76027533599984
-36.33676452028423
30.358661826703013
-94.3364426943528
-24.648170937202465
-71.85063318050177
87.77083475997324
22.5623451752964
50.28435242725476
-57.20489614818387
45.151856395666385
-48.818408403124344
57.382755062885394
-53.11362079768629
-1.7302469389340018
-95.7684846640096
61.552747922695545
38.51727254509089
84.13378751919211
62.63739708683215
77.468946557376
-57.050675307295265
-29.738897294263438
-74.61054922794361
65.74871507210898
-16.63298261087624
-3.0664387911622555
36.59060225988816
-3.8720234812547005
14.631256289006728
-93.65331284619538
-66.71051956453265
-69.95658096024022
-83.1449891936831
48.47640841570711
31.001046389613208
90.50079110650339
-88.83075239980151
52.1396751271939
27.461306946153456
-80.49507673581795
-98.93608826938578
-21.01448157116117
84.5184282766709
70.08530896619015
