-53.972757257621275
38.866383959680945
0.7884978373921854
79.56629636269665
65.08324244643913
-89.69194731080722
-95.09880265890469
69.75876900010937
-60.52927962495352
-53.94579039336848
-42.85659598734153
86.71145966874792
97.31059930904058
-54.57802389373481
-52.01815239027763
77.96812419426183
-1.145862443984754
-98.85599722452237
37.99434874261485
-88.06096205395295
54.217796259978456
10.490887394477497
-56.61630597043577
33.542382812428485
10.992894373384203
1.7067938504357016
-79.25195846806585
3.8930370821748284
95.98072444714916
-27.55962828064294
49.61799273324897
-67.72054041795512
-60.63937087810598
38.629939359370326
-99.62003094169607
66.58852029300266
-67.87170402431627
65.87982072423989
-63.751604386154945
-53.30138598774277
4.68113852043399
96.51823607387172
28.43035792292895
-60.64912779786429
-84.78690073266606
-37.968073018481576
70.75181441786032
13.590794940176167
93.0846729472429
16.0131180667142
-55.91761632962877
7.3586067704221705
-51.53845952147522
-35.99379901686328
94.26192456786515
-73.5462394643942
25.526781518330125
13.92428966752523
-4.030727221928188
14.639401792100642
20.933996167492737
-33.58896917979418
79.01743866422552
-36.81291957174855
92.1943730995473
-54.13144230701701
-80.02291887789264
-12.325698821858808
92.8762950762937
-95.3322741419486
-52.854346499231575
82.08279084913957
26.8604343662403
-80.67396960137927
77.49609964983588
34.601963895853316
67.80643461191602
38.3631282664889
-3.2231575637276677
-76.04789514847945
66.33768490765789
-86.24327654389407
-12.742111640373082
-78.17416276493752
84.02763000080097
81.19822021927601
-52.50242057752028
71.1376185215953
90.70099200270673
42.81800189451971
-92.43935028506999
-87.69899328629837
16.85517099288056
-68.26228454035366
29.605286884707482
-23.204385803050755
10.633322088750162
67.57159982154201
58.94784952688613
59.27981209441518
